output/FuelTest/1/quervelu_BA_Age20_Age150_0.asc
ncols  20
nrows  20
xllcorner  0
yllcorner  0
cellsize  30
NODATA_value  -9999
0.000000 0.000000 0.000000 0.000000 0.000000 0.000000 0.000000 0.000000 0.000000 0.000000 0.000000 0.000000 0.000000 0.000000 0.000000 0.000000 0.166797 0.166797 0.166797 0.000000 0.000000 0.000000 0.000000 0.000000 0.000000 0.000000 0.000000 0.000000 0.000000 0.000000 0.000000 0.000000 0.000000 0.000000 0.000000 0.000000 0.166797 0.166797 0.000000 0.000000 0.000000 0.000000 0.166797 0.166797 0.166797 0.000000 0.000000 0.000000 0.000000 0.000000 0.000000 0.000000 0.000000 0.166797 0.166797 0.166797 0.166797 0.166797 0.166797 0.166797 0.000000 0.166797 0.166797 0.166797 0.166797 0.166797 0.166797 0.166797 0.166797 0.166797 0.166797 0.166797 0.166797 0.166797 0.000000 0.000000 0.000000 0.000000 0.000000 0.000000 0.166797 0.166797 0.166797 0.166797 0.166797 0.166797 0.166797 0.166797 0.166797 0.166797 0.000000 0.000000 0.000000 0.000000 0.000000 0.000000 0.311057 0.123116 1.943172 0.392641 0.166797 0.166797 0.166797 0.166797 0.166797 0.166797 0.000000 0.000000 0.000000 0.000000 0.000000 0.000000 0.144382 1.598964 3.568191 0.250973 0.678477 0.000000 0.000000 3.924130 0.166797 0.000000 0.000000 0.000000 0.000000 0.000000 0.000000 0.000000 0.311057 0.000000 0.000000 1.058678 0.000000 0.928417 0.655271 0.196321 0.494141 0.311057 1.011453 0.651891 0.000000 0.000000 0.000000 0.000000 0.144382 0.144382 0.000000 0.655271 1.672066 0.558753 0.240001 0.000000 2.015262 2.542663 0.494141 0.000000 1.176113 0.649056 0.567120 0.158417 0.144382 0.144382 0.144382 0.144382 0.144382 1.458772 1.799849 0.196321 1.672066 0.806650 0.806650 0.494141 0.005426 0.242592 0.651891 0.468685 0.087361 1.921214 0.122431 0.392641 0.144382 0.144382 0.144382 0.144382 0.043681 1.018159 0.537822 1.274671 0.264670 0.392641 0.264670 1.943172 0.342763 0.000000 2.460416 1.458772 0.379406 4.724044 2.460487 0.913725 0.000000 0.144382 0.144382 1.018159 1.880016 1.018159 0.043681 0.379406 1.274671 1.176113 1.943172 1.023135 0.342763 0.989878 0.000000 0.392641 0.928417 0.468685 0.264670 0.392641 0.000000 0.144382 0.144382 1.018159 1.018159 1.018159 1.018159 0.558753 2.015262 4.724044 1.060910 3.210152 0.956583 0.342763 2.542663 1.209162 1.516719 1.516719 0.840396 0.265568 0.144382 0.144382 0.144382 0.043681 1.018159 0.162114 0.043681 0.043681 0.943700 1.023135 0.000000 0.956583 1.715747 0.342763 0.506945 1.475745 0.679394 0.398418 1.475745 0.392641 0.144382 0.144382 1.018159 1.018159 0.162114 1.018159 1.018159 0.043681 0.043681 0.196321 0.158417 0.806650 0.928417 0.114736 1.874519 0.392641 0.913725 0.507377 1.279424 0.857362 0.144382 0.144382 0.162114 1.018159 0.162114 0.043681 0.162114 0.043681 0.043681 0.265568 0.507377 0.000000 0.966321 0.000000 2.209888 1.184724 2.460487 0.158417 0.264670 1.516719 0.144382 0.144382 0.043681 0.162114 0.162114 0.043681 1.018159 1.018159 0.000000 0.000000 0.398418 1.516719 1.510943 0.678477 0.392641 1.516719 0.000000 0.398418 0.264670 0.400336 0.144382 0.144382 0.144382 0.043681 1.018159 1.018159 0.162114 0.162114 1.018159 0.120162 0.507377 0.855809 1.209162 1.209162 0.158417 0.352031 0.840396 0.398418 1.279424 0.507377 0.144382 0.144382 0.460990 0.460990 0.460990 0.460990 0.162114 1.018159 1.018159 1.018159 1.018159 0.000000 0.392641 0.392641 2.460487 0.392641 0.392641 0.000000 0.264670 1.287907 0.144382 0.144382 0.460990 1.361009 0.196321 0.469473 0.460990 0.460990 0.460990 0.043681 0.043681 0.162114 0.158417 0.392641 0.857362 0.158417 0.400336 1.475745 1.007295 1.208369 0.015390 0.460990 0.144382 1.361009 1.710993 0.371354 0.554000 0.158417 0.460990 0.460990 1.018159 0.162114 0.000000 0.400336 0.000000 0.120162 2.460487 1.361009 0.594739 1.701127 