output/FuelTest/1/TotalBio_0.asc
ncols  20
nrows  20
xllcorner  0
yllcorner  0
cellsize  30
NODATA_value  -9999
0.000000 0.000000 0.000000 0.000000 0.000000 0.000000 0.000000 0.000000 0.000000 0.000000 0.000000 0.000000 0.000000 0.000000 0.000000 0.000000 0.869561 0.869561 0.869561 0.000000 0.000000 0.000000 0.000000 0.000000 0.000000 0.000000 0.000000 0.000000 0.000000 0.000000 0.000000 0.000000 0.000000 0.000000 0.000000 0.000000 0.869561 0.869561 0.000000 0.000000 0.000000 0.000000 0.869561 0.869561 0.869561 0.000000 0.000000 0.000000 0.000000 0.000000 0.000000 0.000000 0.000000 0.869561 0.869561 0.869561 0.869561 0.869561 0.869561 0.869561 0.000000 0.869561 0.869561 0.869561 0.869561 0.869561 0.869561 0.869561 0.869561 0.869561 0.869561 0.869561 0.869561 0.869561 0.000000 0.000000 0.000000 0.000000 0.000000 0.000000 0.869561 0.869561 0.869561 0.869561 0.869561 0.869561 0.869561 0.869561 0.869561 0.869561 0.000000 0.000000 0.000000 0.000000 0.000000 0.000000 6.446994 1.787181 18.502043 5.381319 0.869561 0.869561 0.869561 0.869561 0.869561 0.869561 0.000000 0.000000 0.000000 0.000000 0.000000 0.000000 0.798814 14.567472 34.117718 2.898019 9.328529 0.000000 0.000000 41.385188 0.869561 0.000000 0.000000 0.000000 0.000000 0.000000 0.000000 0.000000 5.089343 0.000000 6.168272 10.515124 0.000000 9.347523 9.381666 1.990290 9.858431 5.089343 10.843175 8.691665 0.000000 0.000000 0.000000 0.000000 0.798814 0.798814 0.000000 9.381666 16.344085 6.638713 2.177630 6.168272 20.204653 23.279799 9.858431 0.000000 10.758422 6.243055 6.133436 1.242744 0.798814 0.798814 0.798814 0.798814 0.798814 13.675954 21.558919 1.990290 16.344085 9.871386 9.871386 9.858431 0.000000 3.533232 8.691665 5.332104 1.032679 24.703099 5.525093 4.842998 0.798814 0.798814 0.798814 0.798814 1.846943 9.889728 6.240768 11.319096 3.264967 5.381319 4.661787 18.502043 9.344634 0.000000 25.803116 13.675954 5.304450 46.307281 23.729905 8.529366 0.019343 0.798814 0.798814 9.889728 22.514362 9.889728 1.846943 5.304450 11.319096 10.758422 18.502043 12.740499 9.344634 7.370818 0.000000 4.842998 9.347523 5.332104 2.910183 4.842998 0.019343 0.798814 0.798814 9.889728 9.889728 9.889728 9.889728 6.638713 20.204653 46.307281 10.792763 38.679864 12.580750 9.344634 23.279799 10.298662 18.050720 18.050720 12.196299 2.576462 0.798814 0.798814 0.798814 1.846943 9.889728 5.508344 1.846943 1.846943 11.820481 12.740499 1.314730 12.580750 17.864048 9.344634 5.389536 17.300891 7.944550 4.166702 17.300891 4.842998 0.798814 0.798814 9.889728 9.889728 5.508344 9.889728 9.889728 1.846943 1.846943 2.801758 1.242744 9.871386 9.347523 3.805658 16.511104 3.710278 8.529366 9.946629 16.829036 11.712910 0.798814 0.798814 5.508344 9.889728 5.508344 1.846943 5.508344 1.846943 1.846943 2.576462 9.946629 0.405734 12.076674 1.318633 23.009260 10.942698 23.729905 1.242744 2.910183 18.050720 0.798814 0.798814 1.846943 5.508344 5.508344 1.846943 9.889728 9.889728 3.286667 1.186578 4.166702 18.050720 14.604874 9.328529 5.381319 18.050720 1.186578 4.166702 2.910183 10.000856 0.798814 0.798814 0.798814 1.846943 9.889728 9.889728 5.508344 5.508344 9.889728 0.959274 9.946629 6.242761 10.298662 10.298662 1.242744 10.344132 12.196299 4.166702 16.829036 9.946629 0.798814 0.798814 4.857887 4.857887 4.857887 4.857887 5.508344 9.889728 9.889728 9.889728 9.889728 1.186578 4.842998 3.710278 23.729905 3.710278 4.842998 3.286667 2.910183 14.016342 0.798814 0.798814 4.857887 14.733898 3.414013 13.841210 4.857887 4.857887 4.857887 1.846943 1.846943 5.508344 1.242744 4.842998 11.712910 1.242744 10.000856 17.300891 18.236153 14.065006 0.254686 4.857887 0.798814 18.909340 15.565057 5.933956 4.556183 4.460547 4.857887 4.857887 9.889728 5.508344 5.054112 10.000856 5.054112 0.959274 23.729905 14.733898 5.471285 18.773634 