output/FuelTest/1/TotalBA_0.asc
ncols  20
nrows  20
xllcorner  0
yllcorner  0
cellsize  30
NODATA_value  -9999
0.000000 0.000000 0.000000 0.000000 0.000000 0.000000 0.000000 0.000000 0.000000 0.000000 0.000000 0.000000 0.000000 0.000000 0.000000 0.000000 0.169445 0.169445 0.169445 0.000000 0.000000 0.000000 0.000000 0.000000 0.000000 0.000000 0.000000 0.000000 0.000000 0.000000 0.000000 0.000000 0.000000 0.000000 0.000000 0.000000 0.169445 0.169445 0.000000 0.000000 0.000000 0.000000 0.169445 0.169445 0.169445 0.000000 0.000000 0.000000 0.000000 0.000000 0.000000 0.000000 0.000000 0.169445 0.169445 0.169445 0.169445 0.169445 0.169445 0.169445 0.000000 0.169445 0.169445 0.169445 0.169445 0.169445 0.169445 0.169445 0.169445 0.169445 0.169445 0.169445 0.169445 0.169445 0.000000 0.000000 0.000000 0.000000 0.000000 0.000000 0.169445 0.169445 0.169445 0.169445 0.169445 0.169445 0.169445 0.169445 0.169445 0.169445 0.000000 0.000000 0.000000 0.000000 0.000000 0.000000 0.945046 0.318280 2.154653 0.602201 0.169445 0.169445 0.169445 0.169445 0.169445 0.169445 0.000000 0.000000 0.000000 0.000000 0.000000 0.000000 0.145072 1.669125 3.700072 0.464084 1.101727 0.000000 0.000000 5.105189 0.169445 0.000000 0.000000 0.000000 0.000000 0.000000 0.000000 0.000000 0.710141 0.000000 0.734263 1.062857 0.000000 1.196065 1.074394 0.223493 1.327727 0.710141 1.297549 1.280029 0.000000 0.000000 0.000000 0.000000 0.145072 0.145072 0.000000 1.074394 1.825405 0.825097 0.252700 0.734263 2.068275 2.648247 1.327727 0.000000 1.325757 0.805752 0.824944 0.159705 0.145072 0.145072 0.145072 0.145072 0.145072 1.538240 2.289862 0.223493 1.825405 1.131388 1.131388 1.327727 0.005426 0.471196 1.280029 0.578379 0.167104 3.072115 0.769615 0.580303 0.145072 0.145072 0.145072 0.145072 0.346419 1.281380 0.710456 1.275557 0.364242 0.602201 0.532247 2.154653 0.926648 0.000000 3.370850 1.538240 0.664423 4.877031 2.530180 1.061954 0.005297 0.145072 0.145072 1.281380 2.333280 1.281380 0.346419 0.664423 1.275557 1.325757 2.154653 1.754916 0.926648 1.046614 0.000000 0.580303 1.196065 0.578379 0.326426 0.580303 0.005297 0.145072 0.145072 1.281380 1.281380 1.281380 1.281380 0.825097 2.068275 4.877031 1.338762 4.324428 1.353497 0.926648 2.648247 1.247371 2.015048 2.015048 1.542607 0.495809 0.145072 0.145072 0.145072 0.346419 1.281380 1.033529 0.346419 0.346419 1.532027 1.754916 0.307494 1.353497 2.038357 0.926648 0.808687 2.105639 1.163389 0.537425 2.105639 0.580303 0.145072 0.145072 1.281380 1.281380 1.033529 1.281380 1.281380 0.346419 0.346419 0.338041 0.159705 1.131388 1.196065 0.428158 2.026111 0.405783 1.061954 1.455748 2.217991 1.556612 0.145072 0.145072 1.033529 1.281380 1.033529 0.346419 1.033529 0.346419 0.346419 0.495809 1.455748 0.057495 1.587384 0.181651 2.601401 1.339380 2.530180 0.159705 0.326426 2.015048 0.145072 0.145072 0.346419 1.033529 1.033529 0.346419 1.281380 1.281380 0.408409 0.237374 0.537425 2.015048 1.550814 1.101727 0.602201 2.015048 0.237374 0.537425 0.326426 1.495934 0.145072 0.145072 0.145072 0.346419 1.281380 1.281380 1.033529 1.033529 1.281380 0.122810 1.455748 0.895343 1.247371 1.247371 0.159705 1.577716 1.542607 0.537425 2.217991 1.455748 0.145072 0.145072 0.519599 0.519599 0.519599 0.519599 1.033529 1.281380 1.281380 1.281380 1.281380 0.237374 0.580303 0.405783 2.530180 0.405783 0.580303 0.408409 0.326426 1.723455 0.145072 0.145072 0.519599 1.651944 0.463664 2.048925 0.519599 0.519599 0.519599 0.346419 0.346419 1.033529 0.159705 0.580303 1.556612 0.159705 1.495934 2.105639 2.626384 1.687397 0.055723 0.519599 0.145072 2.413098 1.772847 0.858483 0.591187 0.749165 0.519599 0.519599 1.281380 1.033529 0.512838 1.495934 0.512838 0.122810 2.530180 1.651944 0.656671 2.217598 