output/FuelTest/1/TotalBasal_AgeRange_0.asc
ncols  20
nrows  20
xllcorner  0
yllcorner  0
cellsize  30
NODATA_value  -9999
0.000000 0.000000 0.000000 0.000000 0.000000 0.000000 0.000000 0.000000 0.000000 0.000000 0.000000 0.000000 0.000000 0.000000 0.000000 0.000000 0.169445 0.169445 0.169445 0.000000 0.000000 0.000000 0.000000 0.000000 0.000000 0.000000 0.000000 0.000000 0.000000 0.000000 0.000000 0.000000 0.000000 0.000000 0.000000 0.000000 0.169445 0.169445 0.000000 0.000000 0.000000 0.000000 0.169445 0.169445 0.169445 0.000000 0.000000 0.000000 0.000000 0.000000 0.000000 0.000000 0.000000 0.169445 0.169445 0.169445 0.169445 0.169445 0.169445 0.169445 0.000000 0.169445 0.169445 0.169445 0.169445 0.169445 0.169445 0.169445 0.169445 0.169445 0.169445 0.169445 0.169445 0.169445 0.000000 0.000000 0.000000 0.000000 0.000000 0.000000 0.169445 0.169445 0.169445 0.169445 0.169445 0.169445 0.169445 0.169445 0.169445 0.169445 0.000000 0.000000 0.000000 0.000000 0.000000 0.000000 0.945046 0.318280 2.154653 0.602201 0.169445 0.169445 0.169445 0.169445 0.169445 0.169445 0.000000 0.000000 0.000000 0.000000 0.000000 0.000000 0.145052 1.669125 3.700072 0.464044 1.101727 0.000000 0.000000 5.105169 0.169445 0.000000 0.000000 0.000000 0.000000 0.000000 0.000000 0.000000 0.710121 0.000000 0.734263 1.062857 0.000000 1.196065 1.074394 0.223493 1.327727 0.710121 1.297529 1.280029 0.000000 0.000000 0.000000 0.000000 0.145052 0.145052 0.000000 1.074394 1.825404 0.825097 0.252700 0.734263 2.068275 2.648247 1.327727 0.000000 1.325757 0.805752 0.824944 0.159705 0.145052 0.145052 0.145052 0.145052 0.145052 1.538239 2.289850 0.223493 1.825404 1.131388 1.131388 1.327727 0.005426 0.471196 1.280029 0.578379 0.167104 3.072114 0.769615 0.580303 0.145052 0.145052 0.145052 0.145052 0.346419 1.281379 0.710456 1.275557 0.364242 0.602201 0.532247 2.154653 0.926648 0.000000 3.370850 1.538239 0.664423 4.877031 2.530180 1.061954 0.005297 0.145052 0.145052 1.281379 2.333280 1.281379 0.346419 0.664423 1.275557 1.325757 2.154653 1.754895 0.926648 1.046614 0.000000 0.580303 1.196065 0.578379 0.326426 0.580303 0.005297 0.145052 0.145052 1.281379 1.281379 1.281379 1.281379 0.825097 2.068275 4.877031 1.338762 4.324408 1.353497 0.926648 2.648247 1.247371 2.015048 2.015048 1.542607 0.495749 0.145052 0.145052 0.145052 0.346419 1.281379 1.033427 0.346419 0.346419 1.532027 1.754895 0.307482 1.353497 2.038357 0.926648 0.808687 2.105639 1.163346 0.537424 2.105639 0.580303 0.145052 0.145052 1.281379 1.281379 1.033427 1.281379 1.281379 0.346419 0.346419 0.338041 0.159705 1.131388 1.196065 0.428158 2.026111 0.405783 1.061954 1.455728 2.217991 1.556612 0.145052 0.145052 1.033427 1.281379 1.033427 0.346419 1.033427 0.346419 0.346419 0.495749 1.455728 0.057495 1.587384 0.181651 2.601400 1.339380 2.530180 0.159705 0.326426 2.015048 0.145052 0.145052 0.346419 1.033427 1.033427 0.346419 1.281379 1.281379 0.408409 0.237374 0.537424 2.015048 1.550814 1.101727 0.602201 2.015048 0.237374 0.537424 0.326426 1.495894 0.145052 0.145052 0.145052 0.346419 1.281379 1.281379 1.033427 1.033427 1.281379 0.122810 1.455728 0.895343 1.247371 1.247371 0.159705 1.577715 1.542607 0.537424 2.217991 1.455728 0.145052 0.145052 0.519599 0.519599 0.519599 0.519599 1.033427 1.281379 1.281379 1.281379 1.281379 0.237374 0.580303 0.405783 2.530180 0.405783 0.580303 0.408409 0.326426 1.723455 0.145052 0.145052 0.519599 1.651944 0.463624 2.048925 0.519599 0.519599 0.519599 0.346419 0.346419 1.033427 0.159705 0.580303 1.556612 0.159705 1.495894 2.105639 2.626384 1.687397 0.055723 0.519599 0.145052 2.413098 1.772847 0.858482 0.591187 0.749165 0.519599 0.519599 1.281379 1.033427 0.512838 1.495894 0.512838 0.122810 2.530180 1.651944 0.656671 2.217598 