output/FuelTest/1/TotalCarbon_0.asc
ncols  20
nrows  20
xllcorner  0
yllcorner  0
cellsize  30
NODATA_value  -9999
0.000000 0.000000 0.000000 0.000000 0.000000 0.000000 0.000000 0.000000 0.000000 0.000000 0.000000 0.000000 0.000000 0.000000 0.000000 0.000000 0.434781 0.434781 0.434781 0.000000 0.000000 0.000000 0.000000 0.000000 0.000000 0.000000 0.000000 0.000000 0.000000 0.000000 0.000000 0.000000 0.000000 0.000000 0.000000 0.000000 0.434781 0.434781 0.000000 0.000000 0.000000 0.000000 0.434781 0.434781 0.434781 0.000000 0.000000 0.000000 0.000000 0.000000 0.000000 0.000000 0.000000 0.434781 0.434781 0.434781 0.434781 0.434781 0.434781 0.434781 0.000000 0.434781 0.434781 0.434781 0.434781 0.434781 0.434781 0.434781 0.434781 0.434781 0.434781 0.434781 0.434781 0.434781 0.000000 0.000000 0.000000 0.000000 0.000000 0.000000 0.434781 0.434781 0.434781 0.434781 0.434781 0.434781 0.434781 0.434781 0.434781 0.434781 0.000000 0.000000 0.000000 0.000000 0.000000 0.000000 3.225701 0.894139 9.254312 2.690660 0.434781 0.434781 0.434781 0.434781 0.434781 0.434781 0.000000 0.000000 0.000000 0.000000 0.000000 0.000000 0.412579 7.284294 17.062076 1.457558 4.664813 0.000000 0.000000 20.708574 0.434781 0.000000 0.000000 0.000000 0.000000 0.000000 0.000000 0.000000 2.545785 0.000000 3.084136 5.259133 0.000000 4.675955 4.702278 0.995145 4.929216 2.545785 5.422143 4.349598 0.000000 0.000000 0.000000 0.000000 0.412579 0.412579 0.000000 4.702278 8.174246 3.321560 1.088815 3.084136 10.102875 11.640448 4.929216 0.000000 5.382502 3.122076 3.075727 0.622320 0.412579 0.412579 0.412579 0.412579 0.412579 6.840171 10.779462 0.995145 8.174246 4.938910 4.938910 4.929216 0.006341 1.776248 4.349598 2.666601 0.516339 12.365292 2.765763 2.422596 0.412579 0.412579 0.412579 0.412579 0.926561 4.958376 3.120394 5.660645 1.632483 2.690660 2.332465 9.254312 4.672866 0.000000 12.902655 6.840171 2.652699 23.154738 11.864952 4.266877 0.009671 0.412579 0.412579 4.958376 11.257181 4.958376 0.926561 2.652699 5.660645 5.382502 9.254312 6.371279 4.672866 3.696167 0.000000 2.422596 4.675955 2.666601 1.456198 2.422596 0.009671 0.412579 0.412579 4.958376 4.958376 4.958376 4.958376 3.321560 10.102875 23.154738 5.399124 19.341036 6.290375 4.672866 11.640448 5.149879 9.028103 9.028103 6.098149 1.308768 0.412579 0.412579 0.412579 0.926561 4.958376 2.800740 0.926561 0.926561 5.911338 6.371279 0.657367 6.290375 8.933047 4.672866 2.698088 8.652639 3.985858 2.088288 8.652639 2.422596 0.412579 0.412579 4.958376 4.958376 2.800740 4.958376 4.958376 0.926561 0.926561 1.401428 0.622320 4.938910 4.675955 1.906120 8.259940 1.855688 4.266877 4.975534 8.415615 5.857478 0.412579 0.412579 2.800740 4.958376 2.800740 0.926561 2.800740 0.926561 0.926561 1.308768 4.975534 0.203416 6.038385 0.659316 11.506843 5.474575 11.864952 0.622320 1.456198 9.028103 0.412579 0.412579 0.926561 2.800740 2.800740 0.926561 4.958376 4.958376 1.643333 0.593289 2.088288 9.028103 7.302437 4.664813 2.690660 9.028103 0.593289 2.088288 1.456198 5.000451 0.412579 0.412579 0.412579 0.926561 4.958376 4.958376 2.800740 2.800740 4.958376 0.485978 4.975534 3.132110 5.149879 5.149879 0.622320 5.177486 6.098149 2.088288 8.415615 4.975534 0.412579 0.412579 2.430524 2.430524 2.430524 2.430524 2.800740 4.958376 4.958376 4.958376 4.958376 0.593289 2.422596 1.855688 11.864952 1.855688 2.422596 1.643333 1.456198 7.008720 0.412579 0.412579 2.430524 7.371198 1.707020 6.923347 2.430524 2.430524 2.430524 0.926561 0.926561 2.800740 0.622320 2.422596 5.857478 0.622320 5.000451 8.652639 9.120271 7.032977 0.132425 2.430524 0.412579 9.462749 7.787465 2.989688 2.281857 2.239524 2.430524 2.430524 4.958376 2.800740 2.527056 5.000451 2.527056 0.485978 11.864952 7.371198 2.736665 9.389011 