Releaseoutput64/11/pinuechi_IV_20.asc
ncols  20
nrows  20
xllcorner  0
yllcorner  0
cellsize  0
NODATA_value  -9999
0 0 0 0 0 0 0 0 0 0 0 0 0 0 0 0 0.486041 0.436737 0.426191 0 0 0 0 0 0 0 0 0 0 0 0 0 0 0 0 0 0.458038 0.457006 0 0 0 0 0.440003 0.457170 0.429151 0 0 0 0 0 0 0 0 0.466003 0.461751 0.437615 0.448607 0.440415 0.422492 0.439450 0.449990 0.437576 0.441590 0.469580 0.449842 0.458521 0.438045 0.472975 0.456176 0.432246 0.444604 0.442825 0.443735 0.433981 0 0 0 0 0 0 0.449064 0.421225 0.434470 0.449225 0.437843 0.438982 0.443295 0.426595 0.447549 0.453359 0 0 0 0 0 0 0.454971 0.437257 0.430294 0.412437 0.443380 0.427922 0.444498 0.431501 0.447410 0.433663 0 0 0 0 0 0 0.434066 0.459248 0.427667 0.429292 0.402114 0.428950 0.404793 0.420783 0.455482 0 0 0 0 0 0 0 0.400384 0.421283 0.399025 0.412411 0.403319 0.408543 0.391378 0.403810 0.430895 0.432879 0.416043 0.387727 0 0 0 0 0.443384 0.420903 0.370772 0.410046 0.469861 0.395763 0.433084 0.388291 0.421327 0.396568 0.386858 0.422904 0.415061 0.369736 0.401239 0.430384 0.423940 0.428752 0.445946 0.445449 0.460403 0.414558 0.421321 0.419805 0.420564 0.403692 0.401254 0.430359 0.433988 0.421286 0.392113 0.418412 0.439720 0.360578 0.409371 0.387097 0.441921 0.458340 0.422807 0.453327 0.389921 0.407365 0.415074 0.419087 0.406024 0.410627 0.406986 0.389529 0.421995 0.379389 0.395578 0.455905 0.417452 0.398425 0.397642 0.406477 0.397981 0.458825 0.439595 0.407094 0.415266 0.406425 0.411153 0.427655 0.408327 0.430838 0.399657 0.429072 0.452249 0.378012 0.363977 0.373962 0.384962 0.367800 0.390220 0.434635 0.406321 0.441455 0.442429 0.403588 0.439535 0.402298 0.381661 0.412758 0.385596 0.430657 0.393713 0.429625 0.324638 0.437039 0.381887 0.368575 0.422838 0.417193 0.416349 0.419745 0.452365 0.449532 0.438590 0.405890 0.413644 0.375359 0.390474 0.385486 0.423674 0.396168 0.367532 0.418480 0.406499 0.414130 0.432487 0.397287 0.403777 0.410071 0.398020 0.434381 0.441307 0.412513 0.438471 0.398305 0.398638 0.403036 0.377593 0.376343 0.387493 0.354056 0.344093 0.419449 0.398425 0.406240 0.419404 0.390401 0.483935 0.413855 0.430977 0.392470 0.458811 0.435140 0.413228 0.430287 0.433885 0.391362 0.420648 0.400880 0.433407 0.434575 0.430736 0.413312 0.375995 0.417747 0.419333 0.436752 0.369434 0.391090 0.380616 0.362183 0.439518 0.433562 0.399151 0.410521 0.359830 0.414326 0.377829 0.412829 0.428582 0.433253 0.394446 0.423826 0.389428 0.420814 0.373976 0.428064 0.422238 0.408884 0.387291 0.410760 0.455761 0.449845 0.455727 0.385784 0.400580 0.448045 0.414441 0.429162 0.388562 0.394729 0.414066 0.421914 0.474567 0.402613 0.429519 0.400256 0.382391 0.352293 0.457995 0.392124 0.426068 0.423659 0.441045 0.365598 0.395118 0.414097 0.394797 0.426360 0.396799 0.351149 0.399976 0.403271 0.406792 0.436091 0.418619 0.399663 0.382846 0.394287 0.436826 0.403212 0.449855 0.438462 0.433522 0.420826 0.456440 0.366252 0.450944 0.484141 0.388007 0.384310 0.390267 0.383174 0.412237 0.374800 0.379198 0.397893 0.375230 0.434888 0.409577 0.393266 0.407770 0.399186 0.439680 0.405535 0.387167 0.425412 0.402124 0.413829 0.350813 0.441486 0.411970 0.435567 0.386075 0.414851 0.381744 0.404006 0.382011 0.431276 0.416060 0.396096 