Releaseoutput64/11/pinuechi_Bio_30.asc
ncols  20
nrows  20
xllcorner  0
yllcorner  0
cellsize  0
NODATA_value  -9999
0.000000 0.000000 0.000000 0.000000 0.000000 0.000000 0.000000 0.000000 0.000000 0.000000 0.000000 0.000000 0.000000 0.000000 0.000000 0.000000 33.475302 30.912012 33.650068 0.000000 0.000000 0.000000 0.000000 0.000000 0.000000 0.000000 0.000000 0.000000 0.000000 0.000000 0.000000 0.000000 0.000000 0.000000 0.000000 0.000000 32.455807 34.844330 0.000000 0.000000 0.000000 0.000000 29.542985 29.892517 32.281040 0.000000 0.000000 0.000000 0.000000 0.000000 0.000000 0.000000 0.000000 33.650068 32.455807 32.281040 32.281040 32.281040 29.892517 32.455807 32.281040 32.281040 33.650068 35.019096 29.717751 28.523489 34.844330 31.086779 32.106274 32.281040 33.650068 31.086779 32.281040 34.844330 0.000000 0.000000 0.000000 0.000000 0.000000 0.000000 33.475302 29.717751 27.154462 32.281040 28.523489 33.475302 33.824834 29.892517 34.669563 34.844330 0.000000 0.000000 0.000000 0.000000 0.000000 0.000000 33.475302 35.193862 10.430561 9.581711 31.086779 32.106274 32.455807 31.261545 31.086779 29.717751 0.000000 0.000000 0.000000 0.000000 0.000000 0.000000 29.542985 13.953722 12.395698 13.201864 11.767717 10.634118 11.449818 9.579231 34.669563 0.000000 0.000000 0.000000 0.000000 0.000000 0.000000 0.000000 9.117618 10.634118 13.953722 10.430561 9.678704 8.120680 10.634118 13.953722 11.767717 13.953722 10.634118 10.209693 0.000000 0.000000 0.000000 0.000000 29.892517 31.086779 8.448113 11.643841 10.430561 12.395698 7.465044 9.678704 10.634118 11.569001 7.899811 9.076094 12.192142 9.688237 9.099973 9.721031 30.912012 28.698256 32.455807 34.669563 36.213357 10.634118 13.067684 13.953722 10.413250 10.085817 8.242076 11.971273 33.650068 11.569001 7.705789 10.634118 13.953722 9.076094 13.261092 11.211142 28.698256 33.824834 28.348723 33.824834 11.373001 10.075579 9.688237 10.413250 11.340811 8.445632 11.971273 8.448113 13.119602 10.859010 9.235712 11.971273 12.192142 13.323260 11.368015 11.002657 13.953722 32.455807 29.542985 11.174332 13.953722 11.767670 9.876909 11.670686 6.890089 13.529297 8.872538 11.767717 11.214065 9.876909 9.680910 6.820502 10.006136 8.190057 10.755678 13.043869 7.314514 29.892517 33.650068 13.261092 11.057679 6.297295 8.971487 10.430561 8.120680 12.395698 9.800099 13.953722 6.004051 11.593390 11.569001 8.583271 13.043869 10.755678 7.402620 10.755678 32.281040 31.086779 32.455807 10.927803 9.876909 11.569001 10.334465 10.075579 10.634118 13.953722 7.314514 9.199779 9.076094 12.516144 10.274248 11.463410 14.668111 10.654703 12.374339 10.068986 33.475302 29.717751 8.383487 10.075579 12.866423 13.261092 7.543621 8.383487 9.482809 8.922951 8.152445 9.909106 10.430561 10.209693 10.729134 11.211142 13.998581 12.835384 11.211142 8.675971 33.475302 32.455807 10.729134 9.235712 10.927803 10.729134 11.767670 8.772818 9.235712 12.588405 11.419627 13.064909 10.006136 12.395698 11.767717 12.487430 8.922951 12.379920 12.379920 12.278945 29.717751 30.912012 11.373001 7.792819 9.087571 10.075579 8.187488 11.569001 12.110198 13.200742 12.835384 13.043869 10.006136 13.529297 9.076094 11.419627 10.547193 12.040240 11.722505 14.111672 31.261545 31.436311 32.455807 12.866423 10.075579 10.075579 11.373001 12.866423 9.482809 10.277471 14.668111 13.043869 14.668111 13.734440 9.378415 9.586900 7.084643 9.586900 9.721031 12.835384 29.717751 31.086779 15.404463 10.114744 11.806835 13.119602 12.156432 11.569001 6.884726 6.180074 9.680910 12.588405 10.755678 12.835384 12.278945 9.990753 9.721031 10.446217 11.211142 14.668111 32.281040 30.912012 13.498927 11.174332 11.767717 10.837675 11.806835 13.224569 8.430714 10.075579 7.396048 10.274248 14.668111 10.547193 10.220278 9.378415 11.002657 12.835384 9.166918 11.373001 11.971273 12.171257 31.261545 9.680910 6.495396 13.953722 8.227244 11.971273 9.308529 9.901299 11.569001 13.261092 13.998581 10.755678 10.547193 9.030461 11.823480 12.156432 10.075579 9.235712 