Releaseoutput64/11/pinuechi_IV_30.asc
ncols  20
nrows  20
xllcorner  0
yllcorner  0
cellsize  0
NODATA_value  -9999
0 0 0 0 0 0 0 0 0 0 0 0 0 0 0 0 0.486650 0.439259 0.436542 0 0 0 0 0 0 0 0 0 0 0 0 0 0 0 0 0 0.465698 0.457399 0 0 0 0 0.440945 0.444487 0.442209 0 0 0 0 0 0 0 0 0.478018 0.470647 0.446266 0.449491 0.446539 0.434325 0.446499 0.456528 0.454163 0.454017 0.468974 0.467598 0.434862 0.446649 0.479624 0.459266 0.449596 0.442047 0.449366 0.449809 0.452079 0 0 0 0 0 0 0.461640 0.426010 0.430825 0.463485 0.430116 0.449734 0.452488 0.445767 0.461982 0.478564 0 0 0 0 0 0 0.449626 0.446281 0.385243 0.368122 0.437761 0.433865 0.443005 0.437263 0.445001 0.456837 0 0 0 0 0 0 0.444545 0.429571 0.436708 0.438710 0.438481 0.415496 0.350067 0.348249 0.471746 0 0 0 0 0 0 0 0.338962 0.369225 0.478007 0.406753 0.336655 0.398631 0.344886 0.451307 0.458658 0.448390 0.380012 0.375326 0 0 0 0 0.443307 0.434781 0.312404 0.410354 0.387106 0.414693 0.313333 0.330303 0.397634 0.386728 0.290089 0.349222 0.427420 0.313973 0.345496 0.347380 0.429957 0.430606 0.449761 0.455044 0.466989 0.399638 0.391161 0.431646 0.369513 0.362918 0.316492 0.429021 0.439633 0.423300 0.299675 0.413448 0.443248 0.369056 0.481572 0.383238 0.435971 0.457163 0.427610 0.462986 0.366804 0.376966 0.387087 0.383087 0.389350 0.350186 0.371060 0.310455 0.390310 0.346230 0.404201 0.418972 0.402840 0.403954 0.345614 0.391933 0.431397 0.474184 0.439571 0.390992 0.451375 0.384089 0.395480 0.409990 0.299611 0.450521 0.332210 0.375647 0.391279 0.383953 0.350635 0.298209 0.368671 0.335059 0.351979 0.487064 0.360324 0.435170 0.459118 0.419126 0.384901 0.297143 0.310032 0.378996 0.326843 0.404761 0.383526 0.438912 0.275295 0.413755 0.412105 0.304340 0.408435 0.354053 0.325067 0.381931 0.459554 0.440210 0.445471 0.401788 0.391301 0.382830 0.352577 0.462406 0.373700 0.404672 0.331366 0.322767 0.351884 0.390806 0.378438 0.353801 0.451349 0.383416 0.399554 0.364654 0.461900 0.432855 0.332648 0.369594 0.447290 0.418818 0.329581 0.334447 0.362213 0.339298 0.305556 0.363763 0.372015 0.365633 0.371472 0.399418 0.486360 0.429811 0.421296 0.354086 0.463035 0.447396 0.372515 0.412361 0.401386 0.381192 0.394822 0.341806 0.384784 0.399715 0.482066 0.440371 0.378199 0.422833 0.425520 0.396119 0.376172 0.407717 0.360074 0.412738 0.438438 0.440174 0.394486 0.348976 0.297526 0.368026 0.357090 0.428715 0.412139 0.411506 0.417556 0.398986 0.361265 0.402603 0.366508 0.381674 0.432215 0.377584 0.411292 0.404019 0.456658 0.452444 0.459770 0.397056 0.378274 0.395756 0.419021 0.421058 0.337296 0.356225 0.440961 0.407116 0.485050 0.432016 0.368147 0.383055 0.319370 0.360608 0.394413 0.406925 0.427936 0.428623 0.496253 0.348869 0.374616 0.428276 0.400182 0.388231 0.288176 0.314339 0.389803 0.433086 0.342566 0.420921 0.399497 0.311839 0.362526 0.402708 0.388795 0.451102 0.457714 0.447191 0.415174 0.369917 0.406835 0.361449 0.431513 0.425255 0.345471 0.354869 0.330241 0.364890 0.488548 0.340044 0.320884 0.372223 0.383862 0.426164 0.336607 0.406480 0.420047 0.390066 0.436952 0.354165 0.309020 0.403067 0.331096 0.416965 0.331843 0.382319 0.372215 0.462873 0.440959 0.368123 0.347797 0.380775 0.340430 0.398400 0.417283 0.327774 