Releaseoutput64/11/pinuechi_IV_10.asc
ncols  20
nrows  20
xllcorner  0
yllcorner  0
cellsize  0
NODATA_value  -9999
0 0 0 0 0 0 0 0 0 0 0 0 0 0 0 0 0.463368 0.432815 0.431902 0 0 0 0 0 0 0 0 0 0 0 0 0 0 0 0 0 0.458656 0.448056 0 0 0 0 0.442904 0.445990 0.431957 0 0 0 0 0 0 0 0 0.445902 0.445282 0.434809 0.445254 0.434450 0.417267 0.432154 0.442421 0.434478 0.430000 0.464857 0.428903 0.451447 0.426478 0.440405 0.448164 0.424396 0.447092 0.437159 0.445786 0.431770 0 0 0 0 0 0 0.435663 0.416105 0.419904 0.421298 0.437589 0.427534 0.432223 0.426217 0.441744 0.430959 0 0 0 0 0 0 0.448467 0.428883 0.438130 0.403606 0.437607 0.433381 0.429192 0.445467 0.421907 0.438832 0 0 0 0 0 0 0.420479 0.419430 0.415637 0.396913 0.421900 0.417600 0.408300 0.424500 0.437007 0 0 0 0 0 0 0 0.408951 0.433181 0.414354 0.413158 0.406762 0.412378 0.394256 0.410013 0.432785 0.434706 0.436060 0.405971 0 0 0 0 0.453665 0.415601 0.380876 0.415174 0.430139 0.414172 0.405527 0.372806 0.427959 0.394116 0.409542 0.435480 0.430231 0.405701 0.392678 0.413927 0.437895 0.428840 0.442497 0.442750 0.432088 0.427976 0.421580 0.430904 0.426497 0.417956 0.417230 0.410656 0.420727 0.416357 0.434427 0.411742 0.414500 0.405298 0.428951 0.418091 0.432777 0.440150 0.429655 0.441693 0.409404 0.425356 0.387487 0.415804 0.419945 0.421954 0.429912 0.395802 0.443812 0.401396 0.401686 0.403327 0.424379 0.423295 0.424000 0.432637 0.392658 0.442437 0.447515 0.423196 0.423800 0.404966 0.419645 0.404357 0.418971 0.415076 0.421417 0.425994 0.404648 0.393540 0.403376 0.431309 0.412121 0.395243 0.385771 0.407394 0.414463 0.451160 0.428127 0.399580 0.440050 0.417320 0.409268 0.425081 0.393614 0.409416 0.425587 0.401652 0.398062 0.406976 0.426085 0.394826 0.419132 0.443765 0.425223 0.422506 0.428282 0.439564 0.445590 0.409135 0.410434 0.396860 0.418701 0.425971 0.429762 0.399097 0.421915 0.407300 0.402385 0.413767 0.428078 0.417103 0.419961 0.399685 0.421698 0.430717 0.434292 0.416421 0.419115 0.434945 0.427120 0.420490 0.397771 0.390533 0.395607 0.384588 0.401812 0.417366 0.413197 0.400579 0.419977 0.406064 0.439303 0.439316 0.418301 0.409676 0.434419 0.428414 0.404914 0.420813 0.421472 0.420259 0.409359 0.395586 0.419064 0.444731 0.421395 0.410305 0.400307 0.390427 0.415008 0.419043 0.420686 0.417036 0.421962 0.410559 0.441754 0.429308 0.435067 0.410005 0.392888 0.421744 0.396991 0.416074 0.416523 0.428097 0.415463 0.426526 0.427514 0.409689 0.418993 0.430097 0.433161 0.392653 0.423563 0.421505 0.432471 0.429663 0.447904 0.398955 0.414973 0.439499 0.414664 0.431011 0.411180 0.435368 0.417878 0.406683 0.451367 0.409519 0.421751 0.415873 0.400190 0.395347 0.397151 0.407383 0.421135 0.421437 0.429390 0.393155 0.406072 0.430475 0.423603 0.414268 0.412823 0.393113 0.415354 0.409572 0.423765 0.407783 0.396151 0.396837 0.415853 0.403195 0.405639 0.431072 0.434279 0.429198 0.428537 0.418741 0.426781 0.398082 0.438177 0.412984 0.420045 0.382588 0.390371 0.396498 0.406907 0.403880 0.421495 0.417668 0.382805 0.420663 0.395136 0.405826 0.422755 0.398979 0.441855 0.414229 0.402496 0.425501 0.369422 0.413848 0.387953 0.426342 0.415244 0.406789 0.391081 0.443707 0.423447 0.401830 0.428051 0.436716 0.408327 0.408843 