Releaseoutput64/11/pinuechi_Bio_10.asc
ncols  20
nrows  20
xllcorner  0
yllcorner  0
cellsize  0
NODATA_value  -9999
0.000000 0.000000 0.000000 0.000000 0.000000 0.000000 0.000000 0.000000 0.000000 0.000000 0.000000 0.000000 0.000000 0.000000 0.000000 0.000000 36.038591 34.844330 36.213357 0.000000 0.000000 0.000000 0.000000 0.000000 0.000000 0.000000 0.000000 0.000000 0.000000 0.000000 0.000000 0.000000 0.000000 0.000000 0.000000 0.000000 38.776647 37.582385 0.000000 0.000000 0.000000 0.000000 37.407619 37.582385 38.776647 0.000000 0.000000 0.000000 0.000000 0.000000 0.000000 0.000000 0.000000 36.213357 37.407619 36.213357 37.407619 35.019096 33.650068 37.582385 36.213357 35.019096 37.407619 38.776647 33.475302 36.038591 36.038591 33.650068 37.582385 33.650068 37.582385 36.388124 38.776647 37.407619 0.000000 0.000000 0.000000 0.000000 0.000000 0.000000 36.038591 33.650068 32.281040 34.844330 36.038591 34.669563 36.213357 34.844330 37.407619 36.213357 0.000000 0.000000 0.000000 0.000000 0.000000 0.000000 37.407619 36.388124 25.442460 21.559745 36.213357 37.407619 36.213357 37.582385 33.824834 36.213357 0.000000 0.000000 0.000000 0.000000 0.000000 0.000000 33.475302 23.442970 22.879171 20.212976 25.110202 22.951031 22.439866 23.983660 36.038591 0.000000 0.000000 0.000000 0.000000 0.000000 0.000000 0.000000 21.510143 22.879171 22.540233 21.335377 21.442423 21.085718 18.946854 22.254809 23.808894 24.248199 22.879171 21.260484 0.000000 0.000000 0.000000 0.000000 38.776647 32.455807 20.051343 22.357715 25.442460 23.018545 21.684909 18.141625 24.248199 19.256900 21.510143 22.704404 24.073432 21.245605 17.606759 23.816396 37.407619 33.824834 36.213357 37.407619 36.213357 22.540233 21.684909 24.921005 24.248199 22.454746 22.921514 23.808894 34.844330 22.757787 23.340064 22.629512 20.315881 21.017998 21.448579 23.823633 33.824834 38.776647 35.019096 36.213357 19.996539 20.765597 19.901473 21.859676 22.721679 21.582003 24.073432 20.315881 26.241483 21.619342 19.009100 21.684909 21.510143 25.442460 24.182574 26.684489 21.382440 36.213357 37.407619 22.345569 24.248199 22.102808 22.587689 20.315881 20.315881 21.510143 24.073432 22.879171 23.228398 19.061720 20.883812 24.877092 23.983660 18.946854 22.284541 20.652188 19.619660 38.776647 34.844330 20.855809 21.135650 22.444858 22.165017 22.704404 20.315881 21.407237 22.776265 21.054447 19.983624 21.947893 22.587689 22.990242 22.588286 25.433532 23.815948 24.003104 36.213357 36.388124 38.776647 19.996539 20.485008 19.744702 22.587689 21.618676 23.617736 21.345972 22.704404 22.879171 21.510143 24.932275 22.269984 23.457006 24.003104 19.891290 23.513044 25.433532 37.407619 34.844330 20.139371 23.896897 22.757787 23.493756 18.830163 20.251597 19.744702 21.829076 21.321718 21.335377 23.649007 20.540743 22.587689 21.321718 23.823633 25.269671 23.823633 22.347416 34.844330 35.019096 21.188269 22.497477 21.618676 21.448579 19.403769 20.139371 22.165017 24.003104 21.321718 24.760497 19.510653 21.407237 22.357715 24.331443 24.018714 25.090201 23.714969 23.469148 36.213357 36.213357 23.896897 21.130874 19.414225 21.278482 18.910048 20.139371 22.588286 23.823633 21.321718 24.003104 24.073432 21.420371 20.490648 24.760497 24.296395 21.321718 23.457454 25.137466 34.844330 33.824834 37.582385 21.448579 21.448579 23.806685 20.309468 23.654777 22.363118 26.684489 24.182574 20.652188 26.684489 22.572676 22.572676 24.182574 22.016236 22.296682 22.082616 23.255082 35.193862 33.824834 24.932275 21.908130 23.030297 25.665062 22.757787 19.821666 22.120997 19.000261 21.448579 24.003104 26.396354 21.937744 22.624063 22.300151 23.636925 22.850800 21.903145 25.433532 36.213357 34.844330 26.241483 23.412016 25.177922 21.163454 26.241483 23.438853 23.125924 18.605592 18.830163 21.135650 20.652188 23.158529 26.030175 25.316936 19.774695 22.752147 20.965553 21.729086 23.705988 23.532855 37.582385 22.515667 17.268380 23.734495 18.766525 23.053937 22.624567 25.531492 21.130874 20.139371 21.953351 26.520628 24.798597 22.901015 25.067353 22.587689 20.139371 21.448579 