Releaseoutput64/11/pinuechi_BA_20.asc
ncols  20
nrows  20
xllcorner  0
yllcorner  0
cellsize  0
NODATA_value  -9999
0.000000 0.000000 0.000000 0.000000 0.000000 0.000000 0.000000 0.000000 0.000000 0.000000 0.000000 0.000000 0.000000 0.000000 0.000000 0.000000 7.186000 6.736046 6.973629 0.000000 0.000000 0.000000 0.000000 0.000000 0.000000 0.000000 0.000000 0.000000 0.000000 0.000000 0.000000 0.000000 0.000000 0.000000 0.000000 0.000000 7.211212 7.423583 0.000000 0.000000 0.000000 0.000000 6.685623 7.211212 6.973629 0.000000 0.000000 0.000000 0.000000 0.000000 0.000000 0.000000 0.000000 7.211212 7.186000 6.736046 7.186000 6.973629 6.548885 7.186000 7.211212 6.736046 7.398372 7.661166 6.523674 7.186000 7.186000 6.973629 6.948417 6.736046 7.211212 6.761257 6.973629 7.398372 0.000000 0.000000 0.000000 0.000000 0.000000 0.000000 6.948417 6.498463 6.311302 6.973629 6.736046 7.160789 7.211212 6.523674 7.398372 7.423583 0.000000 0.000000 0.000000 0.000000 0.000000 0.000000 7.398372 7.236423 3.283828 3.025354 6.973629 6.948417 7.423583 6.761257 6.998840 6.286091 0.000000 0.000000 0.000000 0.000000 0.000000 0.000000 6.498463 3.521411 3.283828 3.164683 3.089207 3.046245 3.208351 3.208351 7.160789 0.000000 0.000000 0.000000 0.000000 0.000000 0.000000 0.000000 3.047816 3.046245 3.193036 3.166411 3.255475 2.912099 2.874400 3.283828 3.153374 3.283828 3.046245 2.938724 0.000000 0.000000 0.000000 0.000000 6.948417 6.523674 3.117559 3.138608 3.548036 2.938724 3.283828 2.755412 3.283828 3.022526 2.753684 3.283828 3.255475 2.706561 2.953254 3.528558 6.498463 6.761257 7.211212 7.398372 7.423583 2.928828 3.255475 3.283828 3.472559 3.176307 3.193036 3.445934 7.186000 3.098867 2.733186 3.176307 3.283828 2.408581 3.022526 2.699649 6.548885 7.635955 6.286091 6.998840 2.866311 2.869845 2.927100 3.310453 3.206624 2.544454 3.283828 3.019620 3.292546 2.979408 2.707974 3.283828 3.019620 3.176307 3.174736 3.237961 3.085515 6.973629 6.973629 2.798452 3.147954 3.022526 2.842984 3.019620 3.019620 3.176307 3.283828 3.283828 3.412005 2.373630 2.696665 2.558277 2.679936 2.453662 2.966135 3.105072 2.782037 6.998840 7.186000 3.124314 3.038784 2.809762 2.869845 3.019620 2.727059 3.046245 2.755412 3.283828 2.187884 3.231049 2.767350 2.804578 3.351372 3.024647 3.087479 3.351372 6.973629 7.236423 7.211212 2.707974 3.013337 2.767350 2.798452 2.614669 3.548036 3.164683 2.372609 3.283828 2.782037 3.072006 3.150468 3.159107 3.319957 3.077975 3.105072 3.237961 6.948417 6.286091 2.895292 2.783608 3.098867 3.267806 2.613962 2.869845 2.920739 2.727766 2.462066 2.992995 3.176307 2.879976 3.214792 2.679621 3.597673 3.319957 3.351372 2.587808 7.186000 6.761257 3.124314 3.353336 3.124314 3.098867 3.038784 2.869138 2.767350 3.351372 3.105072 3.319957 2.691402 3.283828 3.283828 3.349409 2.567781 3.351372 2.884139 2.836937 6.948417 6.973629 3.053628 2.595584 2.642236 2.869138 2.546104 2.681821 3.351372 3.385223 2.925922 3.351372 2.944144 3.208351 2.399234 3.105072 2.838429 3.351372 3.255161 3.445620 6.973629 6.998840 7.236423 3.022526 2.869138 3.353336 2.895292 3.282650 3.022526 3.105072 3.219347 3.219347 3.839654 3.206545 3.077975 3.105072 2.558277 2.471962 3.351372 3.187931 6.998840 6.761257 3.479157 2.802693 3.120073 3.156829 3.053628 3.124314 2.647184 2.054130 2.671218 3.270948 3.517249 3.319957 3.228065 3.270948 2.829711 2.981764 3.351372 3.472716 7.186000 6.973629 3.231049 3.180863 3.445934 2.808662 3.513793 3.513793 2.731301 2.793504 2.613962 3.038784 3.351372 3.138922 2.995587 3.077975 2.804578 3.351372 3.267806 2.942651 3.079546 3.393627 6.998840 3.053628 2.640116 3.430619 2.934562 3.310453 2.519950 3.513793 3.124314 3.124314 3.085908 3.024647 3.210865 3.255161 3.022683 3.053628 2.640116 3.124314 