Releaseoutput64/11/pinuechi_RelativeDensity_20.asc
ncols  20
nrows  20
xllcorner  0
yllcorner  0
cellsize  0
NODATA_value  -9999
0.000000 0.000000 0.000000 0.000000 0.000000 0.000000 0.000000 0.000000 0.000000 0.000000 0.000000 0.000000 0.000000 0.000000 0.000000 0.000000 1.390959 1.316731 1.355514 0.000000 0.000000 0.000000 0.000000 0.000000 0.000000 0.000000 0.000000 0.000000 0.000000 0.000000 0.000000 0.000000 0.000000 0.000000 0.000000 0.000000 1.394297 1.429742 0.000000 0.000000 0.000000 0.000000 1.310053 1.394297 1.355514 0.000000 0.000000 0.000000 0.000000 0.000000 0.000000 0.000000 0.000000 1.394297 1.390959 1.316731 1.390959 1.355514 1.284625 1.390959 1.394297 1.316731 1.426403 1.468526 1.281286 1.390959 1.390959 1.355514 1.352175 1.316731 1.394297 1.320070 1.355514 1.426403 0.000000 0.000000 0.000000 0.000000 0.000000 0.000000 1.352175 1.277947 1.245842 1.355514 1.316731 1.387620 1.394297 1.281286 1.426403 1.429742 0.000000 0.000000 0.000000 0.000000 0.000000 0.000000 1.426403 1.397636 0.599768 0.548336 1.355514 1.352175 1.429742 1.320070 1.358853 1.242503 0.000000 0.000000 0.000000 0.000000 0.000000 0.000000 1.277947 0.638552 0.599768 0.574803 0.559350 0.560985 0.584316 0.584316 1.387620 0.000000 0.000000 0.000000 0.000000 0.000000 0.000000 0.000000 0.555720 0.560985 0.581846 0.578395 0.592725 0.537007 0.531407 0.599768 0.573822 0.599768 0.560985 0.540458 0.000000 0.000000 0.000000 0.000000 1.352175 1.281286 0.566394 0.573642 0.642003 0.540458 0.599768 0.515299 0.599768 0.556042 0.511707 0.599768 0.592725 0.503298 0.541519 0.630105 1.277947 1.320070 1.394297 1.426403 1.429742 0.539612 0.592725 0.599768 0.626550 0.579241 0.581846 0.623099 1.390959 0.569228 0.506749 0.579241 0.599768 0.452397 0.556042 0.497937 1.284625 1.465187 1.242503 1.358853 0.524298 0.531570 0.536020 0.603219 0.580723 0.479967 0.599768 0.557534 0.587492 0.546891 0.501300 0.599768 0.557534 0.579241 0.570435 0.584046 0.561319 1.355514 1.355514 0.519954 0.572198 0.556042 0.531200 0.557534 0.557534 0.579241 0.599768 0.599768 0.609829 0.448740 0.500310 0.478731 0.499847 0.462045 0.538154 0.565550 0.518750 1.358853 1.390959 0.575686 0.558602 0.520944 0.531570 0.557534 0.508256 0.560985 0.515299 0.599768 0.410818 0.584877 0.514970 0.518653 0.605471 0.549289 0.554455 0.605471 1.355514 1.397636 1.394297 0.501300 0.552144 0.514970 0.519954 0.490498 0.642003 0.574803 0.450389 0.599768 0.518750 0.556773 0.579100 0.565303 0.597824 0.562062 0.565550 0.584046 1.352175 1.242503 0.538028 0.517530 0.569228 0.596260 0.493542 0.531570 0.536398 0.493109 0.459956 0.554083 0.579241 0.527610 0.588185 0.495032 0.645392 0.597824 0.605471 0.474029 1.390959 1.320070 0.575686 0.613344 0.575686 0.569228 0.558602 0.534614 0.514970 0.605471 0.565550 0.597824 0.495428 0.599768 0.599768 0.599508 0.471124 0.605471 0.524377 0.514214 1.352175 1.355514 0.561025 0.485710 0.488210 0.534614 0.475016 0.497886 0.605471 0.604928 0.534953 0.605471 0.542081 0.584316 0.453840 0.565550 0.518110 0.605471 0.586695 0.618284 1.355514 1.358853 1.397636 0.556042 0.534614 0.613344 0.538028 0.598683 0.556042 0.565550 0.581267 0.581267 0.681154 0.576399 0.562062 0.565550 0.478731 0.460794 0.605471 0.573620 1.358853 1.320070 0.621202 0.510376 0.563243 0.568757 0.561025 0.575686 0.487493 0.398582 0.493852 0.589211 0.629132 0.597824 0.583208 0.589211 0.516178 0.543286 0.605471 0.621772 1.390959 1.355514 0.584877 0.579039 0.623099 0.522201 0.629473 0.629473 0.498617 0.518384 0.493542 0.558602 0.605471 0.565007 0.539839 0.562062 0.518653 0.605471 0.596260 0.537484 0.557482 0.604119 1.358853 0.561025 0.496956 0.620630 0.530414 0.603219 0.465780 0.629473 0.575686 0.575686 0.556938 0.549289 0.580558 0.586695 0.543327 0.561025 0.496956 0.575686 