Releaseoutput64/11/pinuechi_RelativeDensity_30.asc
ncols  20
nrows  20
xllcorner  0
yllcorner  0
cellsize  0
NODATA_value  -9999
0.000000 0.000000 0.000000 0.000000 0.000000 0.000000 0.000000 0.000000 0.000000 0.000000 0.000000 0.000000 0.000000 0.000000 0.000000 0.000000 1.352175 1.277947 1.355514 0.000000 0.000000 0.000000 0.000000 0.000000 0.000000 0.000000 0.000000 0.000000 0.000000 0.000000 0.000000 0.000000 0.000000 0.000000 0.000000 0.000000 1.320070 1.390959 0.000000 0.000000 0.000000 0.000000 1.239164 1.245842 1.316731 0.000000 0.000000 0.000000 0.000000 0.000000 0.000000 0.000000 0.000000 1.355514 1.320070 1.316731 1.316731 1.316731 1.245842 1.320070 1.316731 1.316731 1.355514 1.394297 1.242503 1.207058 1.390959 1.281286 1.313392 1.316731 1.355514 1.281286 1.316731 1.390959 0.000000 0.000000 0.000000 0.000000 0.000000 0.000000 1.352175 1.242503 1.168275 1.316731 1.207058 1.352175 1.358853 1.245842 1.387620 1.390959 0.000000 0.000000 0.000000 0.000000 0.000000 0.000000 1.352175 1.397636 0.347486 0.311642 1.281286 1.313392 1.320070 1.284625 1.281286 1.242503 0.000000 0.000000 0.000000 0.000000 0.000000 0.000000 1.239164 0.439076 0.396842 0.412950 0.375359 0.351047 0.358393 0.309862 1.387620 0.000000 0.000000 0.000000 0.000000 0.000000 0.000000 0.000000 0.298671 0.351047 0.439076 0.347486 0.321360 0.279125 0.351047 0.439076 0.375359 0.439076 0.351047 0.333125 0.000000 0.000000 0.000000 0.000000 1.245842 1.281286 0.287330 0.370716 0.347486 0.396842 0.255612 0.321360 0.351047 0.379497 0.264764 0.308813 0.393281 0.312598 0.299138 0.312287 1.277947 1.210397 1.320070 1.387620 1.429742 0.351047 0.409963 0.439076 0.336686 0.328481 0.281989 0.378920 1.355514 0.379497 0.252441 0.351047 0.439076 0.308813 0.424093 0.363847 1.210397 1.358853 1.203719 1.358853 0.365938 0.338426 0.312598 0.336686 0.355657 0.285549 0.378920 0.287330 0.402717 0.354339 0.310321 0.378920 0.393281 0.415813 0.348281 0.360251 0.439076 1.320070 1.239164 0.362414 0.439076 0.383022 0.334901 0.372754 0.245095 0.421154 0.305252 0.375359 0.354489 0.334901 0.321342 0.243297 0.329564 0.279699 0.345072 0.410853 0.263018 1.245842 1.355514 0.424093 0.357864 0.230421 0.294455 0.347486 0.279125 0.396842 0.324223 0.439076 0.215982 0.373193 0.379497 0.289733 0.410853 0.345072 0.244419 0.345072 1.316731 1.281286 1.320070 0.354918 0.334901 0.379497 0.334310 0.338426 0.351047 0.439076 0.263018 0.299368 0.308813 0.390250 0.341950 0.349099 0.454263 0.342423 0.386650 0.330115 1.352175 1.242503 0.293830 0.338426 0.407010 0.424093 0.265725 0.293830 0.316089 0.298066 0.271213 0.326959 0.347486 0.333125 0.351393 0.363847 0.430059 0.407257 0.363847 0.282887 1.352175 1.320070 0.351393 0.310321 0.354918 0.351393 0.383022 0.290931 0.310321 0.392078 0.367444 0.399923 0.329564 0.396842 0.375359 0.389429 0.298066 0.388481 0.388481 0.385832 1.242503 1.277947 0.365938 0.263187 0.300734 0.338426 0.280270 0.379497 0.380718 0.395287 0.407257 0.410853 0.329564 0.421154 0.308813 0.367444 0.341475 0.380148 0.364407 0.432838 1.284625 1.287964 1.320070 0.407010 0.338426 0.338426 0.365938 0.407010 0.316089 0.333712 0.454263 0.410853 0.454263 0.424127 0.316842 0.320438 0.249229 0.320438 0.312287 0.407257 1.242503 1.281286 0.469650 0.332229 0.376825 0.402717 0.381852 0.379497 0.232775 0.227600 0.321342 0.392078 0.345072 0.407257 0.385832 0.320050 0.312287 0.338826 0.363847 0.454263 1.316731 1.277947 0.421422 0.362414 0.375359 0.354608 0.376825 0.405410 0.277781 0.338426 0.254409 0.341950 0.454263 0.341475 0.312717 0.316842 0.360251 0.407257 0.309743 0.365938 0.378920 0.373673 1.284625 0.321342 0.235674 0.439076 0.272969 0.378920 0.306260 0.328597 0.379497 0.424093 0.430059 0.345072 0.341475 0.299013 0.367056 0.381852 0.338426 0.310321 