Releaseoutput64/11/pinuechi_BA_30.asc
ncols  20
nrows  20
xllcorner  0
yllcorner  0
cellsize  0
NODATA_value  -9999
0.000000 0.000000 0.000000 0.000000 0.000000 0.000000 0.000000 0.000000 0.000000 0.000000 0.000000 0.000000 0.000000 0.000000 0.000000 0.000000 6.948417 6.498463 6.973629 0.000000 0.000000 0.000000 0.000000 0.000000 0.000000 0.000000 0.000000 0.000000 0.000000 0.000000 0.000000 0.000000 0.000000 0.000000 0.000000 0.000000 6.761257 7.186000 0.000000 0.000000 0.000000 0.000000 6.260880 6.311302 6.736046 0.000000 0.000000 0.000000 0.000000 0.000000 0.000000 0.000000 0.000000 6.973629 6.761257 6.736046 6.736046 6.736046 6.311302 6.761257 6.736046 6.736046 6.973629 7.211212 6.286091 6.073720 7.186000 6.523674 6.710834 6.736046 6.973629 6.523674 6.736046 7.186000 0.000000 0.000000 0.000000 0.000000 0.000000 0.000000 6.948417 6.286091 5.836137 6.736046 6.073720 6.948417 6.998840 6.311302 7.160789 7.186000 0.000000 0.000000 0.000000 0.000000 0.000000 0.000000 6.948417 7.236423 1.965380 1.783796 6.523674 6.710834 6.761257 6.548885 6.523674 6.286091 0.000000 0.000000 0.000000 0.000000 0.000000 0.000000 6.260880 2.549874 2.285666 2.404654 2.166835 1.993419 2.087353 1.776963 7.160789 0.000000 0.000000 0.000000 0.000000 0.000000 0.000000 0.000000 1.701565 1.993419 2.549874 1.965380 1.820160 1.555952 1.993419 2.549874 2.166835 2.549874 1.993419 1.902627 0.000000 0.000000 0.000000 0.000000 6.311302 6.523674 1.610380 2.140446 1.965380 2.285666 1.427461 1.820160 1.993419 2.160866 1.493199 1.729211 2.257627 1.795106 1.702115 1.796284 6.498463 6.098931 6.761257 7.160789 7.423583 1.993419 2.383683 2.549874 1.930666 1.876238 1.575509 2.194874 6.973629 2.160866 1.440106 1.993419 2.549874 1.729211 2.443609 2.083190 6.098931 6.998840 6.048508 6.998840 2.102904 1.905690 1.795106 1.930666 2.069210 1.603547 2.194874 1.610380 2.367269 2.022322 1.746647 2.194874 2.257627 2.424210 2.050753 2.054680 2.549874 6.761257 6.260880 2.075336 2.549874 2.188433 1.878123 2.150106 1.346172 2.459082 1.701172 2.166835 2.055544 1.878123 1.820160 1.334391 1.874588 1.563021 1.986979 2.385097 1.436964 6.311302 6.973629 2.443609 2.049889 1.248312 1.675254 1.965380 1.555952 2.285666 1.839717 2.549874 1.179982 2.146022 2.160866 1.629230 2.385097 1.986979 1.388034 1.986979 6.736046 6.523674 6.761257 2.029390 1.878123 2.160866 1.916293 1.905690 1.993419 2.549874 1.436964 1.710047 1.729211 2.276791 1.933258 2.060649 2.658494 1.969779 2.253072 1.881186 6.948417 6.286091 1.622947 1.905690 2.358079 2.443609 1.463904 1.622947 1.786231 1.685072 1.535846 1.857859 1.965380 1.902627 2.001823 2.083190 2.526469 2.356587 2.083190 1.617370 6.948417 6.761257 2.001823 1.746647 2.029390 2.001823 2.188433 1.647687 1.746647 2.288886 2.111700 2.352974 1.874588 2.285666 2.166835 2.271686 1.685072 2.260376 2.260376 2.243176 6.286091 6.498463 2.102904 1.479454 1.707063 1.905690 1.564984 2.160866 2.211603 2.352660 2.356587 2.385097 1.874588 2.459082 1.729211 2.111700 1.958469 2.204534 2.129764 2.545083 6.548885 6.574097 6.761257 2.358079 1.905690 1.905690 2.102904 2.358079 1.786231 1.909696 2.658494 2.385097 2.658494 2.485000 1.781283 1.809793 1.375860 1.809793 1.796284 2.356587 6.286091 6.523674 2.769471 1.892260 2.175003 2.367269 2.219535 2.160866 1.306981 1.229227 1.820160 2.288886 1.986979 2.356587 2.243176 1.845057 1.796284 1.941269 2.083190 2.658494 6.736046 6.498463 2.457746 2.075336 2.166835 2.021458 2.175003 2.384940 1.580535 1.905690 1.417958 1.933258 2.658494 1.958469 1.841445 1.781283 2.054680 2.356587 1.739578 2.102904 2.194874 2.196916 6.548885 1.820160 1.282241 2.549874 1.547627 2.194874 1.743820 1.863279 2.160866 2.443609 2.526469 1.986979 1.958469 1.696381 2.146964 2.219535 1.905690 1.746647 