Releaseoutput64/11/pinuechi_BA_10.asc
ncols  20
nrows  20
xllcorner  0
yllcorner  0
cellsize  0
NODATA_value  -9999
0.000000 0.000000 0.000000 0.000000 0.000000 0.000000 0.000000 0.000000 0.000000 0.000000 0.000000 0.000000 0.000000 0.000000 0.000000 0.000000 7.398372 7.186000 7.423583 0.000000 0.000000 0.000000 0.000000 0.000000 0.000000 0.000000 0.000000 0.000000 0.000000 0.000000 0.000000 0.000000 0.000000 0.000000 0.000000 0.000000 7.873538 7.661166 0.000000 0.000000 0.000000 0.000000 7.635955 7.661166 7.873538 0.000000 0.000000 0.000000 0.000000 0.000000 0.000000 0.000000 0.000000 7.423583 7.635955 7.423583 7.635955 7.211212 6.973629 7.661166 7.423583 7.211212 7.635955 7.873538 6.948417 7.398372 7.398372 6.973629 7.661166 6.973629 7.661166 7.448795 7.873538 7.635955 0.000000 0.000000 0.000000 0.000000 0.000000 0.000000 7.398372 6.973629 6.736046 7.186000 7.398372 7.160789 7.423583 7.186000 7.635955 7.423583 0.000000 0.000000 0.000000 0.000000 0.000000 0.000000 7.635955 7.448795 5.062598 4.334612 7.423583 7.635955 7.423583 7.661166 6.998840 7.423583 0.000000 0.000000 0.000000 0.000000 0.000000 0.000000 6.948417 4.699351 4.612643 4.134336 4.980917 4.609502 4.525857 4.788651 7.398372 0.000000 0.000000 0.000000 0.000000 0.000000 0.000000 0.000000 4.375060 4.612643 4.537167 4.349849 4.354954 4.284268 3.925106 4.476769 4.763440 4.850226 4.612643 4.309480 0.000000 0.000000 0.000000 0.000000 7.873538 6.761257 4.101114 4.505122 5.062598 4.608559 4.400272 3.774231 4.850226 3.949924 4.375060 4.587432 4.825015 4.313485 3.641027 4.731238 7.635955 6.998840 7.423583 7.635955 7.423583 4.537167 4.400272 4.955077 4.850226 4.521851 4.591830 4.763440 7.186000 4.595286 4.670998 4.547063 4.162689 4.264162 4.366264 4.760298 6.998840 7.873538 7.211212 7.423583 4.091296 4.221358 4.060273 4.425483 4.556173 4.371919 4.825015 4.162689 5.151584 4.356368 3.886307 4.400272 4.375060 5.062598 4.811663 5.252900 4.292358 7.423583 7.635955 4.513290 4.850226 4.459569 4.570546 4.162689 4.162689 4.375060 4.825015 4.612643 4.608009 3.906806 4.255994 4.918870 4.788651 3.925106 4.473628 4.187036 4.029956 7.873538 7.186000 4.246805 4.295578 4.524600 4.475827 4.587432 4.162689 4.346708 4.584290 4.274608 4.081007 4.393125 4.570546 4.586725 4.523815 5.032282 4.722913 4.785981 7.423583 7.448795 7.873538 4.091296 4.158448 4.051712 4.570546 4.391004 4.724563 4.324795 4.587432 4.612643 4.375060 4.922561 4.493498 4.671548 4.785981 4.072761 4.679638 5.032282 7.635955 7.186000 4.137242 4.799568 4.595286 4.703435 3.908220 4.144310 4.051712 4.377417 4.319062 4.349849 4.734223 4.173920 4.570546 4.319062 4.760298 4.990734 4.760298 4.467894 7.186000 7.211212 4.316077 4.545099 4.391004 4.366264 3.971837 4.137242 4.475827 4.785981 4.319062 4.887454 4.011814 4.346708 4.505122 4.812763 4.770116 4.965051 4.719929 4.667071 7.423583 7.423583 4.799568 4.289216 3.984560 4.341524 3.907513 4.137242 4.523815 4.760298 4.319062 4.785981 4.825015 4.338696 4.187900 4.887454 4.808522 4.319062 4.679873 4.975183 7.186000 6.998840 7.661166 4.366264 4.366264 4.774121 4.161982 4.742313 4.509756 5.252900 4.811663 4.187036 5.252900 4.539680 4.539680 4.811663 4.426268 4.469151 4.433337 4.631257 7.236423 6.998840 4.922561 4.378281 4.574080 5.020815 4.595286 4.060194 4.452501 3.932960 4.366264 4.785981 5.186848 4.403570 4.506300 4.457763 4.705556 4.542115 4.407654 5.032282 7.423583 7.186000 5.151584 4.688591 5.001023 4.292751 5.151584 4.667386 4.596700 3.847430 3.908220 4.295578 4.187036 4.606517 5.106423 5.000866 4.041345 4.565362 4.270838 4.380401 4.735087 4.668092 7.661166 4.538031 3.609219 4.749538 3.827324 4.637855 4.487844 5.013039 4.289216 4.137242 4.401921 5.211352 4.910388 4.566462 4.951857 4.570546 4.137242 4.366264 