Releaseoutput64/11/pinuechi_Bio_20.asc
ncols  20
nrows  20
xllcorner  0
yllcorner  0
cellsize  0
NODATA_value  -9999
0.000000 0.000000 0.000000 0.000000 0.000000 0.000000 0.000000 0.000000 0.000000 0.000000 0.000000 0.000000 0.000000 0.000000 0.000000 0.000000 34.844330 32.281040 33.650068 0.000000 0.000000 0.000000 0.000000 0.000000 0.000000 0.000000 0.000000 0.000000 0.000000 0.000000 0.000000 0.000000 0.000000 0.000000 0.000000 0.000000 35.019096 36.213357 0.000000 0.000000 0.000000 0.000000 31.931508 35.019096 33.650068 0.000000 0.000000 0.000000 0.000000 0.000000 0.000000 0.000000 0.000000 35.019096 34.844330 32.281040 34.844330 33.650068 31.261545 34.844330 35.019096 32.281040 36.038591 37.582385 31.086779 34.844330 34.844330 33.650068 33.475302 32.281040 35.019096 32.455807 33.650068 36.038591 0.000000 0.000000 0.000000 0.000000 0.000000 0.000000 33.475302 30.912012 29.892517 33.650068 32.281040 34.669563 35.019096 31.086779 36.038591 36.213357 0.000000 0.000000 0.000000 0.000000 0.000000 0.000000 36.038591 35.193862 16.898960 15.699629 33.650068 33.475302 36.213357 32.455807 33.824834 29.717751 0.000000 0.000000 0.000000 0.000000 0.000000 0.000000 30.912012 18.267988 16.898960 16.371629 16.032691 15.529932 16.560022 16.560022 34.669563 0.000000 0.000000 0.000000 0.000000 0.000000 0.000000 0.000000 15.722677 15.529932 16.474535 16.285539 16.796054 14.819480 14.589078 16.898960 16.268120 16.898960 15.529932 15.008476 0.000000 0.000000 0.000000 0.000000 33.475302 31.086779 16.135597 16.147102 18.456984 15.008476 16.898960 13.782912 16.898960 15.442563 13.869002 16.898960 16.796054 13.632970 15.141028 18.616959 30.912012 32.455807 35.019096 36.038591 36.213357 14.916511 16.796054 16.898960 18.118046 16.377504 16.474535 17.929050 34.844330 15.840153 13.821966 16.377504 16.898960 11.978519 15.442563 13.723981 31.261545 37.407619 29.717751 33.824834 14.734965 14.530945 15.002601 17.087956 16.646112 12.602880 16.898960 15.340936 17.376484 15.247383 13.738686 16.898960 15.340936 16.377504 16.626538 16.891742 15.953079 33.650068 33.650068 14.124014 16.274598 15.442563 14.252729 15.340936 15.340936 16.377504 16.898960 16.898960 17.969254 11.745728 13.636212 12.769269 13.443975 12.178455 15.341165 16.017753 13.971908 33.824834 34.844330 15.930365 15.535697 14.226489 14.530945 15.340936 13.680006 15.529932 13.782912 16.898960 10.887724 16.764965 13.949141 14.199697 17.448181 15.651575 16.170263 17.448181 33.650068 35.193862 35.019096 13.738686 15.445484 13.949141 14.124014 13.037523 18.456984 16.371629 11.662027 16.898960 13.971908 15.925099 16.114580 16.599229 17.331586 15.823939 16.017753 16.891742 33.475302 29.717751 14.621158 14.042274 15.840153 16.844904 12.943521 14.530945 14.954760 14.183395 12.313805 15.151940 16.377504 14.766569 16.529582 13.598367 18.878610 17.331586 17.448181 13.241207 34.844330 32.455807 15.930365 17.239573 15.930365 15.840153 15.535697 14.436943 13.949141 17.448181 16.017753 17.331586 13.728685 16.898960 16.898960 17.628001 13.115593 17.448181 14.901321 14.695440 33.475302 33.650068 15.617436 12.999021 13.416416 14.436943 12.785978 13.554472 17.448181 17.842901 15.028795 17.448181 15.001998 16.560022 11.851023 16.017753 14.594417 17.448181 16.992717 18.083465 33.650068 33.824834 35.193862 15.442563 14.436943 17.239573 14.621158 16.926644 15.442563 16.017753 16.778651 16.778651 20.386256 16.775146 15.823939 16.017753 12.769269 12.406644 17.448181 16.662056 33.824834 32.455807 18.325754 14.430249 16.253644 16.475832 15.617436 15.930365 13.516838 9.837303 13.545999 17.082003 18.512431 17.331586 16.798903 17.082003 14.573330 15.368475 17.448181 18.277278 34.844330 33.650068 16.764965 16.438842 17.929050 14.160904 18.457057 18.457057 14.037008 14.133355 12.943521 15.535697 17.448181 16.412472 15.637580 15.823939 14.199697 17.448181 16.844904 15.132555 15.988546 17.931085 33.824834 15.617436 13.127736 17.843562 15.275204 17.087956 12.738158 18.457057 15.930365 15.930365 16.096597 15.651575 16.697928 16.992717 15.831394 15.617436 13.127736 15.930365 