Releaseoutput64/11/pinuechi_RelativeDensity_10.asc
ncols  20
nrows  20
xllcorner  0
yllcorner  0
cellsize  0
NODATA_value  -9999
0.000000 0.000000 0.000000 0.000000 0.000000 0.000000 0.000000 0.000000 0.000000 0.000000 0.000000 0.000000 0.000000 0.000000 0.000000 0.000000 1.426403 1.390959 1.429742 0.000000 0.000000 0.000000 0.000000 0.000000 0.000000 0.000000 0.000000 0.000000 0.000000 0.000000 0.000000 0.000000 0.000000 0.000000 0.000000 0.000000 1.503970 1.468526 0.000000 0.000000 0.000000 0.000000 1.465187 1.468526 1.503970 0.000000 0.000000 0.000000 0.000000 0.000000 0.000000 0.000000 0.000000 1.429742 1.465187 1.429742 1.465187 1.394297 1.355514 1.468526 1.429742 1.394297 1.465187 1.503970 1.352175 1.426403 1.426403 1.355514 1.468526 1.355514 1.468526 1.433081 1.503970 1.465187 0.000000 0.000000 0.000000 0.000000 0.000000 0.000000 1.426403 1.355514 1.316731 1.390959 1.426403 1.387620 1.429742 1.390959 1.465187 1.429742 0.000000 0.000000 0.000000 0.000000 0.000000 0.000000 1.465187 1.433081 0.947564 0.819027 1.429742 1.465187 1.429742 1.468526 1.358853 1.429742 0.000000 0.000000 0.000000 0.000000 0.000000 0.000000 1.352175 0.885517 0.873336 0.792065 0.929095 0.869632 0.856874 0.898996 1.426403 0.000000 0.000000 0.000000 0.000000 0.000000 0.000000 0.000000 0.834553 0.873336 0.857884 0.831214 0.829207 0.816631 0.760325 0.845766 0.895657 0.912120 0.873336 0.819970 0.000000 0.000000 0.000000 0.000000 1.503970 1.320070 0.785985 0.852809 0.947564 0.867595 0.837892 0.733723 0.912120 0.760071 0.834553 0.869997 0.908781 0.821429 0.705801 0.883799 1.465187 1.358853 1.429742 1.465187 1.429742 0.857884 0.837892 0.927037 0.912120 0.855414 0.864990 0.895657 1.390959 0.872115 0.878474 0.858753 0.799108 0.811285 0.834457 0.893306 1.358853 1.503970 1.394297 1.429742 0.785439 0.805662 0.776575 0.841231 0.858206 0.830849 0.908781 0.799108 0.951505 0.825314 0.746019 0.837892 0.834553 0.947564 0.900059 0.973149 0.809655 1.429742 1.465187 0.856434 0.912120 0.845272 0.868814 0.799108 0.799108 0.834553 0.908781 0.873336 0.859106 0.750921 0.814072 0.915179 0.898996 0.760325 0.842877 0.796013 0.775242 1.503970 1.390959 0.812120 0.819796 0.857454 0.849778 0.869997 0.799108 0.827510 0.866293 0.814628 0.780639 0.824871 0.868814 0.859532 0.850567 0.936604 0.880284 0.896683 1.429742 1.433081 1.503970 0.785439 0.792640 0.779715 0.868814 0.837758 0.888856 0.822439 0.869997 0.873336 0.834553 0.913847 0.852471 0.873531 0.896683 0.780295 0.875856 0.936604 1.465187 1.390959 0.796799 0.906471 0.872115 0.885353 0.759141 0.795280 0.779715 0.824102 0.820216 0.831214 0.890859 0.795837 0.868814 0.820216 0.893306 0.927034 0.893306 0.838606 1.390959 1.394297 0.824698 0.862356 0.837758 0.834457 0.763102 0.796799 0.849778 0.896683 0.820216 0.907532 0.772506 0.827510 0.852809 0.895543 0.890489 0.923657 0.882799 0.872016 1.429742 1.429742 0.906471 0.818114 0.766458 0.831156 0.755984 0.796799 0.850567 0.893306 0.820216 0.896683 0.908781 0.824768 0.802447 0.907532 0.895140 0.820216 0.877046 0.925580 1.390959 1.358853 1.468526 0.834457 0.834457 0.900014 0.800100 0.894092 0.855031 0.973149 0.900059 0.796013 0.973149 0.856761 0.856761 0.900059 0.835337 0.841362 0.835934 0.866587 1.397636 1.358853 0.913847 0.820390 0.853853 0.924175 0.872115 0.780456 0.842651 0.762442 0.834457 0.896683 0.959265 0.829445 0.843272 0.836683 0.880422 0.848571 0.832558 0.936604 1.429742 1.390959 0.951505 0.882930 0.934441 0.817365 0.951505 0.872776 0.858115 0.745358 0.759141 0.819796 0.796013 0.861374 0.943005 0.928957 0.772648 0.860138 0.816495 0.829690 0.888614 0.869732 1.468526 0.859735 0.705748 0.893328 0.732083 0.876675 0.835711 0.926347 0.818114 0.796799 0.828415 0.963579 0.914452 0.855621 0.920344 0.868814 0.796799 0.834457 