Releaseoutput64/11/quervelu_BA_20.asc
ncols  20
nrows  20
xllcorner  0
yllcorner  0
cellsize  0
NODATA_value  -9999
0.000000 0.000000 0.000000 0.000000 0.000000 0.000000 0.000000 0.000000 0.000000 0.000000 0.000000 0.000000 0.000000 0.000000 0.000000 0.000000 33.219200 38.484509 44.041358 0.000000 0.000000 0.000000 0.000000 0.000000 0.000000 0.000000 0.000000 0.000000 0.000000 0.000000 0.000000 0.000000 0.000000 0.000000 0.000000 0.000000 35.324067 37.558368 0.000000 0.000000 0.000000 0.000000 41.554474 38.586297 44.172049 0.000000 0.000000 0.000000 0.000000 0.000000 0.000000 0.000000 0.000000 35.022474 33.985749 38.998474 40.628332 40.196049 41.715323 41.283040 38.867784 40.346845 41.554474 37.729270 34.538669 38.494562 44.967500 32.686386 39.712244 42.048332 39.983677 35.303961 41.283040 44.021252 0.000000 0.000000 0.000000 0.000000 0.000000 0.000000 37.417625 42.542190 36.662386 38.504616 38.857731 42.611305 40.055306 39.633076 40.487589 38.796155 0.000000 0.000000 0.000000 0.000000 0.000000 0.000000 37.660155 45.922544 24.100178 21.655783 40.346845 42.339872 40.638385 39.139217 40.206102 37.990651 0.000000 0.000000 0.000000 0.000000 0.000000 0.000000 39.712244 22.386046 23.809895 20.580023 23.221789 22.269179 25.120724 22.492861 39.290014 0.000000 0.000000 0.000000 0.000000 0.000000 0.000000 0.000000 23.759629 23.546001 26.105928 24.956026 24.929637 23.419081 25.099283 27.039766 21.321518 24.420620 23.744471 24.411902 0.000000 0.000000 0.000000 0.000000 39.159323 40.710014 28.908542 25.297910 22.396099 23.020648 23.135081 25.130777 25.598246 26.464776 23.737088 25.240026 25.023963 26.892740 23.760493 26.165068 38.926846 40.196049 40.477536 42.209182 37.578474 22.936453 22.742931 24.748681 25.076663 28.321536 25.093000 22.970383 42.048332 24.147537 23.495735 22.811968 23.759629 24.654355 23.298051 23.701431 39.290014 41.907589 39.139217 38.504616 24.021874 22.292741 21.207085 23.973258 23.398974 20.475722 25.307963 26.601121 23.597994 28.118510 24.650192 21.498704 24.293700 25.889865 25.199971 26.172608 23.532178 34.387873 39.561447 23.071856 25.287857 24.328493 23.700175 22.406153 24.889424 23.093533 25.511538 24.371690 22.596297 23.871077 26.002334 24.443161 23.961869 25.698777 24.307444 22.640515 21.561535 41.001553 40.216155 28.118510 20.613874 22.302794 26.097838 24.548876 23.876496 21.605518 24.421955 21.794092 25.889865 22.595041 23.896210 27.083041 22.748586 19.998122 21.219887 21.255387 36.360793 40.487589 44.826756 21.237166 24.278228 26.600493 24.806015 22.966299 26.036891 23.755859 24.695902 26.848522 24.125232 21.441448 23.529272 23.366852 25.104152 22.949962 26.092497 22.220170 39.198279 40.418474 19.462794 23.172387 25.248351 25.469520 23.840918 25.605236 25.876670 23.915060 23.701431 23.514506 25.889865 22.533073 24.609980 23.711170 19.175967 23.917573 24.817639 18.765989 37.276881 42.319766 25.720847 24.901520 22.996458 25.188033 22.363113 26.319006 19.864918 23.429998 22.298396 25.614661 23.769682 24.421955 24.909531 21.109303 23.411462 26.220674 25.210024 24.159161 40.457430 40.628332 24.589874 19.623644 25.479573 21.533732 24.303360 19.774440 24.051090 22.502285 24.377502 23.719024 25.170990 23.809895 24.563877 22.788484 21.383564 26.348851 26.240781 28.133904 34.116439 38.353819 38.504616 26.766369 24.806015 21.759927 22.905980 24.609980 26.846794 26.026838 23.462670 24.389754 22.130007 23.817042 22.313790 23.982918 22.492232 25.592042 20.141064 24.820152 43.386650 41.776898 22.320544 25.645213 24.228276 23.443978 26.329059 25.600210 20.513343 22.493803 21.026051 24.729674 25.954267 21.225228 22.987033 24.433108 24.051090 24.875444 23.796936 26.997276 41.132244 42.974473 24.363286 23.634829 21.536481 27.751023 23.568935 20.264529 22.157731 24.484316 23.112068 29.284670 25.202170 25.328148 25.712679 24.603697 26.155015 21.866113 25.816351 23.519219 22.344499 24.572045 39.722297 23.609697 23.016564 25.571857 21.413331 25.852087 24.488400 23.706065 25.434334 22.448564 24.673754 22.328555 28.005727 25.594555 24.722135 20.628954 20.106193 27.133307 