Releaseoutput64/11/queralba_BA_30.asc
ncols  20
nrows  20
xllcorner  0
yllcorner  0
cellsize  0
NODATA_value  -9999
0.000000 0.000000 0.000000 0.000000 0.000000 0.000000 0.000000 0.000000 0.000000 0.000000 0.000000 0.000000 0.000000 0.000000 0.000000 0.000000 14.086077 19.922704 20.096945 0.000000 0.000000 0.000000 0.000000 0.000000 0.000000 0.000000 0.000000 0.000000 0.000000 0.000000 0.000000 0.000000 0.000000 0.000000 0.000000 0.000000 20.009824 19.922704 0.000000 0.000000 0.000000 0.000000 15.235978 16.473000 13.998956 0.000000 0.000000 0.000000 0.000000 0.000000 0.000000 0.000000 0.000000 15.235978 17.622901 17.710021 16.385879 18.772803 18.947043 17.622901 17.448661 13.998956 18.685682 17.622901 16.473000 15.235978 16.473000 13.911836 13.911836 17.535781 20.009824 20.096945 16.473000 21.159726 0.000000 0.000000 0.000000 0.000000 0.000000 0.000000 17.448661 17.622901 18.598562 15.148858 16.473000 15.148858 18.772803 15.148858 15.235978 17.622901 0.000000 0.000000 0.000000 0.000000 0.000000 0.000000 20.009824 15.235978 1.774686 1.940876 16.385879 20.009824 19.922704 21.159726 15.148858 15.235978 0.000000 0.000000 0.000000 0.000000 0.000000 0.000000 16.298759 1.774686 1.537103 1.940876 1.406157 1.940876 1.940876 1.940876 15.148858 0.000000 0.000000 0.000000 0.000000 0.000000 0.000000 0.000000 1.703293 1.774686 1.940876 1.774686 3.299006 1.940876 1.940876 1.774686 1.774686 1.774686 1.940876 1.572347 0.000000 0.000000 0.000000 0.000000 15.061737 19.922704 1.940876 1.940876 1.740580 3.393548 1.774686 1.940876 1.572347 1.876709 1.774686 1.774686 1.774686 1.940876 1.876709 1.586347 20.009824 19.922704 16.298759 15.323098 17.535781 1.940876 1.940876 1.940876 1.774686 1.740580 3.299006 3.227358 21.246846 1.717666 1.574389 1.940876 1.940876 1.940876 1.876709 2.006142 15.235978 15.148858 18.772803 15.148858 1.876709 1.876709 1.940876 1.940876 1.940876 1.940876 1.940876 1.774686 2.072509 1.876709 1.684267 1.940876 1.940876 1.940876 1.626776 2.006142 1.940876 15.235978 17.448661 1.717666 1.537103 1.876709 1.876709 1.940876 1.940876 1.774686 3.393548 1.940876 2.072509 1.876709 1.876709 2.006142 1.940876 1.774686 2.006142 1.626776 1.774686 17.535781 15.148858 1.518862 1.717666 3.214262 1.876709 1.940876 1.940876 1.940876 1.774686 3.020955 1.940876 1.675078 1.717666 2.006142 2.006142 2.006142 1.626776 1.832648 16.385879 16.385879 15.235978 1.525224 1.717666 1.717666 1.876709 1.876709 1.940876 3.132816 1.940876 1.940876 1.940876 3.291309 1.876709 2.006142 1.626776 2.006142 2.006142 2.006142 17.448661 17.535781 1.876709 1.876709 1.876709 1.876709 3.308097 1.876709 1.717666 3.480256 4.685626 1.940876 1.940876 1.774686 1.876709 2.006142 1.626776 2.006142 1.626776 2.006142 15.061737 16.473000 1.876709 1.876709 1.607926 1.876709 1.876709 1.717666 1.876709 1.832648 1.380475 1.832648 1.940876 1.406157 1.940876 2.006142 1.626776 1.626776 2.006142 2.006142 16.385879 18.598562 1.518862 1.876709 1.876709 1.876709 1.876709 1.876709 1.073914 2.006142 2.006142 2.006142 1.940876 1.774686 1.662825 2.006142 1.380475 2.006142 2.006142 2.006142 18.772803 13.998956 16.298759 1.717666 1.876709 1.717666 1.876709 1.717666 1.876709 2.006142 1.626776 2.006142 2.006142 2.006142 1.832648 2.006142 2.006142 2.006142 1.626776 2.006142 21.072605 20.009824 1.856033 1.856033 2.072509 2.072509 1.717666 1.717666 1.717666 1.876709 1.876709 3.100889 2.006142 2.006142 3.306762 2.006142 1.832648 1.626776 2.006142 2.006142 15.148858 15.148858 1.682146 1.876709 1.774686 1.940876 1.817333 1.817333 1.856033 3.214262 1.717666 1.717666 1.453281 3.480256 2.006142 2.006142 3.211513 3.005640 1.876709 1.876709 1.774686 2.072509 18.772803 1.876709 1.876709 1.940876 1.940876 1.940876 2.072509 1.891553 1.607926 1.647687 3.385007 2.006142 1.626776 1.832648 2.006142 1.717666 1.518862 1.876709 