Releaseoutput64/11/queralba_BA_10.asc
ncols  20
nrows  20
xllcorner  0
yllcorner  0
cellsize  0
NODATA_value  -9999
0.000000 0.000000 0.000000 0.000000 0.000000 0.000000 0.000000 0.000000 0.000000 0.000000 0.000000 0.000000 0.000000 0.000000 0.000000 0.000000 15.323098 22.309627 20.096945 0.000000 0.000000 0.000000 0.000000 0.000000 0.000000 0.000000 0.000000 0.000000 0.000000 0.000000 0.000000 0.000000 0.000000 0.000000 0.000000 0.000000 20.009824 21.159726 0.000000 0.000000 0.000000 0.000000 18.772803 19.922704 22.396747 0.000000 0.000000 0.000000 0.000000 0.000000 0.000000 0.000000 0.000000 19.922704 22.309627 20.009824 19.922704 21.159726 22.396747 21.246846 21.159726 19.922704 23.546649 18.772803 18.859923 17.535781 21.246846 19.835584 18.685682 18.772803 20.009824 22.396747 18.859923 22.396747 0.000000 0.000000 0.000000 0.000000 0.000000 0.000000 22.309627 22.396747 21.072605 21.159726 20.096945 21.246846 21.072605 21.159726 21.246846 23.546649 0.000000 0.000000 0.000000 0.000000 0.000000 0.000000 21.246846 20.009824 12.455767 11.277179 20.009824 23.546649 21.159726 22.396747 18.859923 20.009824 0.000000 0.000000 0.000000 0.000000 0.000000 0.000000 19.835584 9.967036 11.003467 12.543947 13.722535 11.277179 11.277179 11.277179 19.922704 0.000000 0.000000 0.000000 0.000000 0.000000 0.000000 0.000000 11.277179 8.677216 12.543947 11.188998 12.455767 8.920002 11.277179 12.212981 9.861008 10.010410 10.010410 11.039596 0.000000 0.000000 0.000000 0.000000 21.072605 22.309627 13.679162 10.098591 11.141913 12.377757 12.543947 12.455767 11.277179 8.216168 11.277179 9.665306 11.277179 11.277179 8.620137 12.646069 23.546649 21.072605 19.922704 19.922704 21.159726 11.233805 11.141913 8.920002 11.277179 11.141913 11.188998 12.436426 22.396747 10.938986 10.796809 12.500574 9.963325 11.277179 12.098411 10.334858 16.473000 19.922704 21.159726 20.009824 10.938986 9.692088 12.455767 11.039596 11.188998 11.277179 12.543947 11.169658 9.299428 9.779562 9.650737 12.455767 9.861008 11.277179 9.136949 12.573262 9.878856 21.159726 21.159726 9.692088 10.873405 12.098411 12.098411 11.277179 9.963325 9.875145 12.543947 11.277179 11.823796 12.098411 12.185884 11.621654 13.722535 10.098591 13.932865 11.621654 12.306364 19.835584 22.396747 12.185884 8.343402 12.098411 10.797438 10.010410 12.455767 12.543947 9.947696 12.455767 11.188998 10.606409 12.084097 11.574511 11.621654 11.621654 11.448160 14.106359 23.546649 20.009824 18.859923 10.938986 10.837199 10.857874 12.098411 10.938986 11.277179 12.455767 10.010410 11.277179 11.277179 13.041183 10.899225 10.423745 11.574511 11.621654 7.850153 11.621654 19.835584 22.309627 10.938986 8.445190 10.938986 11.956862 13.345309 12.098411 10.837199 12.908451 13.860059 11.141913 11.277179 11.034392 10.938986 11.621654 9.225836 11.375353 11.448160 11.479792 18.685682 20.009824 10.938986 13.345309 11.956862 9.867035 10.938986 10.938986 10.670203 8.801761 10.250251 10.310334 10.010410 12.348246 11.277179 12.819563 11.621654 12.908451 11.574511 11.710542 20.009824 21.072605 12.146123 10.938986 9.779562 11.869388 10.938986 10.938986 11.621654 11.621654 11.306297 10.423745 11.277179 12.436426 9.932400 10.423745 11.401016 11.621654 11.621654 11.306297 21.159726 18.772803 21.246846 13.345309 10.938986 12.185884 9.867035 9.677774 10.938986 10.334858 11.479792 10.423745 12.908451 10.334858 10.423745 11.375353 12.819563 11.621654 14.106359 12.573262 21.072605 22.396747 11.823796 11.823796 13.130777 11.823796 10.709964 8.364078 10.938986 10.709964 10.622490 12.908451 12.734956 9.000918 12.734956 11.621654 11.508243 11.621654 10.423745 11.621654 21.159726 18.685682 11.823796 13.305548 10.098591 11.277179 11.642840 10.425454 11.378122 13.345309 10.938986 9.550540 11.621654 12.908451 11.448160 12.662150 12.819563 12.819563 10.938986 9.692088 11.365359 12.990112 22.309627 12.185884 10.938986 10.010410 11.110988 11.277179 13.041183 10.397356 12.098411 10.938986 12.573262 10.334858 10.287714 11.508243 11.710542 12.098411 12.098411 11.969586 