Releaseoutput64/11/queralba_IV_20.asc
ncols  20
nrows  20
xllcorner  0
yllcorner  0
cellsize  0
NODATA_value  -9999
0 0 0 0 0 0 0 0 0 0 0 0 0 0 0 0 0.591835 0.647195 0.614641 0 0 0 0 0 0 0 0 0 0 0 0 0 0 0 0 0 0.662668 0.645599 0 0 0 0 0.566640 0.593857 0.597907 0 0 0 0 0 0 0 0 0.631817 0.670226 0.629324 0.599013 0.619346 0.632627 0.627749 0.623178 0.604707 0.636865 0.611669 0.644308 0.594651 0.561607 0.632614 0.554876 0.595088 0.635046 0.683767 0.582489 0.623586 0 0 0 0 0 0 0.634091 0.610163 0.646323 0.613958 0.629961 0.605506 0.632485 0.642416 0.629359 0.639430 0 0 0 0 0 0 0.644822 0.558141 0.377057 0.424837 0.603358 0.638478 0.642935 0.658163 0.586994 0.623857 0 0 0 0 0 0 0.610127 0.352954 0.407656 0.461809 0.390480 0.361138 0.384984 0.435138 0.589060 0 0 0 0 0 0 0 0.427639 0.371995 0.404934 0.372770 0.426035 0.356577 0.389886 0.379546 0.409342 0.345388 0.398586 0.435706 0 0 0 0 0.623430 0.649772 0.361476 0.339902 0.323546 0.477328 0.384298 0.375334 0.335652 0.327051 0.389412 0.369075 0.356124 0.335642 0.396983 0.313168 0.677367 0.651025 0.614853 0.603947 0.630361 0.361479 0.433301 0.386395 0.411159 0.295930 0.425490 0.456749 0.637392 0.328014 0.407806 0.449793 0.333742 0.392597 0.440160 0.369303 0.580076 0.571371 0.647613 0.595708 0.381470 0.405733 0.431388 0.433221 0.426583 0.420081 0.422536 0.403008 0.356293 0.321737 0.317239 0.366507 0.349671 0.376673 0.352310 0.358905 0.440731 0.655038 0.638425 0.338029 0.297309 0.385800 0.380404 0.360627 0.376096 0.373873 0.458213 0.342938 0.344108 0.343855 0.432651 0.396005 0.433634 0.335610 0.379262 0.334219 0.466822 0.598251 0.633705 0.301342 0.404135 0.434920 0.377885 0.345930 0.402481 0.418765 0.383149 0.477498 0.355180 0.397738 0.463583 0.382571 0.453722 0.491302 0.435503 0.534157 0.642345 0.599385 0.562012 0.387808 0.334965 0.389290 0.387375 0.453957 0.369255 0.467344 0.356302 0.361865 0.356972 0.465281 0.345403 0.418960 0.420061 0.412425 0.343680 0.407879 0.640620 0.668500 0.431694 0.398501 0.422914 0.414755 0.479915 0.419436 0.366097 0.465379 0.540775 0.388510 0.376673 0.386449 0.366289 0.372425 0.422335 0.405966 0.346352 0.508393 0.616510 0.579289 0.329316 0.361802 0.381563 0.419821 0.401481 0.301333 0.421570 0.372430 0.390922 0.333886 0.406229 0.413551 0.385626 0.428322 0.433052 0.460944 0.356266 0.456659 0.619272 0.646768 0.426732 0.439057 0.387255 0.453044 0.355964 0.437436 0.365567 0.368625 0.421219 0.403898 0.386424 0.381560 0.374821 0.371594 0.331135 0.369378 0.425556 0.299106 0.672062 0.614515 0.610461 0.410020 0.386578 0.399912 0.401767 0.322317 0.368723 0.388723 0.418854 0.361149 0.349419 0.407724 0.355867 0.447693 0.427272 0.402529 0.437636 0.428130 0.630832 0.643044 0.392423 0.422933 0.440055 0.408457 0.356205 0.302472 0.412962 0.417838 0.412223 0.424503 0.411166 0.410043 0.446872 0.441098 0.395056 0.382449 0.342652 0.404159 0.578930 0.572418 0.344349 0.344845 0.362703 0.410489 0.384802 0.339442 0.457097 0.429464 0.431235 0.298453 0.420912 0.476305 0.383939 0.444237 0.419509 0.444604 0.369858 0.398805 0.417374 0.441786 0.637588 0.435188 0.444221 0.335209 0.411356 0.376245 0.451555 0.380139 0.386663 0.385426 0.488204 0.406490 0.371612 0.377033 0.406403 0.448183 0.459415 0.387933 