Releaseoutput64/11/quervelu_BA_30.asc
ncols  20
nrows  20
xllcorner  0
yllcorner  0
cellsize  0
NODATA_value  -9999
0.000000 0.000000 0.000000 0.000000 0.000000 0.000000 0.000000 0.000000 0.000000 0.000000 0.000000 0.000000 0.000000 0.000000 0.000000 0.000000 31.517714 35.726191 40.497642 0.000000 0.000000 0.000000 0.000000 0.000000 0.000000 0.000000 0.000000 0.000000 0.000000 0.000000 0.000000 0.000000 0.000000 0.000000 0.000000 0.000000 29.636528 35.565342 0.000000 0.000000 0.000000 0.000000 37.437731 35.444704 41.907589 0.000000 0.000000 0.000000 0.000000 0.000000 0.000000 0.000000 0.000000 32.264156 30.421926 37.427678 37.719217 36.209996 36.401005 37.588527 34.407979 38.353819 36.299218 34.257182 29.001926 37.709164 42.058385 30.058758 37.084616 36.511589 38.776049 32.404899 37.457837 36.560598 0.000000 0.000000 0.000000 0.000000 0.000000 0.000000 34.800050 40.185996 33.763324 34.679412 37.650102 40.487589 36.491483 36.089359 38.363872 31.629554 0.000000 0.000000 0.000000 0.000000 0.000000 0.000000 35.687235 43.929518 18.149059 15.430717 39.561447 39.159323 36.521642 35.303961 38.213076 33.108616 0.000000 0.000000 0.000000 0.000000 0.000000 0.000000 35.173271 18.767403 16.745317 15.605469 15.521195 14.876541 19.373181 16.862184 35.726191 0.000000 0.000000 0.000000 0.000000 0.000000 0.000000 0.000000 18.676847 19.246260 15.249683 16.473805 18.898093 11.857863 21.115037 17.289441 13.348313 17.837334 17.941714 17.756910 0.000000 0.000000 0.000000 0.000000 36.744067 37.015501 20.144756 15.732389 17.738139 16.387097 17.357378 20.513029 17.349759 18.693733 20.502976 19.101668 16.634733 20.249135 16.783644 19.329905 38.926846 34.950846 37.859961 40.507695 36.793076 16.550460 19.633304 18.175448 17.641378 18.759785 18.820103 14.184055 38.213076 16.678087 17.885165 15.247248 17.273104 17.078247 14.089414 17.990330 37.296987 38.343766 36.652333 36.803129 19.332104 17.854299 14.653959 15.956070 15.956070 16.036495 19.099234 21.010657 18.901156 21.091396 14.667468 15.918293 18.723342 18.487173 19.159317 17.236034 18.225714 31.900988 35.997625 17.929697 17.514457 19.613591 16.406653 15.879415 18.596422 15.448389 18.751067 19.182093 16.720027 17.467255 17.979963 18.857410 17.105972 18.028422 19.297547 13.389468 15.146717 37.307040 37.859961 18.955113 17.582865 16.678087 20.076033 17.905271 18.409183 18.536103 16.637168 17.029317 18.032192 18.375725 17.517520 21.349007 18.523144 18.744626 15.475799 16.831397 34.659306 38.916792 39.783872 16.848989 17.512494 19.824706 18.512777 12.058689 17.949332 20.191251 17.309547 19.849367 18.175448 18.309830 17.778901 18.356954 18.241343 16.185171 17.384317 18.093060 34.669359 37.660155 19.110936 18.125733 15.139963 18.663573 16.859043 18.558016 17.979963 16.607401 16.544883 18.137671 18.076253 18.302369 18.648494 17.366410 14.374671 16.748144 16.277848 14.163870 36.491483 38.233182 18.387113 13.063999 16.848989 17.809060 18.507750 17.256140 15.341025 17.831994 12.662817 14.898060 16.453699 18.149059 14.572434 18.289095 16.124224 17.560246 21.062493 16.067047 37.136138 36.511589 17.613025 13.883326 21.387962 18.527857 15.622512 15.511928 18.266790 15.440928 17.776388 19.197016 17.357378 19.246260 18.010750 18.641268 13.482773 19.000980 15.000791 19.425724 31.629554 37.296987 34.830209 19.699042 17.537627 16.773591 15.225414 17.371750 19.709095 18.955427 18.857410 18.817197 14.852507 17.338764 17.995042 16.209989 16.451578 18.379573 15.073361 18.611109 36.350740 39.159323 15.282984 21.103491 19.391952 15.494806 17.256140 20.035821 17.663290 15.999503 15.044459 14.339799 20.328303 17.097804 17.534799 21.524936 16.893914 15.332857 18.228777 17.909277 36.109465 37.568421 19.477953 18.286582 16.791812 19.860756 16.427780 16.405318 15.764983 19.226547 16.069874 19.844812 16.119512 19.297547 18.394967 16.803436 17.974936 16.461631 19.352210 16.210618 15.889469 16.783566 37.880067 18.653520 16.532317 20.249135 15.595415 16.292770 19.119811 17.032380 21.212033 15.944211 15.985994 18.319255 20.554498 15.051056 21.072547 17.623078 15.592352 20.483184 