Releaseoutput64/11/quervelu_IV_20.asc
ncols  20
nrows  20
xllcorner  0
yllcorner  0
cellsize  0
NODATA_value  -9999
0 0 0 0 0 0 0 0 0 0 0 0 0 0 0 0 0.922124 0.916069 0.959168 0 0 0 0 0 0 0 0 0 0 0 0 0 0 0 0 0 0.879294 0.897395 0 0 0 0 0.993357 0.948973 0.972941 0 0 0 0 0 0 0 0 0.902180 0.868023 0.933061 0.952380 0.940240 0.944881 0.932801 0.926832 0.957717 0.921545 0.918751 0.905850 0.946828 1.000348 0.894411 0.988948 0.972666 0.920350 0.873408 0.973776 0.942433 0 0 0 0 0 0 0.916845 0.968611 0.919207 0.936818 0.932195 0.955512 0.924220 0.930989 0.923091 0.907212 0 0 0 0 0 0 0.900207 1.004602 1.192649 1.162726 0.953262 0.933600 0.912566 0.910336 0.965596 0.942480 0 0 0 0 0 0 0.955808 1.187798 1.164677 1.108899 1.207406 1.209912 1.210223 1.144079 0.955457 0 0 0 0 0 0 0 1.171977 1.206722 1.196040 1.214819 1.170645 1.234880 1.218736 1.216644 1.159763 1.221733 1.185371 1.176568 0 0 0 0 0.933186 0.929325 1.267752 1.250053 1.206593 1.126910 1.182618 1.236375 1.243021 1.276381 1.223730 1.208021 1.228815 1.294622 1.201778 1.256448 0.898694 0.920224 0.939201 0.950604 0.909236 1.223963 1.145378 1.193800 1.168277 1.300378 1.173256 1.112892 0.928621 1.250699 1.200081 1.131795 1.226538 1.246825 1.150469 1.243600 0.978003 0.970289 0.929580 0.950965 1.228609 1.186902 1.153538 1.147691 1.167393 1.169292 1.170477 1.207464 1.221712 1.298874 1.287184 1.177588 1.232877 1.224901 1.250048 1.234619 1.161288 0.886137 0.921980 1.254877 1.287425 1.207776 1.208443 1.211718 1.215577 1.195289 1.142129 1.227990 1.203643 1.278132 1.203373 1.230033 1.181404 1.296590 1.230518 1.231146 1.126857 0.960294 0.923866 1.295071 1.156329 1.162782 1.240454 1.241312 1.211923 1.150578 1.223139 1.092877 1.320182 1.165223 1.154530 1.248853 1.123440 1.091505 1.148147 1.046098 0.905290 0.951084 0.999398 1.206303 1.251391 1.235351 1.222151 1.160558 1.207072 1.136489 1.276166 1.219656 1.236529 1.120589 1.222109 1.183753 1.176162 1.177504 1.258300 1.157740 0.918073 0.918988 1.129835 1.203194 1.178448 1.182209 1.142491 1.204220 1.246410 1.180565 1.115132 1.192041 1.224901 1.207311 1.214307 1.237174 1.093730 1.180179 1.222672 1.099137 0.924680 0.985571 1.257456 1.207912 1.184552 1.188817 1.177871 1.297787 1.145024 1.192994 1.178342 1.252802 1.217776 1.168703 1.195040 1.134926 1.197515 1.147967 1.263118 1.181157 0.941210 0.919670 1.174117 1.150421 1.252915 1.132630 1.266207 1.149735 1.205852 1.198123 1.184335 1.172276 1.224148 1.197625 1.251202 1.200342 1.246627 1.221738 1.187153 1.290134 0.872177 0.935640 0.933812 1.204196 1.212842 1.152043 1.183793 1.248521 1.242715 1.216548 1.167080 1.216936 1.176014 1.189663 1.214613 1.152051 1.190337 1.245179 1.104369 1.179746 0.943100 0.933297 1.166532 1.211469 1.164827 1.177445 1.248997 1.271168 1.190239 1.231014 1.187801 1.172226 1.182042 1.153866 1.134509 1.159239 1.222098 1.223264 1.220522 1.192629 0.971216 0.989120 1.222128 1.234329 1.180857 1.223259 1.164253 1.176417 1.154897 1.186226 1.178498 1.318372 1.166851 1.148895 1.236864 1.157870 1.205260 1.120508 1.220565 1.207929 1.174856 1.159028 0.922732 1.159277 1.168613 1.239379 1.186519 1.209927 1.197632 1.178375 1.201366 1.179007 1.125721 1.178660 1.246644 1.218961 1.211586 1.120541 1.124525 1.215972 