Releaseoutput64/11/quervelu_IV_30.asc
ncols  20
nrows  20
xllcorner  0
yllcorner  0
cellsize  0
NODATA_value  -9999
0 0 0 0 0 0 0 0 0 0 0 0 0 0 0 0 0.907758 0.893230 0.928724 0 0 0 0 0 0 0 0 0 0 0 0 0 0 0 0 0 0.825399 0.881981 0 0 0 0 0.965821 0.932364 1.011737 0 0 0 0 0 0 0 0 0.904788 0.860522 0.930107 0.946493 0.907831 0.914127 0.931737 0.904113 0.981055 0.902936 0.894019 0.863723 0.970884 0.977290 0.902983 0.969079 0.923132 0.913665 0.858915 0.943965 0.876536 0 0 0 0 0 0 0.903441 0.963008 0.898137 0.932599 0.958783 0.981600 0.905923 0.954902 0.959329 0.866211 0 0 0 0 0 0 0.888218 1.002840 1.397318 1.355555 0.966610 0.922404 0.897661 0.877342 0.970068 0.922500 0 0 0 0 0 0 0.932893 1.365916 1.372280 1.304917 1.362875 1.314659 1.414820 1.390776 0.935261 0 0 0 0 0 0 0 1.441044 1.423228 1.260882 1.362594 1.352072 1.285777 1.434775 1.333252 1.284853 1.338198 1.375710 1.407761 0 0 0 0 0.962820 0.907158 1.450133 1.328899 1.395362 1.253741 1.454006 1.440804 1.387655 1.384878 1.498889 1.435908 1.350346 1.452933 1.395673 1.460824 0.921505 0.891405 0.948001 0.976399 0.914364 1.342824 1.381993 1.333789 1.407816 1.419761 1.362459 1.235639 0.897917 1.356779 1.496789 1.318701 1.315399 1.370733 1.253696 1.370347 0.968071 0.963139 0.921331 0.948073 1.403755 1.380741 1.323162 1.352359 1.346775 1.379961 1.396471 1.483466 1.365341 1.435816 1.348891 1.317579 1.360312 1.362178 1.443616 1.354777 1.334228 0.902799 0.925217 1.393572 1.366356 1.390821 1.348646 1.330031 1.445031 1.319777 1.351565 1.388844 1.338579 1.368524 1.407233 1.444750 1.375768 1.439023 1.406331 1.269450 1.389161 0.937918 0.957715 1.389599 1.401315 1.360339 1.458367 1.376464 1.421767 1.357799 1.382500 1.275244 1.462219 1.388829 1.374282 1.463190 1.351841 1.402161 1.420288 1.386468 0.918019 0.960065 0.979981 1.407180 1.387790 1.419705 1.407732 1.234913 1.385435 1.331391 1.408148 1.435553 1.400180 1.312264 1.379077 1.390068 1.343102 1.350411 1.348665 1.381285 0.902529 0.943152 1.432177 1.392569 1.293055 1.353695 1.327010 1.428297 1.418301 1.310381 1.298154 1.384969 1.387519 1.414090 1.393045 1.344290 1.275839 1.316069 1.350974 1.348919 0.947539 0.951275 1.391024 1.295689 1.380591 1.376719 1.373102 1.432042 1.345524 1.380443 1.297347 1.317255 1.359379 1.399149 1.303912 1.355893 1.382235 1.376898 1.414889 1.325726 0.950140 0.915087 1.397624 1.357953 1.481487 1.395681 1.369468 1.316196 1.442794 1.316441 1.336274 1.367029 1.387976 1.394155 1.412943 1.374624 1.354142 1.383814 1.308876 1.363375 0.863713 0.975074 0.919841 1.403037 1.378145 1.380497 1.316592 1.365522 1.430233 1.396970 1.358311 1.354269 1.249370 1.316994 1.404186 1.346036 1.404481 1.386216 1.355474 1.353578 0.891709 0.925415 1.267662 1.440083 1.385539 1.301092 1.382406 1.412284 1.478797 1.412432 1.339328 1.239013 1.422775 1.330043 1.294468 1.456931 1.398176 1.361224 1.362225 1.304473 0.947740 0.963651 1.380269 1.396757 1.368034 1.408145 1.329490 1.343700 1.399974 1.342896 1.426477 1.431570 1.320571 1.345349 1.422255 1.363682 1.318865 1.277022 1.429511 1.337778 1.347732 1.344825 0.924555 1.402777 1.424942 1.378481 1.392202 1.321360 1.415006 1.380344 1.440969 1.318525 1.218410 1.379175 1.451480 1.362695 1.431106 1.385568 1.356506 1.445439 