Releaseoutput64/11/queralba_IV_10.asc
ncols  20
nrows  20
xllcorner  0
yllcorner  0
cellsize  0
NODATA_value  -9999
0 0 0 0 0 0 0 0 0 0 0 0 0 0 0 0 0.569669 0.652735 0.600708 0 0 0 0 0 0 0 0 0 0 0 0 0 0 0 0 0 0.624053 0.637158 0 0 0 0 0.587373 0.612339 0.614739 0 0 0 0 0 0 0 0 0.624909 0.652961 0.605176 0.611354 0.636462 0.634405 0.608087 0.639453 0.615065 0.640503 0.613009 0.599458 0.592404 0.610354 0.639420 0.594267 0.589444 0.614310 0.649389 0.582025 0.626955 0 0 0 0 0 0 0.645783 0.633388 0.632612 0.611086 0.612658 0.624338 0.618756 0.620707 0.626533 0.656249 0 0 0 0 0 0 0.640551 0.592639 0.533041 0.518096 0.610521 0.648314 0.613651 0.653691 0.585151 0.611609 0 0 0 0 0 0 0.600359 0.464177 0.480339 0.548240 0.558992 0.514394 0.502754 0.508829 0.608634 0 0 0 0 0 0 0 0.508490 0.443150 0.542934 0.515031 0.545746 0.463610 0.519854 0.524481 0.478344 0.480057 0.499533 0.502818 0 0 0 0 0.634639 0.644210 0.541017 0.482304 0.481524 0.528143 0.534437 0.529582 0.504601 0.435825 0.510013 0.474482 0.507707 0.513848 0.477938 0.537019 0.656941 0.636619 0.618006 0.606944 0.619563 0.520845 0.514077 0.444139 0.501203 0.506297 0.512554 0.509506 0.629598 0.489353 0.501791 0.527318 0.490610 0.522486 0.555725 0.482044 0.563071 0.590269 0.627341 0.617090 0.525005 0.510526 0.543936 0.503799 0.527649 0.541107 0.539817 0.494355 0.467548 0.470395 0.495447 0.526439 0.487370 0.481911 0.457604 0.519057 0.471331 0.639496 0.636659 0.478722 0.473322 0.524704 0.525390 0.518616 0.497678 0.473303 0.525595 0.517658 0.521378 0.555673 0.529381 0.528449 0.550479 0.490619 0.539148 0.547303 0.566665 0.608810 0.644736 0.523321 0.469816 0.531919 0.481313 0.483106 0.531921 0.551278 0.474806 0.540125 0.530987 0.509424 0.527166 0.492607 0.543641 0.535248 0.533266 0.581607 0.650484 0.612623 0.581557 0.524285 0.521307 0.485947 0.522891 0.518320 0.521016 0.534129 0.479285 0.489651 0.495329 0.534357 0.510150 0.501865 0.506857 0.536848 0.432489 0.515387 0.589987 0.620231 0.529249 0.437297 0.504592 0.520804 0.571917 0.521118 0.493122 0.534091 0.573733 0.510007 0.494757 0.499557 0.495760 0.528640 0.480740 0.524175 0.501571 0.527002 0.594362 0.604045 0.498066 0.568913 0.532420 0.482965 0.539155 0.490666 0.484822 0.470467 0.508055 0.467448 0.493213 0.507511 0.513343 0.552868 0.523961 0.538448 0.521438 0.527283 0.617253 0.612813 0.525648 0.508739 0.478432 0.534173 0.521461 0.521209 0.540799 0.528693 0.520072 0.495013 0.504768 0.543211 0.495706 0.504436 0.521915 0.508331 0.535659 0.489318 0.634188 0.598313 0.637982 0.537149 0.503434 0.551749 0.489723 0.466093 0.493938 0.474238 0.502242 0.512083 0.559508 0.485497 0.505619 0.495416 0.546036 0.507658 0.573527 0.538462 0.607496 0.643952 0.527085 0.530456 0.556657 0.535098 0.488151 0.445481 0.507193 0.490353 0.490880 0.531786 0.520470 0.462035 0.537255 0.519551 0.509504 0.527879 0.494616 0.516207 0.623444 0.584936 0.511382 0.551227 0.467741 0.502603 0.512315 0.478402 0.517647 0.558863 0.499853 0.437511 0.545952 0.548088 0.496508 0.522767 0.550785 0.567122 0.486255 0.474385 0.518862 0.529983 0.644432 0.528703 0.550819 0.479728 0.500844 0.497506 0.545427 0.478988 0.546259 0.508720 0.529662 0.495482 0.476074 0.502839 0.524455 0.554201 0.540099 0.512269 