Releaseoutput64/11/queralba_BA_20.asc
ncols  20
nrows  20
xllcorner  0
yllcorner  0
cellsize  0
NODATA_value  -9999
0.000000 0.000000 0.000000 0.000000 0.000000 0.000000 0.000000 0.000000 0.000000 0.000000 0.000000 0.000000 0.000000 0.000000 0.000000 0.000000 14.086077 19.922704 20.096945 0.000000 0.000000 0.000000 0.000000 0.000000 0.000000 0.000000 0.000000 0.000000 0.000000 0.000000 0.000000 0.000000 0.000000 0.000000 0.000000 0.000000 20.009824 19.922704 0.000000 0.000000 0.000000 0.000000 15.235978 16.473000 18.772803 0.000000 0.000000 0.000000 0.000000 0.000000 0.000000 0.000000 0.000000 17.622901 19.922704 18.859923 17.535781 18.772803 20.096945 20.096945 18.685682 17.535781 21.072605 17.622901 17.710021 16.385879 16.473000 16.385879 13.911836 17.535781 20.009824 21.246846 16.473000 21.159726 0.000000 0.000000 0.000000 0.000000 0.000000 0.000000 18.598562 18.772803 18.598562 17.622901 18.859923 18.859923 19.922704 20.009824 20.009824 20.009824 0.000000 0.000000 0.000000 0.000000 0.000000 0.000000 20.009824 16.473000 5.121012 5.347639 17.622901 21.246846 21.159726 21.159726 16.385879 17.535781 0.000000 0.000000 0.000000 0.000000 0.000000 0.000000 17.448661 3.989508 6.278846 6.505473 5.110056 3.989508 5.347639 6.448217 16.298759 0.000000 0.000000 0.000000 0.000000 0.000000 0.000000 0.000000 6.414111 5.046183 6.376824 5.090087 6.523046 3.989508 5.256277 6.221590 5.212373 3.989508 5.256277 6.614407 0.000000 0.000000 0.000000 0.000000 18.598562 21.072605 5.347639 3.989508 3.657128 7.772241 5.212373 5.147342 3.989508 3.842482 5.212373 5.121012 4.943865 3.989508 5.180035 3.789193 22.309627 21.072605 18.685682 18.772803 18.772803 3.989508 6.448217 5.347639 6.479142 3.623022 6.523046 7.671082 21.246846 3.650040 6.146762 6.614407 3.823318 5.110056 6.426933 4.139362 15.235978 16.385879 19.922704 16.298759 4.987592 5.089380 5.347639 6.614407 6.322750 5.055981 6.705769 6.479142 4.111088 3.842482 3.454417 3.989508 3.989508 5.256277 4.139362 5.044357 6.523046 18.772803 19.922704 3.713657 3.422726 5.089380 4.987592 3.989508 5.181448 4.954822 7.972537 3.989508 3.814031 3.683439 7.343021 5.344733 6.376824 3.854243 5.136425 3.634037 6.614407 17.535781 20.096945 3.613460 4.960555 6.177235 5.180035 3.989508 5.256277 5.347639 5.212373 7.643593 3.989508 5.329889 7.635660 5.426159 6.805023 6.805023 6.176921 9.328822 18.772803 17.535781 16.473000 4.801512 3.713657 6.229719 5.089380 6.426933 5.256277 7.745911 3.989508 5.110056 3.989508 6.725050 3.842482 5.518227 6.473193 5.518227 4.139362 5.252664 19.835584 22.309627 5.180035 5.089380 6.426933 6.517587 7.764485 6.426933 5.051210 6.897092 9.470684 5.181448 5.256277 5.046183 4.987592 4.139362 5.186396 5.518227 4.731788 6.631529 17.448661 16.473000 3.842482 4.987592 4.951012 6.517587 5.089380 3.554614 5.020991 4.996821 5.101613 3.997500 5.256277 6.387781 5.347639 5.426159 5.426159 8.183888 4.139362 6.897092 18.859923 21.072605 6.426933 5.180035 5.180035 6.336278 3.842482 5.180035 4.952465 4.139362 6.423222 5.518227 5.256277 5.121012 4.909759 4.139362 3.390917 5.344733 6.805023 3.757561 19.922704 17.622901 17.535781 6.426933 5.180035 5.180035 5.180035 3.713657 5.180035 5.426159 6.299698 4.139362 3.931055 5.426159 3.965868 6.805023 5.518227 5.426159 5.426159 6.596716 21.072605 21.246846 5.237113 6.636870 6.817825 5.510844 4.960555 3.454417 4.951012 5.180035 4.930337 6.565261 6.688784 5.252664 6.688784 6.805023 5.284296 5.094328 3.965868 6.596716 16.298759 16.385879 4.655192 3.842482 3.989508 6.614407 5.201594 3.678137 6.636870 6.336278 6.298108 3.713657 6.663161 8.183888 5.309920 6.805023 6.571093 6.466654 5.089380 5.089380 5.347639 7.611274 19.922704 6.426933 6.426933 3.989508 5.147342 5.256277 6.817825 5.269452 5.948213 4.987592 8.091820 5.179858 5.426159 5.284296 5.518227 6.207453 6.143836 6.177235 