Releaseoutput64/11/quervelu_BA_10.asc
ncols  20
nrows  20
xllcorner  0
yllcorner  0
cellsize  0
NODATA_value  -9999
0.000000 0.000000 0.000000 0.000000 0.000000 0.000000 0.000000 0.000000 0.000000 0.000000 0.000000 0.000000 0.000000 0.000000 0.000000 0.000000 39.983677 41.805801 45.883588 0.000000 0.000000 0.000000 0.000000 0.000000 0.000000 0.000000 0.000000 0.000000 0.000000 0.000000 0.000000 0.000000 0.000000 0.000000 0.000000 0.000000 40.638385 41.122190 0.000000 0.000000 0.000000 0.000000 44.957447 42.843783 47.585075 0.000000 0.000000 0.000000 0.000000 0.000000 0.000000 0.000000 0.000000 40.981447 40.710014 44.806650 43.115217 42.038279 45.661163 46.679039 41.132244 43.255960 45.791854 39.852987 44.031305 41.403677 46.668986 39.139217 43.527394 45.742845 42.892792 41.897536 45.752898 45.592048 0.000000 0.000000 0.000000 0.000000 0.000000 0.000000 42.591199 45.592048 43.537447 46.799677 43.468332 44.604332 44.675960 44.957447 43.266013 43.125270 0.000000 0.000000 0.000000 0.000000 0.000000 0.000000 40.569270 47.493340 31.866430 32.916979 43.759872 44.182102 45.883588 40.710014 46.799677 43.808880 0.000000 0.000000 0.000000 0.000000 0.000000 0.000000 46.436509 34.648939 34.795965 32.043616 32.245935 32.168102 33.899905 32.742385 44.041358 0.000000 0.000000 0.000000 0.000000 0.000000 0.000000 0.000000 33.227525 32.907083 31.876483 32.011022 31.652802 32.750003 32.548863 32.579022 32.168102 32.984916 30.279219 33.034003 0.000000 0.000000 0.000000 0.000000 40.991500 43.910668 35.186780 33.581897 34.902780 32.839146 32.897030 34.638886 32.770109 34.713342 32.907083 31.729457 32.538810 32.984916 31.159572 32.541873 42.752049 42.319766 42.319766 43.910668 44.686013 30.984114 31.768334 34.638886 33.501472 32.434509 32.274916 35.186780 46.014278 34.396669 30.736635 33.439818 31.739510 32.504723 29.199218 34.279173 45.098190 46.799677 43.599022 42.762102 30.300032 28.611112 32.685836 32.710969 30.502901 28.865424 31.429121 34.638886 32.178626 34.869165 30.717236 34.259224 31.429121 36.052681 34.140943 33.874222 34.775859 41.122190 41.262934 32.416209 35.313700 33.049554 32.416209 32.158049 30.690140 33.757826 33.481366 31.505776 33.087882 30.400563 32.969129 31.337386 33.318003 33.160924 35.936049 30.093001 29.180604 42.974473 43.245907 33.818616 29.551077 31.933660 34.713342 32.984916 33.372117 31.263166 32.721022 32.421942 30.734200 31.964291 31.431006 36.478917 30.032683 29.919585 30.271444 30.824364 44.182102 43.527394 45.883588 30.435749 30.405590 34.396669 32.918864 30.898192 30.734200 33.160924 33.424817 35.514840 35.732082 34.061775 30.888138 32.446054 33.484665 31.764643 34.140943 32.659997 47.221907 47.585075 29.470652 33.989519 32.290545 32.154829 31.074121 34.105129 33.863855 34.895240 31.166798 32.243421 34.638886 33.160924 33.401413 32.307824 30.935262 30.723833 34.241160 31.837528 44.312792 45.651110 33.974439 30.244740 30.968563 32.280492 28.967997 34.974722 33.150085 30.334590 30.671054 35.915943 32.615465 36.179601 32.488544 31.671652 32.812678 33.002116 31.759930 32.099537 42.721889 45.883588 31.315395 32.134722 34.225766 30.435749 31.159572 30.978616 30.166200 31.447970 31.354979 32.514227 32.760056 31.145121 30.956547 31.679191 30.804258 34.895240 30.580891 34.713970 42.290863 44.041358 41.132244 34.567572 32.763041 29.018263 31.848209 33.014368 33.863855 34.759209 33.726253 31.651545 30.248196 34.140943 31.355293 34.894926 32.976669 34.895240 32.247820 32.541873 47.493340 43.619128 32.028929 32.744113 31.903972 31.178736 33.150085 32.426262 32.290545 34.145342 32.878652 34.140943 34.140943 33.484665 33.386647 33.620382 33.620067 32.237767 33.416806 32.489094 44.031305 46.175128 33.384448 31.566722 34.785912 34.589798 32.341282 34.484712 31.542611 32.752988 33.989519 37.553341 30.339302 32.652457 34.603386 34.434682 33.250616 29.718524 35.437165 33.989519 31.819935 34.425650 42.339872 32.436315 28.430156 33.160924 35.049806 34.534506 34.363918 33.449243 30.591572 32.290545 34.140943 31.669453 34.150997 34.791881 31.976072 28.560847 31.511430 33.894014 