Releaseoutput64/11/quervelu_IV_10.asc
ncols  20
nrows  20
xllcorner  0
yllcorner  0
cellsize  0
NODATA_value  -9999
0 0 0 0 0 0 0 0 0 0 0 0 0 0 0 0 0.966963 0.914450 0.967390 0 0 0 0 0 0 0 0 0 0 0 0 0 0 0 0 0 0.917292 0.914786 0 0 0 0 0.969723 0.941671 0.953304 0 0 0 0 0 0 0 0 0.929189 0.901757 0.960015 0.943392 0.929088 0.948328 0.959759 0.918126 0.950457 0.929497 0.922134 0.971639 0.956150 0.963169 0.920175 0.957569 0.986160 0.938598 0.913451 0.972189 0.941275 0 0 0 0 0 0 0.918554 0.950506 0.947484 0.967616 0.949753 0.948127 0.949021 0.953077 0.931724 0.912792 0 0 0 0 0 0 0.910982 0.978478 1.028830 1.078298 0.951872 0.918305 0.957157 0.900842 0.992942 0.949558 0 0 0 0 0 0 0.979162 1.116393 1.104024 1.054847 1.019108 1.068006 1.088947 1.066671 0.954360 0 0 0 0 0 0 0 1.082559 1.123669 1.042712 1.071811 1.047493 1.124013 1.085891 1.065506 1.088871 1.085237 1.064407 1.091210 0 0 0 0 0.911696 0.940189 1.078108 1.102522 1.088337 1.057685 1.060036 1.097611 1.067440 1.170059 1.080445 1.090038 1.062062 1.080452 1.129384 1.049054 0.905164 0.934541 0.939497 0.950306 0.948349 1.051179 1.064343 1.124957 1.072300 1.075747 1.070216 1.079838 0.949675 1.094290 1.063782 1.060941 1.094890 1.072216 1.015324 1.099866 1.004152 0.969581 0.943004 0.941217 1.065591 1.064118 1.068576 1.080397 1.052407 1.036939 1.030272 1.109843 1.088640 1.128208 1.102867 1.070235 1.088251 1.094794 1.118396 1.048306 1.136011 0.918067 0.915826 1.098082 1.102878 1.070330 1.054965 1.077027 1.083352 1.111621 1.052988 1.056349 1.073973 1.050786 1.067243 1.040241 1.037400 1.114138 1.075081 1.045303 1.018871 0.940030 0.927137 1.077099 1.090133 1.050761 1.109419 1.091813 1.074465 1.039306 1.099607 1.058223 1.070951 1.083600 1.046750 1.112567 1.037227 1.020988 1.041510 0.995887 0.921234 0.947813 0.972853 1.066580 1.068259 1.117193 1.058408 1.055708 1.049222 1.066773 1.098800 1.103050 1.102285 1.051876 1.061772 1.081031 1.073182 1.063467 1.145814 1.053896 0.975721 0.963349 1.051636 1.127758 1.068287 1.058706 1.030312 1.088349 1.111270 1.081321 1.024455 1.072628 1.092047 1.099865 1.084263 1.065296 1.079958 1.036508 1.080128 1.063322 0.971220 0.967540 1.097020 1.010274 1.046108 1.096776 1.051486 1.113748 1.096115 1.084802 1.070550 1.122248 1.106480 1.102062 1.071648 1.028089 1.055353 1.044516 1.056600 1.062158 0.940993 0.957879 1.039286 1.081256 1.128680 1.044083 1.081548 1.062717 1.042678 1.043210 1.064465 1.078461 1.067718 1.047100 1.085301 1.065468 1.044923 1.099016 1.040778 1.089178 0.933341 0.972024 0.914114 1.063896 1.081594 1.008752 1.095614 1.102896 1.094881 1.090393 1.079881 1.081234 0.989125 1.104985 1.072630 1.088711 1.053775 1.096995 1.029322 1.054155 0.971369 0.934611 1.043524 1.076389 1.037271 1.034426 1.088247 1.140251 1.079984 1.116535 1.093766 1.058642 1.055765 1.130182 1.066594 1.083612 1.074643 1.068926 1.099745 1.052721 0.942277 0.985866 1.060081 1.030032 1.105478 1.099315 1.049508 1.108615 1.062308 1.058549 1.109776 1.165992 1.047141 1.048033 1.081997 1.059565 1.066410 1.012215 1.118608 1.119789 1.058383 1.071038 0.913713 1.057068 1.046684 1.094771 1.129734 1.088645 1.066620 1.094671 1.038497 1.084491 1.079257 1.060811 1.100479 1.095331 1.047494 1.009083 1.051574 1.078888 