Releaseoutput64/11/queralba_IV_30.asc
ncols  20
nrows  20
xllcorner  0
yllcorner  0
cellsize  0
NODATA_value  -9999
0 0 0 0 0 0 0 0 0 0 0 0 0 0 0 0 0.605592 0.667511 0.634734 0 0 0 0 0 0 0 0 0 0 0 0 0 0 0 0 0 0.708903 0.660620 0 0 0 0 0.593234 0.623149 0.546054 0 0 0 0 0 0 0 0 0.617194 0.668830 0.623627 0.604016 0.645630 0.651548 0.621764 0.639360 0.564783 0.643047 0.637007 0.668678 0.594254 0.576061 0.617394 0.571654 0.627272 0.644288 0.691719 0.606226 0.671386 0 0 0 0 0 0 0.634919 0.610982 0.671038 0.603916 0.611101 0.568666 0.641589 0.599331 0.578689 0.655225 0 0 0 0 0 0 0.662156 0.550879 0.217440 0.276323 0.595629 0.643731 0.659334 0.685395 0.584930 0.620663 0 0 0 0 0 0 0.622562 0.204513 0.191011 0.256373 0.198643 0.269845 0.235112 0.260975 0.592993 0 0 0 0 0 0 0 0.219993 0.207547 0.261111 0.230653 0.311273 0.315592 0.220339 0.215441 0.256489 0.213412 0.244277 0.216913 0 0 0 0 0.593873 0.658061 0.237463 0.260747 0.217532 0.331566 0.232661 0.228893 0.214711 0.228394 0.211022 0.214870 0.222234 0.233094 0.258832 0.191796 0.648538 0.677989 0.602238 0.568557 0.618646 0.257538 0.226845 0.234565 0.222671 0.217321 0.321048 0.335340 0.662451 0.219921 0.203536 0.267851 0.241353 0.260210 0.264732 0.246415 0.595958 0.579698 0.651059 0.588942 0.229441 0.242293 0.289751 0.264554 0.263875 0.269852 0.232469 0.206079 0.244348 0.217954 0.246908 0.263449 0.236848 0.233868 0.210770 0.253290 0.234375 0.623017 0.635213 0.215436 0.182269 0.225090 0.255875 0.259978 0.255358 0.229702 0.316225 0.235510 0.270142 0.247523 0.242132 0.257042 0.255560 0.225918 0.241691 0.243486 0.250515 0.626911 0.583167 0.191275 0.213784 0.342518 0.231601 0.244540 0.251391 0.237440 0.233973 0.285844 0.262486 0.197416 0.213613 0.232470 0.239723 0.243785 0.254645 0.231601 0.622428 0.599725 0.574547 0.191032 0.220909 0.197465 0.239691 0.302681 0.240865 0.263937 0.260486 0.241680 0.247936 0.296930 0.242485 0.256132 0.205549 0.266172 0.251781 0.254060 0.635571 0.623994 0.235175 0.237837 0.259654 0.227487 0.343409 0.237256 0.219486 0.350321 0.396290 0.251268 0.240466 0.220277 0.235483 0.256292 0.237801 0.254120 0.227730 0.296995 0.589426 0.601329 0.236461 0.291950 0.218023 0.242089 0.232076 0.226152 0.269691 0.219842 0.220587 0.242374 0.262422 0.178018 0.270567 0.247988 0.241594 0.215384 0.225037 0.261536 0.611423 0.644740 0.207891 0.293072 0.220987 0.236293 0.273441 0.255089 0.145066 0.272053 0.246171 0.233985 0.250759 0.203242 0.220549 0.243702 0.213644 0.238602 0.279832 0.232606 0.679629 0.572482 0.620389 0.199907 0.243581 0.223747 0.264386 0.213420 0.232471 0.246805 0.200728 0.238614 0.265579 0.250990 0.227667 0.270909 0.276149 0.253176 0.250113 0.239497 0.680355 0.645962 0.236085 0.211048 0.239845 0.270632 0.217411 0.199485 0.233027 0.273229 0.270869 0.327901 0.234658 0.249036 0.306035 0.231230 0.239298 0.236069 0.248979 0.244426 0.594546 0.589158 0.204557 0.233326 0.225131 0.230407 0.238997 0.231045 0.254555 0.302234 0.243282 0.203540 0.190881 0.314607 0.256861 0.264095 0.297273 0.296814 0.233882 0.255742 0.232221 0.265109 0.638493 0.243059 0.266038 0.218451 0.276702 0.261675 0.253151 0.237337 0.186815 0.218602 0.340631 0.252702 0.200723 0.256530 0.228464 0.216032 0.226211 0.226787 