Releaseoutput64/11/RelativeDensity_10.asc
ncols  20
nrows  20
xllcorner  0
yllcorner  0
cellsize  0
NODATA_value  -9999
0.000000 0.000000 0.000000 0.000000 0.000000 0.000000 0.000000 0.000000 0.000000 0.000000 0.000000 0.000000 0.000000 0.000000 0.000000 0.000000 19.120962 19.120962 19.120962 0.000000 0.000000 0.000000 0.000000 0.000000 0.000000 0.000000 0.000000 0.000000 0.000000 0.000000 0.000000 0.000000 0.000000 0.000000 0.000000 0.000000 19.120962 19.120962 0.000000 0.000000 0.000000 0.000000 19.120962 19.120962 19.120962 0.000000 0.000000 0.000000 0.000000 0.000000 0.000000 0.000000 0.000000 19.120962 19.120962 19.120962 19.120962 19.120962 19.120962 19.120962 19.120962 19.120962 19.120962 19.120962 19.120962 19.120962 19.120962 19.120962 19.120962 19.120962 19.120962 19.120962 19.120962 19.120962 0.000000 0.000000 0.000000 0.000000 0.000000 0.000000 19.120962 19.120962 19.120962 19.120962 19.120962 19.120962 19.120962 19.120962 19.120962 19.120962 0.000000 0.000000 0.000000 0.000000 0.000000 0.000000 19.120962 19.120962 11.525081 11.367334 19.120962 19.120962 19.120962 19.120962 19.120962 19.120962 0.000000 0.000000 0.000000 0.000000 0.000000 0.000000 19.120962 11.577577 11.779275 11.412430 11.852890 11.288105 11.655679 11.424237 19.120962 0.000000 0.000000 0.000000 0.000000 0.000000 0.000000 0.000000 11.481821 10.893652 11.451024 11.209270 11.365843 10.889564 11.246902 11.500595 11.003222 11.243690 10.627513 11.361247 0.000000 0.000000 0.000000 0.000000 19.120962 19.120962 12.331759 11.313012 11.917457 11.619692 11.680810 11.943528 11.474260 11.113646 11.420479 10.819168 11.394286 11.411065 10.345972 11.622907 19.120962 19.120962 19.120962 19.120962 19.120962 10.984158 11.083017 11.406201 11.607147 11.293902 11.289545 12.179439 19.120962 11.706956 10.829936 11.760252 10.823988 11.261562 10.742319 11.550999 19.120962 19.120962 19.120962 19.120962 10.750854 10.142805 11.530455 11.315966 10.897999 10.557814 11.417866 11.729713 10.918283 11.521501 10.501856 11.919393 10.774665 12.199099 11.287088 11.979123 11.509910 19.120962 19.120962 11.013577 11.878275 11.652259 11.521132 11.216509 10.596265 11.289284 11.859540 11.141567 11.537539 10.950911 11.605154 11.178369 12.057860 11.148130 12.583064 10.792155 10.694774 19.120962 19.120962 11.790469 10.014615 11.388985 11.727423 11.201568 11.748463 11.295920 11.113026 11.522075 10.897203 10.995498 11.290541 12.249554 10.839912 10.920053 10.881618 11.554076 19.120962 19.120962 19.120962 10.774507 10.711498 11.571739 11.611265 10.894600 11.019938 11.697338 11.289783 12.030832 11.988088 12.027174 10.910048 11.124692 11.622669 11.137703 11.001550 11.503054 19.120962 19.120962 10.577067 11.160761 11.243665 11.440483 11.340281 11.821023 11.486934 12.150778 11.521677 11.197359 11.857117 11.348673 11.491689 11.294207 10.584627 10.995999 11.728992 11.154295 19.120962 19.120962 11.574011 11.275413 11.109701 10.996841 10.420462 11.771632 11.346046 10.379626 10.631806 11.905915 11.016969 12.309652 11.332624 11.467793 11.428049 11.841322 11.227035 11.347716 19.120962 19.120962 11.324769 11.181717 11.320560 10.995181 10.909742 10.863559 10.898456 11.169266 10.995512 11.182800 11.469879 11.249588 10.654780 10.994736 10.971546 11.885558 10.996655 11.850962 19.120962 19.120962 19.120962 12.200679 11.310770 10.817709 10.863191 11.173678 11.596367 11.726650 11.678914 10.872529 11.223203 11.490536 10.901963 11.876286 11.700613 11.906704 11.830113 11.588699 19.120962 19.120962 11.318591 11.415103 11.531466 11.149205 11.384430 10.641046 11.232029 11.486724 11.285018 12.053126 12.063369 11.032763 11.777143 11.612741 11.596723 11.333601 11.313863 11.483082 19.120962 19.120962 11.696263 11.586745 11.681979 11.764620 11.393701 11.532520 11.042285 11.715735 11.523054 12.054656 10.836616 11.679459 11.871470 12.055136 11.693732 11.035518 11.909790 11.305932 11.223364 12.048738 19.120962 11.528623 10.223617 11.266615 11.719101 11.788875 11.984470 11.403315 11.055492 11.186176 11.900933 11.054934 11.530899 11.828663 11.338850 10.695748 11.230287 11.760309 