Releaseoutput64/11/RelativeDensity_30.asc
ncols  20
nrows  20
xllcorner  0
yllcorner  0
cellsize  0
NODATA_value  -9999
0.000000 0.000000 0.000000 0.000000 0.000000 0.000000 0.000000 0.000000 0.000000 0.000000 0.000000 0.000000 0.000000 0.000000 0.000000 0.000000 13.458448 15.743209 17.010893 0.000000 0.000000 0.000000 0.000000 0.000000 0.000000 0.000000 0.000000 0.000000 0.000000 0.000000 0.000000 0.000000 0.000000 0.000000 0.000000 0.000000 15.166825 15.656228 0.000000 0.000000 0.000000 0.000000 15.416432 15.161537 16.766407 0.000000 0.000000 0.000000 0.000000 0.000000 0.000000 0.000000 0.000000 14.624436 14.877604 15.647388 15.774902 15.919081 16.415627 16.448391 15.673011 15.652315 16.741089 15.244757 14.400414 15.087750 16.501198 13.807026 14.791968 16.027121 16.132929 15.343698 15.667787 17.304056 0.000000 0.000000 0.000000 0.000000 0.000000 0.000000 15.286880 16.367981 15.007854 15.306528 15.623240 16.462301 16.172462 16.001354 16.292549 15.922115 0.000000 0.000000 0.000000 0.000000 0.000000 0.000000 15.724370 16.673920 4.917364 4.348417 15.705512 16.871527 16.559875 16.152462 15.431480 15.050559 0.000000 0.000000 0.000000 0.000000 0.000000 0.000000 15.448488 5.162854 4.615189 4.511516 4.275743 4.283201 5.268350 4.667741 15.246874 0.000000 0.000000 0.000000 0.000000 0.000000 0.000000 0.000000 4.944749 5.187726 4.404633 4.551910 5.383261 3.568383 5.642409 4.827948 3.916571 4.922994 4.939901 4.762922 0.000000 0.000000 0.000000 0.000000 15.665867 16.450954 5.334466 4.491995 4.837868 4.921808 4.686059 5.469054 4.701684 5.153790 5.360821 5.087141 4.666828 5.413794 4.625521 5.043533 16.270994 16.361191 15.991778 16.416254 15.419511 4.623030 5.374472 5.070793 4.815745 5.009303 5.301236 4.394900 16.860920 4.636679 4.717084 4.350097 4.868281 4.673728 4.163975 4.973472 14.919512 15.912619 15.821705 15.042264 5.254016 4.893667 4.143499 4.500034 4.519005 4.457555 5.241337 5.474067 5.189045 5.623522 4.100456 4.503951 5.120108 5.133491 5.101794 4.799643 5.076542 14.673800 16.007225 4.885644 4.828062 5.319591 4.560760 4.518860 4.949594 4.443257 5.357404 5.212974 4.653028 4.788417 4.932019 5.009271 4.731691 4.836024 5.220567 3.927745 4.200200 15.847161 16.224218 5.151041 4.849846 4.805989 5.349484 4.923610 4.954120 5.094798 4.563925 5.020436 4.814819 4.886620 4.822835 5.600264 5.113946 5.124929 4.165174 4.661440 15.095902 15.757401 16.480358 4.624282 4.753233 5.340596 5.038491 3.616786 4.974686 5.722070 4.704568 5.271161 4.940529 5.266131 4.880330 4.998870 4.975857 4.561608 4.850997 4.924755 15.886140 16.615969 5.140125 4.973801 4.373597 5.161903 4.860731 5.044499 4.845095 4.889774 5.106424 4.920671 4.993838 4.936989 5.079228 4.799715 4.124701 4.723118 4.468844 4.070245 15.062705 15.853391 5.032998 3.834835 4.622745 4.893005 5.095057 4.688105 4.316252 4.923338 3.656226 4.303067 4.582406 4.870910 4.256753 5.022869 4.342170 4.791588 5.650139 4.583270 15.976392 16.470177 4.783785 3.971578 5.661558 5.052582 4.334869 4.454493 4.789677 4.445278 4.949471 5.275339 4.810577 5.257833 4.803388 5.092284 3.842945 5.205703 4.304498 5.331182 14.865278 15.284657 15.334237 5.312895 4.832763 4.614951 4.350402 4.825649 5.271640 5.119191 5.122252 5.172172 4.369398 4.848534 4.839715 4.507168 4.515180 4.964166 4.136265 5.128787 17.071461 16.742733 4.415794 5.491111 5.288148 4.488241 4.779025 5.348474 4.700877 4.382530 4.268807 4.409614 5.438604 4.822731 5.088147 5.667405 4.609079 4.270074 4.990690 4.984700 15.649196 16.027149 5.214155 5.065778 4.674870 5.353132 4.518298 4.608163 4.339311 5.442903 4.368364 5.272533 4.480587 5.508419 4.992960 4.656032 5.157039 4.852418 5.200082 4.561257 4.475533 4.715547 16.036835 5.025216 4.516970 5.540272 4.370462 4.562858 5.133949 4.660989 5.604738 4.498878 4.824513 4.982066 5.379432 4.192702 5.629752 4.845506 4.295795 5.436345 