Releaseoutput64/11/RelativeDensity_20.asc
ncols  20
nrows  20
xllcorner  0
yllcorner  0
cellsize  0
NODATA_value  -9999
0.000000 0.000000 0.000000 0.000000 0.000000 0.000000 0.000000 0.000000 0.000000 0.000000 0.000000 0.000000 0.000000 0.000000 0.000000 0.000000 15.195510 17.004040 17.484104 0.000000 0.000000 0.000000 0.000000 0.000000 0.000000 0.000000 0.000000 0.000000 0.000000 0.000000 0.000000 0.000000 0.000000 0.000000 0.000000 0.000000 16.395327 16.724081 0.000000 0.000000 0.000000 0.000000 17.051922 16.847786 18.410694 0.000000 0.000000 0.000000 0.000000 0.000000 0.000000 0.000000 0.000000 16.407928 16.888042 17.244457 16.891747 16.848816 17.808277 17.938540 16.686329 16.845009 18.179846 15.966292 16.753330 15.985129 17.895386 15.920304 16.713345 17.118092 16.830313 17.116611 17.282022 17.947716 0.000000 0.000000 0.000000 0.000000 0.000000 0.000000 17.215326 17.838043 17.054577 17.868649 16.984062 17.378464 17.445705 17.469664 17.184561 17.602493 0.000000 0.000000 0.000000 0.000000 0.000000 0.000000 16.639498 17.791798 7.482374 6.952264 17.022377 17.861078 17.708469 16.905796 17.358986 16.990492 0.000000 0.000000 0.000000 0.000000 0.000000 0.000000 17.458929 6.961433 7.638297 6.953611 7.274579 6.862226 7.774345 7.408023 17.052956 0.000000 0.000000 0.000000 0.000000 0.000000 0.000000 0.000000 7.631675 7.303186 8.140536 7.641957 7.953580 7.077025 7.677648 8.349052 6.879504 7.327829 7.403020 7.824319 0.000000 0.000000 0.000000 0.000000 16.721966 17.415472 8.569992 7.518820 6.864826 7.721824 7.321209 7.647699 7.604176 7.741055 7.376816 7.719892 7.645335 7.805054 7.375752 7.633349 17.533543 16.847290 16.679398 17.068623 17.461149 6.973985 7.469409 7.696856 7.984265 8.041230 7.977824 7.763804 17.945997 7.178588 7.450979 7.488152 7.152962 7.429137 7.526700 7.091047 16.492212 17.728470 17.199442 16.768412 7.380656 7.052248 6.829794 7.778792 7.575958 6.566956 8.091814 8.263991 7.125471 8.075953 7.143457 6.704289 7.262882 7.925110 7.502972 7.849111 7.647163 16.685299 16.744892 6.956891 7.348297 7.514429 7.301649 6.882560 7.620226 7.204149 8.389835 7.348404 6.815164 6.993461 8.238536 7.473184 7.580175 7.434643 7.439824 6.796865 7.177159 16.891939 17.347019 8.039342 6.681683 7.248697 7.886902 7.334217 7.391722 6.959222 7.499304 7.501722 7.498622 7.105468 7.888802 8.120434 7.535515 6.896305 6.959356 7.724540 17.825634 16.945501 17.305140 6.746048 7.175387 8.172755 7.573024 7.389587 8.012699 7.932277 7.251900 8.024359 7.170251 7.167565 7.100901 7.353460 7.934194 7.305366 7.692236 7.038486 17.747782 18.283268 6.463314 7.228739 7.974963 8.108457 7.877773 8.052626 7.808729 7.687766 8.128208 7.309882 7.925110 7.054753 7.585582 7.070874 6.457184 7.508487 7.501683 6.476008 16.811621 17.354031 7.593886 7.660168 7.175040 8.033073 7.103705 7.604898 6.452974 7.305871 7.001534 7.557549 7.358294 7.827004 7.715174 6.897760 7.195477 8.568784 7.457952 7.780119 16.764229 17.694057 7.835069 6.445734 7.731876 7.149448 7.150143 6.491536 7.426888 6.952742 7.686853 7.485176 7.722611 7.408748 7.361583 6.943610 6.420116 8.001687 8.275908 8.065983 16.927752 16.746628 16.739525 8.299314 7.586477 7.055279 7.192475 7.342168 8.087289 7.911116 7.536636 7.283031 6.874392 7.460907 6.828087 7.760854 7.101713 7.732777 6.666324 7.880191 17.980721 17.419277 7.106631 7.975908 7.794411 7.332818 7.935979 7.433130 6.606938 7.006320 6.673617 7.873039 8.223761 6.892069 7.484230 7.896270 7.425669 7.568429 7.173503 8.394013 17.308455 17.212696 7.313751 7.153898 6.765982 8.510302 7.310943 6.333469 7.200261 7.757496 7.426538 8.311506 8.004394 8.334201 7.779226 7.869594 8.103868 7.258131 7.888477 7.313052 7.122158 8.040525 17.212242 7.632854 7.451900 7.613378 6.856691 7.911083 7.735238 7.415177 7.914696 7.080085 8.114765 7.026345 8.379698 7.805585 7.629639 6.933379 6.727649 8.354637 