Releaseoutput64/11/TotalBio_10.asc
ncols  20
nrows  20
xllcorner  0
yllcorner  0
cellsize  0
NODATA_value  -9999
0.000000 0.000000 0.000000 0.000000 0.000000 0.000000 0.000000 0.000000 0.000000 0.000000 0.000000 0.000000 0.000000 0.000000 0.000000 0.000000 670.790989 788.807571 812.086234 0.000000 0.000000 0.000000 0.000000 0.000000 0.000000 0.000000 0.000000 0.000000 0.000000 0.000000 0.000000 0.000000 0.000000 0.000000 0.000000 0.000000 745.611496 764.990317 0.000000 0.000000 0.000000 0.000000 782.534513 770.070039 867.815670 0.000000 0.000000 0.000000 0.000000 0.000000 0.000000 0.000000 0.000000 744.203920 773.956025 795.999556 774.190187 774.330010 840.100060 839.256776 763.856474 774.070318 861.587912 718.586059 767.923128 717.967939 837.477802 716.147591 763.772596 788.646470 775.014740 790.593530 795.460117 839.916084 0.000000 0.000000 0.000000 0.000000 0.000000 0.000000 799.871349 836.158533 791.551968 836.857915 778.589366 811.258305 808.203802 812.823982 795.301847 823.239795 0.000000 0.000000 0.000000 0.000000 0.000000 0.000000 757.456861 833.791327 554.743407 548.934803 782.063095 838.598482 826.323959 775.589897 804.444766 785.548697 0.000000 0.000000 0.000000 0.000000 0.000000 0.000000 813.795876 553.092281 570.517978 554.019649 576.537920 538.932685 560.649731 548.441601 784.959329 0.000000 0.000000 0.000000 0.000000 0.000000 0.000000 0.000000 551.232506 513.637949 553.543408 533.199569 547.689571 511.249340 540.785808 558.906119 521.312879 533.346731 496.340444 546.053279 0.000000 0.000000 0.000000 0.000000 762.699217 812.195822 609.676559 541.986493 575.781298 564.950260 564.264903 581.690410 547.218950 525.295294 546.656008 512.800891 545.687172 548.003481 484.758172 565.514808 821.128115 776.206748 762.898447 784.294881 809.898091 523.477650 533.868541 539.945664 558.281145 540.119161 538.910707 596.672607 844.144337 563.155130 516.878944 574.449980 514.149658 543.399576 512.343816 555.555530 749.819517 823.634303 793.841072 771.612236 505.765078 467.719207 560.097535 541.957089 515.612657 492.880789 548.550219 566.812528 517.215898 552.114382 494.500354 583.038722 509.849917 592.638368 537.212695 585.131942 551.497007 763.621289 767.084213 519.179010 578.486267 559.102852 552.599075 536.072320 500.634160 539.556314 575.354928 530.551289 561.235374 523.556761 559.070538 537.196518 589.496195 531.817799 626.172083 516.785763 513.962072 771.838670 807.972224 569.900745 465.623395 547.178937 564.316544 531.802937 566.450447 543.828754 528.066364 557.110595 514.201091 529.130442 540.241098 599.990023 517.449935 517.450380 519.266246 564.344265 837.404220 781.193366 797.493594 507.911619 508.917499 560.254837 560.326520 517.273109 519.319838 566.566334 538.215714 581.592563 585.841059 593.861294 516.569866 534.095094 563.143292 537.580542 518.543436 553.963800 827.597709 862.424247 495.505592 523.201716 535.853206 548.701559 550.496953 571.762779 550.951968 596.752558 561.275338 538.543309 571.023083 547.548726 549.748653 546.254036 497.460847 526.515873 572.671212 540.593438 770.904048 808.388369 555.512873 543.023816 533.031059 519.070666 489.036787 567.094484 543.017628 483.223647 507.415832 577.827263 524.359351 605.850323 542.915867 558.124944 558.233963 575.289002 540.981981 545.344136 770.685931 824.864853 540.411671 530.762375 541.728200 522.846374 515.761065 517.347755 517.317788 538.421603 530.734172 534.489671 546.811686 540.437004 503.321507 525.128907 527.802676 578.245469 524.805528 576.911607 775.670111 767.048744 766.684604 597.145402 540.729797 511.852817 512.433627 528.148656 554.391203 564.965349 563.862384 521.020498 545.019971 552.100800 517.278183 579.709321 572.363544 579.220433 579.383523 564.118061 846.834788 810.265889 551.790860 555.766245 564.247200 540.812410 543.871841 499.669398 534.354934 553.350694 536.801956 589.530687 590.353154 525.078475 577.184969 563.251966 565.101821 545.427834 544.222779 550.479858 802.054838 795.401134 567.725102 559.626516 558.784903 568.199650 553.708593 562.263355 538.529631 570.848130 552.780522 582.940527 520.552830 570.353864 578.844722 593.387299 573.769092 529.684236 572.787786 540.367425 538.082957 596.813068 797.583377 554.450543 481.055838 535.120805 571.182550 571.051415 597.357751 547.357515 528.365047 532.373308 583.572993 524.144707 554.231204 579.644828 547.239139 501.598193 539.561434 569.780128 