Releaseoutput64/11/TotalCarbon_10.asc
ncols  20
nrows  20
xllcorner  0
yllcorner  0
cellsize  0
NODATA_value  -9999
-1.#IND00 -1.#IND00 -1.#IND00 -1.#IND00 -1.#IND00 -1.#IND00 -1.#IND00 -1.#IND00 -1.#IND00 -1.#IND00 -1.#IND00 -1.#IND00 -1.#IND00 -1.#IND00 -1.#IND00 -1.#IND00 335.395495 394.403786 406.043117 -1.#IND00 -1.#IND00 -1.#IND00 -1.#IND00 -1.#IND00 -1.#IND00 -1.#IND00 -1.#IND00 -1.#IND00 -1.#IND00 -1.#IND00 -1.#IND00 -1.#IND00 -1.#IND00 -1.#IND00 -1.#IND00 -1.#IND00 372.805748 382.495158 -1.#IND00 -1.#IND00 -1.#IND00 -1.#IND00 391.267257 385.035020 433.907835 -1.#IND00 -1.#IND00 -1.#IND00 -1.#IND00 -1.#IND00 -1.#IND00 -1.#IND00 -1.#IND00 372.101960 386.978013 397.999778 387.095094 387.165005 420.050030 419.628388 381.928237 387.035159 430.793956 359.293029 383.961564 358.983969 418.738901 358.073796 381.886298 394.323235 387.507370 395.296765 397.730059 419.958042 -1.#IND00 -1.#IND00 -1.#IND00 -1.#IND00 -1.#IND00 -1.#IND00 399.935674 418.079266 395.775984 418.428958 389.294683 405.629153 404.101901 406.411991 397.650924 411.619897 -1.#IND00 -1.#IND00 -1.#IND00 -1.#IND00 -1.#IND00 -1.#IND00 378.728431 416.895663 277.371703 274.467402 391.031548 419.299241 413.161979 387.794948 402.222383 392.774348 -1.#IND00 -1.#IND00 -1.#IND00 -1.#IND00 -1.#IND00 -1.#IND00 406.897938 276.546141 285.258989 277.009824 288.268960 269.466343 280.324865 274.220801 392.479665 -1.#IND00 -1.#IND00 -1.#IND00 -1.#IND00 -1.#IND00 -1.#IND00 -1.#IND00 275.616253 256.818974 276.771704 266.599785 273.844786 255.624670 270.392904 279.453059 260.656439 266.673366 248.170222 273.026639 -1.#IND00 -1.#IND00 -1.#IND00 -1.#IND00 381.349608 406.097911 304.838279 270.993247 287.890649 282.475130 282.132451 290.845205 273.609475 262.647647 273.328004 256.400445 272.843586 274.001741 242.379086 282.757404 410.564057 388.103374 381.449223 392.147440 404.949046 261.738825 266.934271 269.972832 279.140573 270.059580 269.455354 298.336303 422.072169 281.577565 258.439472 287.224990 257.074829 271.699788 256.171908 277.777765 374.909758 411.817151 396.920536 385.806118 252.882539 233.859603 280.048767 270.978545 257.806329 246.440395 274.275109 283.406264 258.607949 276.057191 247.250177 291.519361 254.924958 296.319184 268.606347 292.565971 275.748503 381.810644 383.542106 259.589505 289.243133 279.551426 276.299538 268.036160 250.317080 269.778157 287.677464 265.275645 280.617687 261.778381 279.535269 268.598259 294.748098 265.908900 313.086042 258.392882 256.981036 385.919335 403.986112 284.950373 232.811697 273.589468 282.158272 265.901469 283.225224 271.914377 264.033182 278.555297 257.100545 264.565221 270.120549 299.995012 258.724967 258.725190 259.633123 282.172133 418.702110 390.596683 398.746797 253.955809 254.458749 280.127418 280.163260 258.636554 259.659919 283.283167 269.107857 290.796281 292.920530 296.930647 258.284933 267.047547 281.571646 268.790271 259.271718 276.981900 413.798854 431.212124 247.752796 261.600858 267.926603 274.350779 275.248477 285.881390 275.475984 298.376279 280.637669 269.271655 285.511541 273.774363 274.874327 273.127018 248.730423 263.257937 286.335606 270.296719 385.452024 404.194185 277.756437 271.511908 266.515530 259.535333 244.518394 283.547242 271.508814 241.611823 253.707916 288.913631 262.179676 302.925161 271.457934 279.062472 279.116982 287.644501 270.490990 272.672068 385.342966 412.432427 270.205836 265.381187 270.864100 261.423187 257.880532 258.673877 258.658894 269.210801 265.367086 267.244836 273.405843 270.218502 251.660753 262.564454 263.901338 289.122735 262.402764 288.455804 387.835055 383.524372 383.342302 298.572701 270.364898 255.926408 256.216814 264.074328 277.195601 282.482674 281.931192 260.510249 272.509985 276.050400 258.639091 289.854660 286.181772 289.610217 289.691762 282.059031 423.417394 405.132944 275.895430 277.883122 282.123600 270.406205 271.935921 249.834699 267.177467 276.675347 268.400978 294.765344 295.176577 262.539238 288.592485 281.625983 282.550910 272.713917 272.111390 275.239929 401.027419 397.700567 283.862551 279.813258 279.392451 284.099825 276.854297 281.131678 269.264815 285.424065 276.390261 291.470264 260.276415 285.176932 289.422361 296.693649 286.884546 264.842118 286.393893 270.183712 269.041479 298.406534 398.791689 277.225271 240.527919 267.560402 285.591275 285.525708 298.678875 273.678758 264.182523 266.186654 291.786496 262.072354 277.115602 289.822414 273.619570 250.799097 269.780717 284.890064 