Releaseoutput64/11/TotalBA_30.asc
ncols  20
nrows  20
xllcorner  0
yllcorner  0
cellsize  0
NODATA_value  -9999
0.000000 0.000000 0.000000 0.000000 0.000000 0.000000 0.000000 0.000000 0.000000 0.000000 0.000000 0.000000 0.000000 0.000000 0.000000 0.000000 52.552208 62.147358 67.568215 0.000000 0.000000 0.000000 0.000000 0.000000 0.000000 0.000000 0.000000 0.000000 0.000000 0.000000 0.000000 0.000000 0.000000 0.000000 0.000000 0.000000 56.407609 62.674046 0.000000 0.000000 0.000000 0.000000 58.934589 58.229007 62.642591 0.000000 0.000000 0.000000 0.000000 0.000000 0.000000 0.000000 0.000000 54.473763 54.806084 61.873745 60.841143 61.718845 61.659351 61.972685 58.592685 59.088821 61.958529 59.091295 51.761017 59.018862 65.717385 50.494268 57.707286 60.783416 65.759502 59.025518 60.666882 64.906324 0.000000 0.000000 0.000000 0.000000 0.000000 0.000000 59.197128 64.094988 58.198023 56.564316 60.196822 62.584864 62.263126 57.549519 60.760639 56.438456 0.000000 0.000000 0.000000 0.000000 0.000000 0.000000 62.645477 66.401919 21.889125 19.155390 62.471001 65.879982 63.205603 63.012572 59.885608 54.630685 0.000000 0.000000 0.000000 0.000000 0.000000 0.000000 57.732910 23.091962 20.568085 19.950998 19.094187 18.810835 23.401409 20.580023 58.035838 0.000000 0.000000 0.000000 0.000000 0.000000 0.000000 0.000000 22.081705 23.014365 19.740433 20.213871 24.017259 15.354691 25.049332 21.614000 17.289833 22.161894 21.876009 21.231884 0.000000 0.000000 0.000000 0.000000 58.117107 63.461879 23.696012 19.813710 21.444099 22.066311 20.559524 24.274065 20.915526 22.731307 23.770860 22.605565 20.667045 23.985117 20.362468 22.712536 65.435133 60.972481 60.919977 62.991582 61.752440 20.484755 23.957864 22.666198 21.346729 22.376602 23.694618 19.606287 66.433550 20.556618 20.899661 19.181543 21.763854 20.748334 18.409733 22.079663 58.631896 60.491464 61.473643 58.950827 23.311717 21.636698 18.389941 19.827612 19.966156 19.580918 23.234983 24.395723 23.340933 24.990427 18.098381 20.054042 22.921845 22.852259 22.836845 21.296856 22.716463 53.898223 59.707165 21.722699 21.601434 23.678733 20.161485 19.970397 21.883470 19.682156 23.845787 23.289804 20.848080 21.222086 21.676832 22.197944 20.921436 21.366128 23.290668 17.401340 18.358368 61.154124 59.982447 22.917584 21.350420 21.140660 23.627996 21.811528 21.906011 22.762645 20.251570 22.600146 21.153050 22.196824 21.396052 24.984379 22.914384 22.737748 18.490609 20.651023 57.781231 61.826346 61.781107 20.403603 21.108282 23.703238 22.305779 15.841088 21.883627 25.873941 20.687387 23.500291 21.845535 23.877930 21.588867 22.423746 22.526613 20.161092 21.643531 21.980388 59.066437 61.482027 22.610592 21.908132 19.374751 22.983891 21.631043 22.057671 21.483860 21.772729 22.766356 21.936406 21.982509 21.979681 22.527025 21.455742 18.527915 21.110874 19.987814 17.787383 58.501638 61.467439 22.265645 16.687354 20.486306 21.687592 22.572893 20.621492 18.964381 21.953528 16.154992 19.083683 20.269163 21.840882 18.680145 22.566924 19.436071 21.447397 25.329012 20.316365 59.808108 61.608614 21.234790 17.239489 24.971734 22.310255 19.064205 19.549502 21.552307 19.799730 22.139117 23.588255 21.172842 23.480027 21.402787 22.759111 16.821716 23.211657 19.136697 23.976949 56.951242 57.870040 57.890225 23.774787 21.320025 20.396947 19.205027 21.447496 23.372035 22.871265 23.142679 23.208437 19.517144 21.829906 21.608973 20.025925 19.833581 22.195509 18.496421 22.973838 63.709436 65.692822 19.908488 24.851784 23.639463 19.934583 21.193341 23.914353 20.687937 19.105438 18.741328 19.729575 24.321425 21.460533 23.084737 25.376136 20.522846 18.900901 22.318109 22.573914 57.994369 59.215741 23.617845 22.238627 20.733333 23.823089 20.420116 20.607591 19.201551 24.346498 19.205498 23.495735 20.231287 24.736272 22.242554 20.590862 23.241129 21.823858 22.968498 20.190230 19.859028 21.052990 63.201755 22.350389 19.691267 24.739885 19.083918 20.428520 22.936139 20.787211 24.980825 20.035507 21.897470 22.312376 24.139742 18.580085 25.225653 21.560279 19.016904 24.106540 