Releaseoutput64/11/TotalBA_10.asc
ncols  20
nrows  20
xllcorner  0
yllcorner  0
cellsize  0
NODATA_value  -9999
0.000000 0.000000 0.000000 0.000000 0.000000 0.000000 0.000000 0.000000 0.000000 0.000000 0.000000 0.000000 0.000000 0.000000 0.000000 0.000000 62.705148 71.301429 73.404116 0.000000 0.000000 0.000000 0.000000 0.000000 0.000000 0.000000 0.000000 0.000000 0.000000 0.000000 0.000000 0.000000 0.000000 0.000000 0.000000 0.000000 68.521747 69.943082 0.000000 0.000000 0.000000 0.000000 71.366204 70.427653 77.855360 0.000000 0.000000 0.000000 0.000000 0.000000 0.000000 0.000000 0.000000 68.327734 70.655596 72.240058 70.673876 70.409216 75.031540 75.587052 69.715553 70.389876 76.974458 66.499328 69.839646 66.337830 75.314204 65.948430 69.874242 71.489276 70.563783 71.743078 72.486359 75.624751 0.000000 0.000000 0.000000 0.000000 0.000000 0.000000 72.299198 74.962425 71.346098 75.145403 70.963648 73.011967 73.172149 73.303173 72.148814 74.095502 0.000000 0.000000 0.000000 0.000000 0.000000 0.000000 69.452071 74.951959 49.384795 48.528770 71.193279 75.364706 74.466897 70.767927 72.658439 71.242288 0.000000 0.000000 0.000000 0.000000 0.000000 0.000000 73.220510 49.315327 50.412076 48.721899 50.949387 48.054782 49.702940 48.808215 71.362434 0.000000 0.000000 0.000000 0.000000 0.000000 0.000000 0.000000 48.879764 46.196942 48.957597 47.549869 48.463523 45.954274 47.751147 49.268772 46.792549 47.845552 44.902273 48.383079 0.000000 0.000000 0.000000 0.000000 69.937644 72.981552 52.967055 48.185610 51.107291 49.825462 49.841249 50.868883 48.897514 46.879434 48.559322 45.982195 48.641003 48.575580 43.420737 49.919180 73.934653 70.391211 69.666053 71.469327 73.269322 46.755086 47.310519 48.513965 49.628877 48.098274 48.055744 52.386646 75.597026 49.930941 46.204443 50.487455 45.865524 48.046064 45.663893 49.374330 68.570030 74.595919 71.969959 70.195509 45.330315 42.524558 49.201876 48.176048 46.248072 44.514521 48.798083 49.971232 46.629638 49.005094 44.254280 51.115263 45.665189 52.392458 48.089556 51.700384 48.947073 69.705500 70.058615 46.621588 51.037332 49.607534 49.085166 47.597916 44.816154 48.008031 50.850328 47.395597 49.519687 46.405780 49.411008 47.877910 51.829190 47.184620 54.342542 45.901692 45.516925 70.683595 72.828655 50.251305 42.190057 48.556671 49.986606 47.582758 49.990573 48.153821 47.253008 49.152317 46.004206 46.963825 48.085648 52.640153 46.178152 46.573521 46.442517 49.716704 75.152334 70.986013 72.617049 45.466031 45.401236 49.306255 49.587820 46.228182 46.735942 49.941485 48.022659 51.404662 51.384321 52.025520 46.280862 47.541348 49.845156 47.459058 46.670734 49.313932 74.693445 77.080702 44.546880 47.234277 47.824818 48.815126 48.327649 50.347850 48.752765 52.181107 49.345918 47.735184 50.650287 48.369236 48.910945 48.248540 44.921397 47.089921 50.449618 47.785214 70.184475 72.872146 49.229502 48.135148 47.316429 46.513792 43.878820 50.050950 48.296115 43.922331 45.240367 51.113731 46.637688 52.874555 48.270845 49.303978 49.204448 50.875618 48.054370 48.477150 70.155297 74.379777 48.261087 47.362925 47.989889 46.646661 46.006071 46.054844 46.311670 47.829923 46.980338 47.723953 48.862250 47.920243 45.076847 46.990391 47.013796 50.835956 46.882418 50.995450 70.636589 69.813001 70.040256 52.279144 48.068291 45.978268 45.877227 47.434455 49.312597 50.346967 50.017708 46.262327 48.409547 49.015481 46.318718 51.081942 50.222501 50.986045 50.787516 49.746392 75.802369 73.014716 48.775287 48.946189 49.608830 48.023347 48.455335 44.850534 47.682032 48.788265 47.867406 51.835375 52.062747 46.889153 50.627904 49.699799 49.833866 48.401535 48.248206 49.143030 72.614614 72.046811 50.359828 49.560862 49.885526 50.159728 49.135706 49.577551 47.517432 49.945726 48.836725 51.399459 46.147993 50.167425 51.157969 52.097698 50.111524 47.103449 50.646989 48.062008 47.920381 52.083855 72.310665 49.160230 42.978361 47.920872 49.988118 50.449540 51.892944 48.859639 46.979199 47.366773 51.116127 47.215663 49.349099 50.866586 48.638470 45.229803 47.747083 50.229864 