Releaseoutput64/11/TotalBio_20.asc
ncols  20
nrows  20
xllcorner  0
yllcorner  0
cellsize  0
NODATA_value  -9999
0.000000 0.000000 0.000000 0.000000 0.000000 0.000000 0.000000 0.000000 0.000000 0.000000 0.000000 0.000000 0.000000 0.000000 0.000000 0.000000 562.979605 708.401630 785.489011 0.000000 0.000000 0.000000 0.000000 0.000000 0.000000 0.000000 0.000000 0.000000 0.000000 0.000000 0.000000 0.000000 0.000000 0.000000 0.000000 0.000000 670.333484 700.195777 0.000000 0.000000 0.000000 0.000000 684.963827 663.060233 768.907447 0.000000 0.000000 0.000000 0.000000 0.000000 0.000000 0.000000 0.000000 632.487478 650.005090 699.738503 707.132133 716.074294 754.183069 750.746347 697.524877 700.045962 769.014146 673.130937 625.137998 662.643310 748.805535 584.817139 643.858655 721.818454 734.017904 684.462966 699.543399 801.652103 0.000000 0.000000 0.000000 0.000000 0.000000 0.000000 676.581247 742.716805 663.820080 678.840160 697.469845 751.874995 730.878709 721.613950 740.376816 719.014273 0.000000 0.000000 0.000000 0.000000 0.000000 0.000000 700.498353 764.308466 368.596050 338.544455 702.874093 779.238571 758.745035 733.568365 683.631488 667.874141 0.000000 0.000000 0.000000 0.000000 0.000000 0.000000 689.844950 329.526857 382.069379 343.264891 354.679303 325.064118 382.565325 364.739275 671.114130 0.000000 0.000000 0.000000 0.000000 0.000000 0.000000 0.000000 380.943218 359.281322 412.875645 378.630040 398.457069 340.050494 380.144276 421.887004 332.517945 356.806827 363.894585 390.184224 0.000000 0.000000 0.000000 0.000000 699.280046 750.479255 432.080581 366.013938 326.959730 390.293811 355.608401 378.134931 370.884579 377.573733 359.567549 384.107293 377.733150 383.545628 362.956878 381.851722 747.140047 746.273685 720.514322 745.456534 684.969318 333.601108 368.147150 378.659813 402.573574 403.768878 400.144152 391.435378 775.849532 347.003358 372.639530 372.163054 345.611693 372.285023 375.698358 347.012381 653.468388 708.986765 713.674380 660.399893 362.843408 340.495048 332.748309 387.233177 374.882114 315.908722 405.433795 418.336268 349.964018 399.588141 350.795941 318.011778 353.298909 390.660287 368.473333 397.393482 377.400545 639.442386 724.398240 329.013065 360.676497 368.047173 359.030754 327.050233 378.529079 352.703360 425.890422 354.286147 336.763119 340.229877 421.973705 372.416393 382.623390 367.185167 371.634303 329.818433 352.011191 709.425797 736.346739 398.068762 317.819939 356.324619 391.942964 355.811063 363.267439 337.319173 370.364294 373.631060 367.511163 355.922106 397.014217 408.552350 375.375114 336.649333 348.968002 391.117839 665.509794 705.220227 746.718860 320.674530 350.696264 413.455508 373.380181 368.535642 395.147378 399.226932 354.539761 407.130010 350.649110 356.321829 341.635911 365.340662 403.445982 356.324701 379.464216 348.486568 719.686395 761.508091 305.030659 351.529748 400.466137 403.474721 397.233318 401.769917 388.070686 388.990399 420.759951 360.806414 390.660287 345.011147 371.427420 347.861388 308.235153 373.273256 376.553348 318.298782 659.992009 712.050415 368.669706 376.886392 351.807967 397.945260 341.582541 371.683579 309.319050 358.935154 347.011029 374.567474 361.823933 389.577638 382.027869 334.492556 364.293051 440.037550 366.981516 391.663683 721.425577 754.494673 391.189888 305.386114 381.410345 347.389233 349.033380 307.697690 367.051795 334.469106 391.691793 369.963135 380.578287 364.365040 368.387125 338.080621 308.930213 402.873110 420.455223 405.158648 650.844304 676.518301 678.924850 419.382180 376.548817 336.379165 350.806267 353.645595 401.590876 398.289281 378.214593 361.182665 330.880873 368.995367 327.584595 390.040012 348.748476 387.551084 323.256024 400.474175 790.606358 769.166099 350.005526 410.603208 394.524328 368.057973 391.831479 364.532971 313.365491 338.129449 322.571021 399.061483 416.951058 332.823822 379.468309 396.073504 367.635457 377.952740 349.781883 430.733943 695.322829 719.621613 371.761739 341.470670 317.704614 434.013303 369.846023 302.741502 365.348725 386.632465 366.883169 413.441228 407.219834 427.394910 393.049635 399.272758 415.219104 360.030808 388.187471 357.745032 347.130647 413.615610 727.297599 377.605359 366.895287 372.060621 331.278292 392.640325 395.672449 368.834353 396.580110 344.244660 419.900426 347.084352 423.328336 391.783642 382.283823 336.054518 326.882059 420.498898 