Releaseoutput64/11/TotalTrees_10.asc
ncols  20
nrows  20
xllcorner  0
yllcorner  0
cellsize  0
NODATA_value  -9999
258 254 261 259 257 255 265 254 258 261 257 261 258 258 255 257 249 256 260 0 255 262 261 261 251 262 258 253 259 258 257 261 252 259 259 262 256 257 263 257 259 259 259 258 266 263 257 260 262 261 260 257 259 255 258 259 258 256 259 263 256 256 263 254 255 253 262 251 257 257 257 258 261 263 256 260 257 260 258 255 258 260 255 261 258 258 260 259 259 260 258 260 260 259 260 259 257 261 146 140 258 262 261 258 258 257 264 257 258 259 258 256 258 145 145 141 145 143 145 144 258 258 261 257 252 257 254 256 144 141 143 143 142 141 141 141 142 144 141 142 259 260 257 259 258 257 145 143 148 143 145 144 146 142 144 140 145 142 136 141 260 255 256 259 260 139 140 146 146 142 143 147 261 148 138 143 139 139 141 143 254 263 258 256 141 138 141 142 140 139 145 144 138 144 137 145 140 150 142 145 141 256 257 144 146 146 147 142 138 142 147 143 138 139 145 140 147 141 145 136 135 259 258 146 136 145 147 143 145 141 140 143 139 134 145 143 137 140 136 141 261 257 261 141 138 143 147 142 143 144 144 148 145 141 142 138 142 137 140 143 262 263 141 147 145 145 142 146 144 143 140 141 147 140 147 139 138 138 142 136 256 258 145 144 143 144 138 147 144 137 135 143 140 146 143 140 139 144 139 140 256 261 146 144 142 143 141 141 138 140 136 141 146 141 138 138 136 143 139 142 257 255 257 149 145 143 142 145 147 145 143 136 140 142 139 143 141 143 142 140 261 258 137 135 137 135 146 139 144 144 145 145 145 137 140 140 140 139 140 143 259 258 141 145 147 144 138 138 133 144 145 147 136 141 143 143 139 139 148 143 142 139 259 146 135 144 140 146 136 139 142 144 141 141 142 141 141 143 143 146 