Releaseoutput64/11/TotalCarbon_30.asc
ncols  20
nrows  20
xllcorner  0
yllcorner  0
cellsize  0
NODATA_value  -9999
-1.#IND00 -1.#IND00 -1.#IND00 -1.#IND00 -1.#IND00 -1.#IND00 -1.#IND00 -1.#IND00 -1.#IND00 -1.#IND00 -1.#IND00 -1.#IND00 -1.#IND00 -1.#IND00 -1.#IND00 -1.#IND00 269.919042 335.547842 369.841289 -1.#IND00 -1.#IND00 -1.#IND00 -1.#IND00 -1.#IND00 -1.#IND00 -1.#IND00 -1.#IND00 -1.#IND00 -1.#IND00 -1.#IND00 -1.#IND00 -1.#IND00 -1.#IND00 -1.#IND00 -1.#IND00 -1.#IND00 296.468287 336.148095 -1.#IND00 -1.#IND00 -1.#IND00 -1.#IND00 313.740356 309.227804 335.503715 -1.#IND00 -1.#IND00 -1.#IND00 -1.#IND00 -1.#IND00 -1.#IND00 -1.#IND00 -1.#IND00 281.164384 284.976665 332.151326 325.219238 330.822071 332.798379 332.871458 309.960742 312.482910 332.982987 311.540560 267.138025 315.378063 355.185997 257.019271 304.293089 324.740731 357.993913 314.599377 323.918923 352.765914 -1.#IND00 -1.#IND00 -1.#IND00 -1.#IND00 -1.#IND00 -1.#IND00 313.604474 348.108593 311.441828 296.411370 322.099243 335.324455 333.859019 303.724324 322.369120 294.501452 -1.#IND00 -1.#IND00 -1.#IND00 -1.#IND00 -1.#IND00 -1.#IND00 335.933827 360.310987 128.063036 110.393261 336.642683 358.992577 341.368481 340.904802 318.603472 285.989767 -1.#IND00 -1.#IND00 -1.#IND00 -1.#IND00 -1.#IND00 -1.#IND00 305.446479 133.127117 118.092008 112.656098 109.754254 106.906372 136.528506 119.446736 304.573861 -1.#IND00 -1.#IND00 -1.#IND00 -1.#IND00 -1.#IND00 -1.#IND00 -1.#IND00 131.125422 134.400377 112.459075 117.170869 142.734041 85.599578 147.347371 123.962905 97.012372 128.324218 127.065941 124.363544 -1.#IND00 -1.#IND00 -1.#IND00 -1.#IND00 306.912789 343.239687 141.009016 112.852035 124.606619 128.766364 120.385320 143.375111 121.699447 130.949847 141.627724 133.482799 117.942246 141.317378 118.353335 135.650052 357.873197 329.620194 325.711396 337.612264 328.971940 118.466331 138.986485 130.494149 124.150782 131.975504 142.238978 112.788003 362.045389 118.140653 123.702704 109.737677 124.900289 121.819774 102.957493 128.236545 312.187270 320.989234 332.483259 311.465284 135.788841 125.891538 106.542774 113.864238 114.328019 113.773148 134.610483 145.820735 136.658064 147.051043 104.338071 115.310150 133.967221 131.679316 134.286931 123.434354 131.017102 279.028269 319.854855 126.175184 123.794592 138.233176 116.856266 114.069264 130.301329 110.758068 141.954906 136.459214 121.878065 123.806918 125.649967 132.666174 121.509095 125.663177 137.117931 97.016737 106.266531 328.595211 318.460114 131.934655 122.524170 125.645062 139.268647 126.967274 129.302472 132.390272 117.843932 131.275467 125.728967 131.847593 123.461446 149.725723 133.341731 132.706762 109.370161 119.332888 304.757760 332.838647 329.887045 116.984456 123.200045 137.934802 130.161372 88.729181 126.093492 152.764978 121.617492 139.652482 128.055335 141.816757 125.554982 131.853098 130.958634 116.132681 125.338781 129.483192 312.591344 329.932827 132.692715 127.036385 109.586293 132.505173 129.262912 128.280143 125.849785 128.897989 136.115436 129.106634 126.966659 128.851748 131.431978 125.289303 105.034456 121.750892 116.088029 101.788367 307.950358 328.827077 129.397570 94.009386 118.249266 126.118686 130.457243 120.021446 109.176669 126.808127 90.236540 107.665623 117.478938 127.080870 104.956758 132.043004 114.804726 124.414553 149.303577 116.065265 319.183132 331.175078 122.807037 98.396893 147.181856 129.839147 110.882600 110.398708 126.037513 112.824452 128.242748 137.166522 122.401200 135.847967 126.320759 133.409148 94.085603 135.326669 109.640837 139.784743 300.558473 304.978333 305.595479 138.604143 123.641686 118.018819 109.392490 122.921073 137.754584 135.059608 134.546556 135.365411 109.895055 126.617970 127.679426 116.989086 116.438351 131.539297 108.067927 133.789365 346.371582 358.482830 112.866290 149.722020 138.577225 113.098823 121.713254 140.425731 122.300892 111.784357 107.345051 113.439884 144.023278 123.248832 137.074113 151.537731 120.213419 108.645439 130.746292 131.315885 305.150161 314.712052 139.037454 127.529023 119.038993 139.912436 119.701948 118.232991 112.251190 144.830717 112.439032 138.497140 115.731378 147.632379 130.941120 119.845069 138.074671 127.184709 134.898392 115.902366 113.586830 121.868600 342.501774 131.608322 115.121272 143.450121 110.056182 118.547461 136.342333 121.825851 146.608382 114.015741 128.069304 131.480300 143.522332 108.011619 149.142055 124.503705 109.638585 142.616750 