Releaseoutput64/11/TotalBA_20.asc
ncols  20
nrows  20
xllcorner  0
yllcorner  0
cellsize  0
NODATA_value  -9999
0.000000 0.000000 0.000000 0.000000 0.000000 0.000000 0.000000 0.000000 0.000000 0.000000 0.000000 0.000000 0.000000 0.000000 0.000000 0.000000 54.491277 65.143259 71.111932 0.000000 0.000000 0.000000 0.000000 0.000000 0.000000 0.000000 0.000000 0.000000 0.000000 0.000000 0.000000 0.000000 0.000000 0.000000 0.000000 0.000000 62.545103 64.904655 0.000000 0.000000 0.000000 0.000000 63.476075 62.270508 69.918480 0.000000 0.000000 0.000000 0.000000 0.000000 0.000000 0.000000 0.000000 59.856587 61.094453 64.594443 65.350113 65.942480 68.361153 68.565985 64.764678 64.618672 70.025451 63.013338 58.772365 62.066442 68.626500 56.045894 60.572497 66.320159 67.204713 63.312064 64.729668 72.579350 0.000000 0.000000 0.000000 0.000000 0.000000 0.000000 62.964604 67.813456 61.572250 63.101145 64.453699 68.632017 67.189221 66.166574 67.895785 66.229563 0.000000 0.000000 0.000000 0.000000 0.000000 0.000000 65.068352 69.631967 32.505018 30.028775 64.943375 70.535135 69.221694 67.060200 63.590822 61.812523 0.000000 0.000000 0.000000 0.000000 0.000000 0.000000 63.659367 29.896966 33.372569 30.250179 31.421051 29.304933 33.676714 32.149429 62.749562 0.000000 0.000000 0.000000 0.000000 0.000000 0.000000 0.000000 33.221556 31.638429 35.675788 33.212524 34.708158 30.320688 33.229960 36.545185 29.687265 31.693957 32.046993 33.965034 0.000000 0.000000 0.000000 0.000000 64.706303 68.306293 37.373740 32.426027 29.601264 33.731614 31.631282 33.033532 32.871583 33.329784 31.703146 33.644866 33.223304 33.588809 31.893782 33.482819 67.734936 68.029911 66.374430 68.380356 63.774860 29.854790 32.446624 33.380148 35.028365 35.120865 34.809082 34.087399 70.481178 30.896444 32.375683 32.602682 30.866776 32.172991 32.747510 30.540443 61.074877 65.929423 65.348012 61.802215 31.875777 30.251966 29.481824 33.898118 32.928348 28.076158 35.297560 36.099883 31.001628 34.940400 30.812583 28.772040 31.302829 34.322449 32.514070 34.454926 33.140739 60.134304 66.457780 29.583965 31.858537 32.440399 31.530751 29.415281 33.090493 31.224662 36.767904 31.645027 29.822334 29.928146 36.042019 32.346171 33.018629 32.006683 32.410004 29.379624 30.957980 65.536174 67.499100 34.856284 28.613213 31.289791 34.147717 31.558005 31.859833 29.999402 32.389741 32.721513 32.067257 31.155979 34.299221 35.313778 32.904982 29.827792 30.484287 33.935581 62.107224 65.259793 68.510968 28.746652 31.005222 35.597562 32.693847 32.007900 34.841204 34.666453 31.058020 35.242405 30.896778 31.238505 30.522221 32.044186 34.897301 31.546165 33.336931 30.710796 65.982280 69.014192 27.538121 31.045375 34.774151 35.254913 34.219365 34.902014 33.848618 33.539917 35.634182 31.688950 34.322449 30.459233 32.812364 30.530154 27.960037 32.755756 32.900800 27.985327 61.911542 65.554022 32.687643 33.242448 31.071784 34.804487 30.491277 32.742758 27.653260 31.778191 30.505080 32.932117 31.717362 34.093564 33.540997 29.884871 31.405402 37.755935 32.233525 33.893190 66.265770 68.674566 34.070434 27.399262 33.301844 30.739148 30.691946 27.636296 32.354928 30.026871 33.726646 32.588624 33.371410 32.139258 31.872871 30.032918 27.612910 35.044956 36.300965 35.337085 61.012772 62.975560 63.276819 36.215828 32.855188 30.293298 30.981306 31.606287 35.049355 34.558068 32.981715 31.748464 29.900716 32.449746 29.357633 33.893013 30.568737 33.490163 28.918596 34.604800 71.458096 69.785001 31.036814 35.084776 34.166174 32.111651 34.343242 32.178940 28.111540 29.727968 28.627605 34.565883 36.160300 29.797849 32.903882 34.509079 32.165098 32.951536 31.114176 37.066709 64.617003 66.333982 32.249528 30.658174 28.971924 37.174092 32.284321 27.456459 31.525901 33.614098 32.024138 36.037111 35.216703 36.650958 34.018186 34.486695 35.530686 31.684139 34.173537 31.551250 30.771684 35.576946 66.643841 33.090257 32.083613 32.991984 29.495235 34.418817 33.826175 32.489310 34.506860 30.560470 35.851482 30.533060 36.642751 34.134012 33.263045 29.890035 28.890144 36.434856 