Releaseoutput64/11/TotalCarbon_20.asc
ncols  20
nrows  20
xllcorner  0
yllcorner  0
cellsize  0
NODATA_value  -9999
-1.#IND00 -1.#IND00 -1.#IND00 -1.#IND00 -1.#IND00 -1.#IND00 -1.#IND00 -1.#IND00 -1.#IND00 -1.#IND00 -1.#IND00 -1.#IND00 -1.#IND00 -1.#IND00 -1.#IND00 -1.#IND00 281.489802 354.200815 392.744506 -1.#IND00 -1.#IND00 -1.#IND00 -1.#IND00 -1.#IND00 -1.#IND00 -1.#IND00 -1.#IND00 -1.#IND00 -1.#IND00 -1.#IND00 -1.#IND00 -1.#IND00 -1.#IND00 -1.#IND00 -1.#IND00 -1.#IND00 335.166742 350.097889 -1.#IND00 -1.#IND00 -1.#IND00 -1.#IND00 342.481913 331.530117 384.453723 -1.#IND00 -1.#IND00 -1.#IND00 -1.#IND00 -1.#IND00 -1.#IND00 -1.#IND00 -1.#IND00 316.243739 325.002545 349.869251 353.566067 358.037147 377.091535 375.373173 348.762438 350.022981 384.507073 336.565468 312.568999 331.321655 374.402768 292.408570 321.929327 360.909227 367.008952 342.231483 349.771699 400.826051 -1.#IND00 -1.#IND00 -1.#IND00 -1.#IND00 -1.#IND00 -1.#IND00 338.290623 371.358403 331.910040 339.420080 348.734922 375.937497 365.439354 360.806975 370.188408 359.507137 -1.#IND00 -1.#IND00 -1.#IND00 -1.#IND00 -1.#IND00 -1.#IND00 350.249176 382.154233 184.298025 169.272227 351.437047 389.619285 379.372517 366.784182 341.815744 333.937071 -1.#IND00 -1.#IND00 -1.#IND00 -1.#IND00 -1.#IND00 -1.#IND00 344.922475 164.763429 191.034690 171.632445 177.339651 162.532059 191.282663 182.369638 335.557065 -1.#IND00 -1.#IND00 -1.#IND00 -1.#IND00 -1.#IND00 -1.#IND00 -1.#IND00 190.471609 179.640661 206.437822 189.315020 199.228535 170.025247 190.072138 210.943502 166.258972 178.403414 181.947293 195.092112 -1.#IND00 -1.#IND00 -1.#IND00 -1.#IND00 349.640023 375.239628 216.040290 183.006969 163.479865 195.146905 177.804200 189.067466 185.442290 188.786867 179.783774 192.053647 188.866575 191.772814 181.478439 190.925861 373.570024 373.136843 360.257161 372.728267 342.484659 166.800554 184.073575 189.329906 201.286787 201.884439 200.072076 195.717689 387.924766 173.501679 186.319765 186.081527 172.805847 186.142512 187.849179 173.506191 326.734194 354.493383 356.837190 330.199946 181.421704 170.247524 166.374154 193.616589 187.441057 157.954361 202.716898 209.168134 174.982009 199.794071 175.397970 159.005889 176.649455 195.330143 184.236667 198.696741 188.700273 319.721193 362.199120 164.506532 180.338248 184.023586 179.515377 163.525117 189.264539 176.351680 212.945211 177.143073 168.381559 170.114938 210.986853 186.208196 191.311695 183.592583 185.817152 164.909216 176.005596 354.712899 368.173370 199.034381 158.909970 178.162310 195.971482 177.905531 181.633719 168.659586 185.182147 186.815530 183.755581 177.961053 198.507108 204.276175 187.687557 168.324667 174.484001 195.558919 332.754897 352.610114 373.359430 160.337265 175.348132 206.727754 186.690090 184.267821 197.573689 199.613466 177.269880 203.565005 175.324555 178.160915 170.817955 182.670331 201.722991 178.162351 189.732108 174.243284 359.843198 380.754045 152.515330 175.764874 200.233069 201.737361 198.616659 200.884958 194.035343 194.495199 210.379976 180.403207 195.330143 172.505573 185.713710 173.930694 154.117576 186.636628 188.276674 159.149391 329.996004 356.025207 184.334853 188.443196 175.903983 198.972630 170.791271 185.841789 154.659525 179.467577 173.505514 187.283737 180.911966 194.788819 191.013935 167.246278 182.146525 220.018775 183.490758 195.831842 360.712788 377.247337 195.594944 152.693057 190.705172 173.694617 174.516690 153.848845 183.525897 167.234553 195.845896 184.981567 190.289143 182.182520 184.193562 169.040311 154.465107 201.436555 210.227611 202.579324 325.422152 338.259150 339.462425 209.691090 188.274409 168.189582 175.403134 176.822798 200.795438 199.144641 189.107297 180.591332 165.440437 184.497683 163.792298 195.020006 174.374238 193.775542 161.628012 200.237088 395.303179 384.583050 175.002763 205.301604 197.262164 184.028986 195.915740 182.266486 156.682745 169.064725 161.285511 199.530741 208.475529 166.411911 189.734155 198.036752 183.817728 188.976370 174.890941 215.366971 347.661415 359.810806 185.880870 170.735335 158.852307 217.006652 184.923011 151.370751 182.674362 193.316233 183.441584 206.720614 203.609917 213.697455 196.524818 199.636379 207.609552 180.015404 194.093736 178.872516 173.565323 206.807805 363.648799 188.802680 183.447644 186.030310 165.639146 196.320163 197.836225 184.417177 198.290055 172.122330 209.950213 173.542176 211.664168 195.891821 191.141912 168.027259 163.441030 210.249449 