Releaseoutput64/11/TotalBio_30.asc
ncols  20
nrows  20
xllcorner  0
yllcorner  0
cellsize  0
NODATA_value  -9999
0.000000 0.000000 0.000000 0.000000 0.000000 0.000000 0.000000 0.000000 0.000000 0.000000 0.000000 0.000000 0.000000 0.000000 0.000000 0.000000 539.838084 671.095684 739.682578 0.000000 0.000000 0.000000 0.000000 0.000000 0.000000 0.000000 0.000000 0.000000 0.000000 0.000000 0.000000 0.000000 0.000000 0.000000 0.000000 0.000000 592.936575 672.296191 0.000000 0.000000 0.000000 0.000000 627.480712 618.455608 671.007430 0.000000 0.000000 0.000000 0.000000 0.000000 0.000000 0.000000 0.000000 562.328769 569.953331 664.302652 650.438476 661.644142 665.596757 665.742916 619.921484 624.965820 665.965974 623.081120 534.276050 630.756127 710.371994 514.038541 608.586178 649.481462 715.987826 629.198753 647.837847 705.531827 0.000000 0.000000 0.000000 0.000000 0.000000 0.000000 627.208949 696.217186 622.883657 592.822740 644.198486 670.648911 667.718037 607.448648 644.738241 589.002904 0.000000 0.000000 0.000000 0.000000 0.000000 0.000000 671.867655 720.621974 256.126071 220.786521 673.285366 717.985154 682.736962 681.809603 637.206945 571.979534 0.000000 0.000000 0.000000 0.000000 0.000000 0.000000 610.892959 266.254235 236.184017 225.312197 219.508508 213.812744 273.057012 238.893472 609.147721 0.000000 0.000000 0.000000 0.000000 0.000000 0.000000 0.000000 262.250844 268.800755 224.918150 234.341738 285.468082 171.199157 294.694742 247.925809 194.024743 256.648436 254.131882 248.727087 0.000000 0.000000 0.000000 0.000000 613.825578 686.479374 282.018032 225.704070 249.213237 257.532727 240.770640 286.750223 243.398893 261.899694 283.255448 266.965598 235.884491 282.634756 236.706670 271.300104 715.746395 659.240387 651.422793 675.224527 657.943881 236.932661 277.972970 260.988299 248.301564 263.951009 284.477956 225.576006 724.090779 236.281306 247.405409 219.475354 249.800579 243.639548 205.914987 256.473090 624.374540 641.978469 664.966518 622.930569 271.577683 251.783076 213.085547 227.728477 228.656038 227.546297 269.220966 291.641470 273.316129 294.102086 208.676142 230.620299 267.934443 263.358632 268.573862 246.868708 262.034205 558.056539 639.709711 252.350368 247.589184 276.466352 233.712531 228.138527 260.602658 221.516137 283.909813 272.918427 243.756130 247.613836 251.299933 265.332349 243.018190 251.326355 274.235862 194.033474 212.533062 657.190422 636.920228 263.869311 245.048339 251.290123 278.537293 253.934547 258.604944 264.780544 235.687864 262.550935 251.457934 263.695185 246.922892 299.451447 266.683461 265.413524 218.740322 238.665775 609.515520 665.677294 659.774091 233.968912 246.400091 275.869603 260.322744 177.458363 252.186984 305.529956 243.234983 279.304964 256.110671 283.633514 251.109965 263.706197 261.917267 232.265362 250.677562 258.966383 625.182688 659.865653 265.385431 254.072770 219.172586 265.010346 258.525823 256.560285 251.699570 257.795978 272.230872 258.213267 253.933318 257.703497 262.863956 250.578605 210.068913 243.501785 232.176058 203.576734 615.900716 657.654153 258.795140 188.018773 236.498531 252.237372 260.914486 240.042893 218.353339 253.616254 180.473080 215.331246 234.957877 254.161740 209.913517 264.086009 229.609451 248.829105 298.607154 232.130530 638.366264 662.350157 245.614073 196.793785 294.363712 259.678293 221.765199 220.797417 252.075026 225.648904 256.485496 274.333044 244.802399 271.695934 252.641518 266.818296 188.171206 270.653337 219.281674 279.569486 601.116946 609.956666 611.190958 277.208285 247.283372 236.037638 218.784979 245.842147 275.509169 270.119216 269.093111 270.730821 219.790109 253.235941 255.358852 233.978171 232.876703 263.078594 216.135854 267.578730 692.743165 716.965659 225.732579 299.444040 277.154450 226.197645 243.426507 280.851462 244.601784 223.568714 214.690103 226.879769 288.046557 246.497664 274.148225 303.075461 240.426837 217.290878 261.492584 262.631769 610.300321 629.424104 278.074908 255.058046 238.077986 279.824871 239.403895 236.465983 224.502380 289.661433 224.878065 276.994280 231.462756 295.264757 261.882241 239.690139 276.149343 254.369418 269.796784 231.804732 227.173659 243.737201 685.003548 263.216645 230.242545 286.900241 220.112364 237.094921 272.684665 243.651702 293.216764 228.031482 256.138608 262.960601 287.044664 216.023239 298.284111 249.007410 219.277169 285.233499 