Releaseoutput64/1/quervelu_BA_Age20_Age150_20.asc
ncols  20
nrows  20
xllcorner  0
yllcorner  0
cellsize  30
NODATA_value  -9999
0.000000 0.000000 0.000000 0.000000 0.000000 0.000000 0.000000 0.000000 0.000000 0.000000 0.000000 0.000000 0.000000 0.000000 0.000000 0.000000 1.262095 1.458416 1.458416 0.000000 0.000000 0.000000 0.000000 0.000000 0.000000 0.000000 0.000000 0.000000 0.000000 0.000000 0.000000 0.000000 0.000000 0.000000 0.000000 0.000000 1.458416 1.262095 0.000000 0.000000 0.000000 0.000000 1.458416 1.458416 1.458416 0.000000 0.000000 0.000000 0.000000 0.000000 0.000000 0.000000 0.000000 1.458416 1.458416 1.458416 1.458416 1.262095 1.458416 1.458416 0.000000 1.458416 1.343680 1.458416 1.343680 1.458416 1.458416 1.458416 1.458416 1.458416 1.458416 1.458416 1.458416 1.458416 0.000000 0.000000 0.000000 0.000000 0.000000 0.000000 1.458416 1.458416 1.458416 1.458416 1.458416 1.458416 1.458416 1.458416 1.262095 1.343680 0.000000 0.000000 0.000000 0.000000 0.000000 0.000000 0.577178 1.262095 2.457194 0.625017 1.262095 1.458416 1.458416 1.262095 1.262095 1.458416 0.000000 0.000000 0.000000 0.000000 0.000000 0.000000 1.960562 1.615346 2.396549 1.644019 1.277384 0.000000 0.000000 1.982409 1.458416 0.000000 0.000000 0.000000 0.000000 0.000000 0.000000 0.000000 0.700294 0.000000 0.000000 1.371052 0.000000 1.832177 0.732143 0.312508 0.872102 0.700294 1.536610 1.741866 0.000000 0.000000 0.000000 0.000000 1.960562 1.960562 0.000000 0.732143 2.122135 1.200743 0.508829 0.000000 1.996561 2.288201 0.872102 0.000000 2.191072 1.612443 1.099773 0.460990 1.960562 1.952867 1.916882 1.641811 1.960562 1.779372 2.621673 0.312508 2.122135 0.872102 1.232942 0.872102 0.698890 1.124562 1.477197 0.770007 0.392641 1.298365 0.264670 0.625017 1.960562 1.960562 1.960562 1.960562 0.196321 1.315479 1.068423 1.910270 0.342763 0.625017 0.342763 1.927854 0.371303 0.000000 2.074290 1.777921 0.607433 2.669416 2.001968 1.644149 0.000000 1.960562 1.960562 1.742723 2.062477 1.627987 0.196321 0.607433 1.910270 2.076336 2.260873 1.853742 0.371303 2.158748 0.000000 0.625017 1.519669 0.770007 0.342763 0.625017 0.000000 1.960562 1.960562 1.626535 1.824308 1.824308 1.824308 1.200743 1.996561 2.669416 1.547490 2.452576 1.311035 0.371303 1.975693 2.104544 1.262704 1.623051 0.998034 1.131114 1.764241 1.960562 1.960562 0.196321 1.132394 1.566349 0.196321 0.196321 1.086007 2.028430 0.000000 1.311035 2.318456 0.371303 1.544094 1.497119 0.939420 0.969819 1.809627 0.625017 1.960562 1.960562 1.626535 1.363317 1.674076 1.824308 1.824308 0.196321 0.196321 0.312508 0.460990 0.968272 1.832177 0.264670 2.320496 0.625017 1.612443 0.694269 1.466864 1.499159 1.960562 1.960562 1.681771 1.478053 1.674076 0.196321 1.681771 0.196321 0.196321 1.281266 0.654126 0.000000 1.419025 0.000000 2.417059 1.695479 2.120195 0.460990 0.342763 1.819371 1.960562 1.960562 0.196321 1.566349 1.566349 0.196321 1.314027 1.824308 0.000000 0.000000 0.969819 1.544957 1.935559 1.542054 0.625017 1.506863 0.000000 0.969819 0.342763 0.893648 1.952867 1.960562 1.960562 0.196321 1.939044 1.674374 1.566349 1.681771 1.939044 0.963560 0.928160 2.023502 2.104544 2.104544 0.460990 0.392641 1.262704 0.969819 1.202194 0.928160 1.960562 1.960562 0.655271 0.655271 0.655271 0.655271 1.566349 1.559638 1.742723 1.939044 1.824308 0.000000 0.625017 0.625017 1.923874 0.625017 0.625017 0.000000 0.342763 1.202194 1.960562 1.960562 0.655271 1.544957 0.558741 0.773499 0.655271 0.655271 0.655271 0.196321 0.196321 1.566349 0.460990 0.625017 1.186650 0.460990 0.581140 1.809627 1.449280 1.741278 0.229472 0.655271 1.960562 0.937525 2.270617 1.472389 1.566056 0.460990 0.655271 0.655271 1.824308 1.566349 0.000000 0.581140 0.000000 0.963560 2.120195 0.889686 1.282328 2.200722 