Releaseoutput64/1/quervelu_BA_90.asc
ncols  20
nrows  20
xllcorner  0
yllcorner  0
cellsize  30
NODATA_value  -9999
0.000000 0.000000 0.000000 0.000000 0.000000 0.000000 0.000000 0.000000 0.000000 0.000000 0.000000 0.000000 0.000000 0.000000 0.000000 0.000000 1.886268 1.886268 2.266872 0.000000 0.000000 0.000000 0.000000 0.000000 0.000000 0.000000 0.000000 0.000000 0.000000 0.000000 0.000000 0.000000 0.000000 0.000000 0.000000 0.000000 1.886268 2.263522 0.000000 0.000000 0.000000 0.000000 1.886268 2.266872 1.889619 0.000000 0.000000 0.000000 0.000000 0.000000 0.000000 0.000000 0.000000 1.889619 2.266872 2.266872 2.266872 1.886268 1.886268 2.266872 0.000000 1.889619 1.889619 1.886268 1.889619 1.512365 1.886268 1.509015 2.266872 2.263522 1.889619 1.889619 2.266872 1.889619 0.000000 0.000000 0.000000 0.000000 0.000000 0.000000 1.886268 1.889619 1.509015 1.889619 2.263522 1.889619 1.886268 1.886268 1.886268 1.886268 0.000000 0.000000 0.000000 0.000000 0.000000 0.000000 0.382481 1.131761 1.912622 0.767056 2.263522 1.509015 1.889619 2.263522 1.509015 1.889619 0.000000 0.000000 0.000000 0.000000 0.000000 0.000000 2.626275 2.295103 1.533065 1.874368 1.899244 0.000000 0.000000 1.901445 1.886268 0.000000 0.000000 0.000000 0.000000 0.000000 0.000000 0.000000 1.465000 0.000000 0.000000 0.000000 0.000000 0.382481 0.000000 0.383528 0.382481 1.126849 1.148489 1.909698 0.000000 0.000000 0.000000 0.000000 2.626275 3.006879 0.000000 0.000000 1.915546 1.907395 0.764132 0.000000 0.000000 1.915546 0.764961 0.000000 2.675707 2.284028 2.261352 0.380604 2.629626 2.987115 3.006879 2.626275 2.629626 1.149537 1.147661 0.383528 1.532018 0.764961 0.764961 0.764961 2.227820 1.502341 1.525341 0.760782 0.761208 0.383528 0.000000 0.767056 2.626275 2.258322 3.006879 2.249022 0.380604 1.144310 0.763085 1.911574 0.000000 0.767056 0.000000 2.296150 0.000000 0.000000 1.914498 1.907395 0.000000 0.767056 1.150585 1.147442 0.000000 3.006879 2.249022 2.287573 0.383528 1.908443 0.000000 0.000000 1.911574 1.912622 1.532018 2.259657 0.000000 2.285904 0.000000 0.767056 0.764961 0.760782 0.000000 0.000000 0.000000 1.877718 3.006879 2.279422 1.524914 1.905519 1.913670 1.144310 0.382481 0.767056 1.528046 0.767056 0.000000 0.000000 1.912622 1.906347 0.000000 1.150585 0.000000 1.119860 2.245671 2.254972 2.249022 0.000000 1.147661 1.862467 0.380604 0.380604 1.147661 1.897770 0.000000 0.000000 1.913670 0.000000 1.898196 0.764961 1.141813 1.144737 1.533065 0.767056 2.629626 2.249022 1.899244 1.518640 1.868417 2.665253 2.671527 0.380604 0.380604 0.383528 0.382481 0.382481 0.764961 0.000000 1.910746 0.767056 1.906774 1.127896 1.148489 1.528046 1.883669 2.626275 2.245671 1.521564 1.852004 0.000000 1.874368 0.000000 0.380604 1.883669 0.744368 0.000000 1.149537 0.000000 1.533065 2.290302 1.533065 0.382481 0.000000 0.767056 3.006879 2.626275 0.000000 1.868417 1.874368 0.380604 2.658978 1.910319 0.000000 0.000000 0.764132 1.149537 1.150585 1.899244 0.767056 0.764132 0.000000 0.763085 0.000000 1.105208 2.258322 2.252372 2.254972 0.380604 1.910746 1.908443 1.868417 1.868417 2.666300 1.113910 0.766009 1.899244 1.902997 1.906347 0.763085 0.761208 0.000000 0.382481 0.382481 1.127896 2.626275 3.006879 0.383528 0.383528 0.383528 0.000000 2.245671 1.902168 2.287573 1.907395 1.911793 0.000000 0.383528 0.767056 1.533065 0.767056 0.383528 0.000000 0.000000 0.767056 2.249022 2.249022 0.000000 0.767056 0.744368 0.764132 0.383528 0.000000 0.000000 0.000000 0.380604 2.245671 0.382481 0.000000 1.526170 0.382481 1.098934 0.764961 1.147442 1.913670 0.377254 0.383528 2.258322 0.383528 2.298027 1.876995 1.147442 0.763085 0.383528 0.383528 2.666300 1.868417 0.000000 1.482462 0.000000 1.485213 1.913670 1.149537 1.527217 1.148489 