Releaseoutput64/1/quervelu_IV_70.asc
ncols  20
nrows  20
xllcorner  0
yllcorner  0
cellsize  30
NODATA_value  -9999
0 0 0 0 0 0 0 0 0 0 0 0 0 0 0 0 1.751248 1.751248 2.000000 0 0 0 0 0 0 0 0 0 0 0 0 0 0 0 0 0 1.708895 2.000000 0 0 0 0 1.708895 2.000000 1.751704 0 0 0 0 0 0 0 0 1.751704 2.000000 2.000000 2.000000 1.708895 1.751248 2.000000 0 1.751704 1.751704 2.000000 1.709524 1.751704 1.751248 1.751704 2.000000 2.000000 1.751704 1.751704 2.000000 1.751704 0 0 0 0 0 0 2.000000 1.751704 1.751704 1.751704 2.000000 1.751704 1.708895 2.000000 2.000000 1.751248 0 0 0 0 0 0 0.455300 0.787305 1.665636 0.816371 2.000000 1.751704 1.751704 2.000000 1.751248 1.751704 0 0 0 0 0 0 2.000000 1.551522 1.795571 1.413544 1.722793 0 0 1.758420 1.751248 0 0 0 0 0 0 0 0.880767 0 0.000000 0.510378 0 0.377975 0.238991 1.024035 0.241193 0.681626 1.151462 1.549333 0 0 0 0 2.000000 2.000000 0 0.000000 1.517226 1.285307 1.072838 0.000000 1.058910 2.000000 0.471979 0 2.000000 2.000000 1.707470 0.546890 2.000000 2.000000 2.000000 2.000000 2.000000 0.942345 2.000000 1.024035 0.986842 0.763629 0.791160 0.771891 2.000000 1.672289 1.168675 1.050884 0.540606 0.723970 0.000000 0.710221 2.000000 2.000000 2.000000 2.000000 0.227343 0.688322 0.696980 1.597526 0.365307 0.816371 0.252666 2.000000 0.000000 0 2.000000 1.301860 0.235801 1.695835 2.000000 1.382163 0.000000 2.000000 2.000000 2.000000 1.330006 2.000000 0.217815 0.227924 1.536360 1.281178 1.346920 1.772724 0.000000 2.000000 0 0.703888 0.494583 1.050884 0.000000 0.000000 0.000000 2.000000 2.000000 2.000000 1.750089 1.750932 1.193185 0.654674 0.954245 2.000000 1.436429 1.475235 0.786717 0.000000 2.000000 2.000000 0.481613 1.579827 1.019836 1.668378 2.000000 2.000000 2.000000 0.000000 0.829505 2.000000 0.227343 0.239278 0.706314 1.547718 0.000000 0.523246 2.000000 0.000000 2.000000 1.056020 1.063260 0.902823 2.000000 0.824928 2.000000 2.000000 1.487635 1.187182 1.694582 2.000000 2.000000 0.215164 0.215164 0.425136 0.299242 0.451382 0.823796 0.000000 2.000000 0.898909 2.000000 0.876579 1.075308 1.647354 2.000000 2.000000 2.000000 1.747511 2.000000 0.000000 2.000000 0.000000 0.252466 2.000000 0.679104 0.000000 1.028388 0.000000 1.528075 2.000000 2.000000 0.286005 0.284149 1.208888 2.000000 2.000000 0.227343 2.000000 2.000000 0.236037 2.000000 2.000000 0.000000 0.000000 1.023471 1.169463 1.460069 1.401799 0.816371 1.340380 0.000000 0.676434 0.292748 1.465703 2.000000 2.000000 2.000000 0.226126 2.000000 2.000000 2.000000 2.000000 2.000000 1.550407 1.021950 2.000000 2.000000 2.000000 0.555260 0.595035 0.712755 0.699988 0.357410 1.218791 2.000000 2.000000 0.291342 0.465993 0.483206 0.000000 2.000000 2.000000 2.000000 2.000000 2.000000 0.000000 0.690679 0.898909 2.000000 0.898909 0.683864 0.000000 0.301767 0.726175 2.000000 2.000000 0.465993 0.689329 0.754302 0.531220 0.465993 0.238502 0.236930 0.000000 0.230839 2.000000 0.311353 0.000000 1.576723 0.327073 0.766527 1.253780 0.817003 1.746662 0.261462 0.237837 2.000000 0.682754 2.000000 1.434546 0.725088 0.473440 0.465993 0.215128 2.000000 2.000000 0.000000 0.937455 0.000000 1.642443 2.000000 0.901169 1.469851 2.000000 