Releaseoutput64/1/queralba_IV_0.asc
ncols  20
nrows  20
xllcorner  0
yllcorner  0
cellsize  30
NODATA_value  -9999
0 0 0 0 0 0 0 0 0 0 0 0 0 0 0 0 0.071185 0.071185 0.071185 0 0 0 0 0 0 0 0 0 0 0 0 0 0 0 0 0 0.071185 0.071185 0 0 0 0 0.071185 0.071185 0.071185 0 0 0 0 0 0 0 0 0.071185 0.071185 0.071185 0.071185 0.071185 0.071185 0.071185 0 0.071185 0.071185 0.071185 0.071185 0.071185 0.071185 0.071185 0.071185 0.071185 0.071185 0.071185 0.071185 0.071185 0 0 0 0 0 0 0.071185 0.071185 0.071185 0.071185 0.071185 0.071185 0.071185 0.071185 0.071185 0.071185 0 0 0 0 0 0 1.094403 1.061458 0.579632 0.947990 0.071185 0.071185 0.071185 0.071185 0.071185 0.071185 0 0 0 0 0 0 0.466160 0.708701 0.581097 0.623680 0.946669 0 0 0.383959 0.071185 0 0 0 0 0 0 0 0.989323 0 2.000000 0.830018 0 0.599047 1.076358 0.621582 0.850666 0.989323 0.293089 0.837368 0 0 0 0 0.466160 0.466160 0 1.076358 0.980555 1.085481 0.550252 2.000000 0.454203 0.432726 0.850666 0 0.673554 0.425241 1.008737 0.968070 0.466160 0.466160 0.466160 0.466160 0.466160 0.773884 0.380654 0.621582 0.980555 1.175915 1.175915 0.850666 0.000000 0.891406 0.837368 0.689658 1.227204 1.045402 1.570157 1.169539 0.466160 0.466160 0.466160 0.466160 0.473502 0.445938 1.076324 0.182513 1.106701 0.947990 1.464271 0.579632 1.487247 0 0.239804 0.773884 1.097299 0.321691 0.290702 0.681248 2.000000 0.466160 0.466160 0.445938 0.610927 0.445938 0.473502 1.097299 0.182513 0.673554 0.579632 0.463472 1.487247 0.667846 0 1.169539 0.599047 0.689658 1.153476 1.169539 2.000000 0.466160 0.466160 0.445938 0.445938 0.445938 0.445938 1.085481 0.454203 0.321691 0.862716 0.730763 0.985558 1.487247 0.432726 0.224180 0.872304 0.872304 0.893012 0.593749 0.466160 0.466160 0.466160 0.473502 0.445938 0.229030 0.473502 0.473502 0.790811 0.463472 0.213317 0.985558 0.925712 1.487247 1.043915 0.848043 0.120673 1.185926 0.848043 1.169539 0.466160 0.466160 0.445938 0.445938 0.229030 0.445938 0.445938 0.473502 0.473502 1.219240 0.968070 1.175915 0.599047 1.632024 0.587014 0.632386 0.681248 0.837032 0.532930 1.046719 0.466160 0.466160 0.229030 0.445938 0.229030 0.473502 0.229030 0.473502 0.473502 0.593749 0.837032 2.000000 1.060792 2.000000 1.021788 0.897286 0.290702 0.968070 1.153476 0.872304 0.466160 0.466160 0.473502 0.229030 0.229030 0.473502 0.445938 0.445938 2.000000 0.000000 1.185926 0.872304 0.325710 0.946669 0.947990 0.872304 0.000000 1.185926 1.153476 0.421370 0.466160 0.466160 0.466160 0.473502 0.445938 0.445938 0.229030 0.229030 0.445938 0.077120 0.837032 0.302220 0.224180 0.224180 0.968070 1.042943 0.893012 1.185926 0.532930 0.837032 0.466160 0.466160 1.058741 1.058741 1.058741 1.058741 0.229030 0.445938 0.445938 0.445938 0.445938 0.000000 1.169539 0.632386 0.290702 0.632386 1.169539 2.000000 1.153476 0.682667 0.466160 0.466160 1.058741 1.084011 0.843169 0.931778 1.058741 1.058741 1.058741 0.473502 0.473502 0.229030 0.968070 1.169539 1.046719 0.968070 0.421370 0.848043 0.483080 0.904558 0.663772 1.058741 0.466160 1.172101 0.762162 0.834900 0.883416 1.180182 1.058741 1.058741 0.445938 0.229030 2.000000 0.421370 2.000000 0.077120 0.290702 1.084011 0.933022 0.643720 