Releaseoutput64/1/queralba_BA_Age20_Age300_30.asc
ncols  20
nrows  20
xllcorner  0
yllcorner  0
cellsize  30
NODATA_value  -9999
0.000000 0.000000 0.000000 0.000000 0.000000 0.000000 0.000000 0.000000 0.000000 0.000000 0.000000 0.000000 0.000000 0.000000 0.000000 0.000000 0.057052 0.057052 0.000000 0.000000 0.000000 0.000000 0.000000 0.000000 0.000000 0.000000 0.000000 0.000000 0.000000 0.000000 0.000000 0.000000 0.000000 0.000000 0.000000 0.000000 0.057052 0.000000 0.000000 0.000000 0.000000 0.000000 0.057052 0.057052 0.057052 0.000000 0.000000 0.000000 0.000000 0.000000 0.000000 0.000000 0.000000 0.057052 0.057052 0.057052 0.000000 0.057052 0.057052 0.000000 0.000000 0.057052 0.057052 0.000000 0.057052 0.057052 0.057052 0.057052 0.000000 0.000000 0.057052 0.057052 0.057052 0.057052 0.000000 0.000000 0.000000 0.000000 0.000000 0.000000 0.057052 0.057052 0.057052 0.057052 0.057052 0.057052 0.057052 0.057052 0.000000 0.057052 0.000000 0.000000 0.000000 0.000000 0.000000 0.000000 0.879759 0.723264 0.203846 0.565172 0.000000 0.057052 0.057052 0.057052 0.057052 0.057052 0.000000 0.000000 0.000000 0.000000 0.000000 0.000000 0.012699 0.343879 0.010050 0.407691 1.068736 0.000000 0.000000 0.249060 0.057052 0.000000 0.000000 0.000000 0.000000 0.000000 0.000000 0.000000 1.053246 0.000000 1.912625 0.272203 0.000000 0.468168 1.208734 0.149859 0.820101 1.083125 0.655338 0.303047 0.000000 0.000000 0.000000 0.000000 0.013142 0.013142 0.000000 1.208734 0.567931 0.770655 0.156253 1.912625 0.489538 0.000000 1.019468 0.000000 0.402248 0.256419 0.594183 0.328697 0.013142 0.013142 0.013142 0.013142 0.013142 0.270752 0.000000 0.149859 0.501258 1.271689 1.221438 1.076520 0.000000 0.587789 0.828340 0.382793 0.612225 0.864343 1.541534 1.023603 0.013142 0.013142 0.013142 0.012699 0.034260 0.081518 0.602103 0.054345 0.567010 0.565172 1.160043 0.452906 1.071008 0.000000 0.000000 0.473711 0.957940 0.099201 0.000000 0.206911 0.114105 0.013142 0.013142 0.000000 0.710553 0.000000 0.034260 0.957940 0.054345 0.543525 0.355620 0.000000 1.071008 0.000000 0.000000 0.873744 0.672014 0.382793 0.820933 1.023603 0.114105 0.013142 0.013142 0.000000 0.000000 0.000000 0.000000 0.415478 0.489538 0.099201 0.786191 0.099644 0.709588 1.071008 0.149859 0.000000 0.964169 0.454134 0.862250 0.249060 0.012699 0.013142 0.013142 0.034260 0.081518 0.000000 0.034260 0.034260 0.816429 0.000000 0.203846 0.901596 0.407691 1.071008 0.365396 0.306112 0.149859 0.847816 0.149859 1.023603 0.013142 0.012699 0.000000 0.000000 0.000000 0.000000 0.000000 0.034260 0.034260 0.584723 0.328697 1.271689 0.522155 0.842962 0.000000 0.183426 0.149859 0.713804 0.203846 0.607321 0.012699 0.013142 0.000000 0.000000 0.000000 0.034260 0.000000 0.034260 0.034260 0.099201 0.537131 0.231018 0.881104 0.772771 0.405313 0.084225 0.000000 0.328697 0.820933 0.403475 0.013142 0.013142 0.034260 0.000000 0.000000 0.034260 0.000000 0.000000 1.207985 0.000000 0.847816 0.608549 0.249060 1.232348 0.565172 0.403475 0.000000 0.633867 0.820933 0.465979 0.013142 0.013142 0.013142 0.034260 0.000000 0.000000 0.000000 0.000000 0.000000 0.057052 0.407691 0.000000 0.000000 0.000000 0.328697 0.985558 0.562531 0.877696 0.407691 0.569241 0.013142 0.013142 0.461370 0.461370 0.461370 0.461370 0.000000 0.000000 0.000000 0.000000 0.000000 0.000000 1.023603 0.183426 0.149859 0.183426 1.023603 1.207985 0.820933 0.791634 0.013142 0.013142 0.461370 0.669091 1.247416 1.182540 0.461370 0.461370 0.461370 0.034260 0.034260 0.000000 0.328697 1.023603 0.711966 0.328697 0.465979 0.306112 0.099201 0.000000 0.263964 0.461370 0.013142 0.956151 0.000000 0.562531 0.650709 1.305272 0.461370 0.461370 0.000000 0.000000 0.760415 0.266612 0.760415 0.057052 0.149859 1.167004 0.638584 0.000000 