Releaseoutput64/1/quervelu_BA_10.asc
ncols  20
nrows  20
xllcorner  0
yllcorner  0
cellsize  30
NODATA_value  -9999
0.000000 0.000000 0.000000 0.000000 0.000000 0.000000 0.000000 0.000000 0.000000 0.000000 0.000000 0.000000 0.000000 0.000000 0.000000 0.000000 0.813626 0.813626 0.813626 0.000000 0.000000 0.000000 0.000000 0.000000 0.000000 0.000000 0.000000 0.000000 0.000000 0.000000 0.000000 0.000000 0.000000 0.000000 0.000000 0.000000 0.813626 0.813626 0.000000 0.000000 0.000000 0.000000 0.813626 0.813626 0.813626 0.000000 0.000000 0.000000 0.000000 0.000000 0.000000 0.000000 0.000000 0.813626 0.813626 0.813626 0.813626 0.813626 0.813626 0.813626 0.000000 0.813626 0.813626 0.813626 0.813626 0.813626 0.813626 0.813626 0.813626 0.813626 0.813626 0.813626 0.813626 0.813626 0.000000 0.000000 0.000000 0.000000 0.000000 0.000000 0.813626 0.813626 0.813626 0.813626 0.813626 0.813626 0.813626 0.813626 0.813626 0.813626 0.000000 0.000000 0.000000 0.000000 0.000000 0.000000 0.460990 0.698890 2.351339 0.529339 0.813626 0.813626 0.813626 0.813626 0.813626 0.813626 0.000000 0.000000 0.000000 0.000000 0.000000 0.000000 0.743214 1.958697 2.259421 1.072860 1.090332 0.000000 0.000000 3.109398 0.813626 0.000000 0.000000 0.000000 0.000000 0.000000 0.000000 0.000000 0.466416 0.000000 0.000000 1.250033 0.000000 1.557330 0.703603 0.264670 0.705150 0.466416 1.512877 1.274671 0.000000 0.000000 0.000000 0.000000 0.743214 0.743214 0.000000 0.703603 2.028498 0.884077 0.379406 0.000000 2.101625 2.095395 0.705150 0.000000 1.784095 1.331588 0.824326 0.311057 0.743214 0.743214 0.743214 0.743214 0.743214 1.759670 2.209490 0.264670 2.028498 1.047913 1.047913 0.705150 0.123116 0.559438 1.274671 0.620859 0.229472 1.449280 0.240001 0.529339 0.743214 0.743214 0.743214 0.743214 0.114736 1.236107 0.819886 1.938187 0.312508 0.529339 0.312508 2.155018 0.360840 0.000000 1.759791 1.874406 0.508829 3.160303 2.103100 1.218304 0.000000 0.743214 0.743214 1.236107 1.887720 1.307163 0.114736 0.508829 1.938187 1.784095 2.236603 1.209538 0.360840 1.785270 0.000000 0.529339 1.557330 0.620859 0.312508 0.529339 0.000000 0.743214 0.743214 1.086174 1.350843 1.350843 1.350843 0.884077 1.789117 3.160303 1.472254 2.073184 1.164100 0.360840 1.830725 1.914003 1.465412 1.533761 0.889686 0.974976 0.743214 0.743214 0.743214 0.114736 1.042493 1.021495 0.114736 0.114736 1.105065 1.430188 0.000000 1.164100 2.143234 0.360840 1.053682 1.763828 1.036461 0.690462 1.763828 0.529339 0.743214 0.743214 1.350843 1.192427 1.051127 1.307163 1.350843 0.114736 0.114736 0.264670 0.311057 1.047913 1.557330 0.196321 2.038235 0.529339 1.333039 0.731086 1.499159 1.279424 0.743214 0.743214 1.051466 1.154523 1.051127 0.114736 1.051466 0.114736 0.114736 1.040266 0.731086 0.000000 1.314622 0.000000 2.537327 1.773566 1.790591 0.311057 0.312508 1.533761 0.743214 0.743214 0.114736 0.993204 1.021495 0.114736 1.086174 1.350843 0.000000 0.000000 0.690462 1.417574 1.948365 1.090332 0.529339 1.533761 0.000000 0.690462 0.312508 0.583872 0.743214 0.743214 0.743214 0.114736 1.350843 1.350843 1.021495 1.051466 1.350843 0.319437 0.731086 1.712047 1.914003 1.870323 0.311057 0.541980 1.086007 0.690462 1.302838 0.731086 0.743214 0.743214 0.577178 0.577178 0.577178 0.577178 0.993204 1.110842 1.350843 1.350843 1.350843 0.000000 0.529339 0.529339 1.988364 0.529339 0.529339 0.000000 0.312508 1.301386 0.743214 0.743214 0.577178 1.567507 0.275521 0.575726 0.577178 0.577178 0.577178 0.114736 0.114736 1.021495 0.311057 0.529339 1.014755 0.311057 0.583872 1.763828 1.166140 1.417574 0.087361 0.577178 0.743214 1.371187 2.121272 0.806569 1.058435 0.311057 0.577178 0.577178 1.350843 1.021495 0.000000 0.583872 0.000000 0.319437 1.790591 1.254999 0.955132 1.889760 