Releaseoutput64/1/queralba_IV_10.asc
ncols  20
nrows  20
xllcorner  0
yllcorner  0
cellsize  30
NODATA_value  -9999
0 0 0 0 0 0 0 0 0 0 0 0 0 0 0 0 0.067757 0.067757 0.067757 0 0 0 0 0 0 0 0 0 0 0 0 0 0 0 0 0 0.067757 0.067757 0 0 0 0 0.067757 0.067757 0.067757 0 0 0 0 0 0 0 0 0.067757 0.067757 0.067757 0.067757 0.067757 0.067757 0.067757 0 0.067757 0.067757 0.067757 0.067757 0.067757 0.067757 0.067757 0.067757 0.067757 0.067757 0.067757 0.067757 0.067757 0 0 0 0 0 0 0.067757 0.067757 0.067757 0.067757 0.067757 0.067757 0.067757 0.067757 0.067757 0.067757 0 0 0 0 0 0 1.165095 0.821994 0.483669 0.971657 0.067757 0.067757 0.067757 0.067757 0.067757 0.067757 0 0 0 0 0 0 0.471868 0.717447 0.100196 0.456259 0.949710 0 0 0.198619 0.067757 0 0 0 0 0 0 0 1.092689 0 2.000000 0.843717 0 0.621976 1.197112 0.677334 0.920885 1.092689 0.310394 0.873323 0 0 0 0 0.471868 0.471868 0 1.197112 0.964493 1.103012 0.589343 2.000000 0.521539 0.220460 0.920885 0 0.631785 0.389747 0.986229 1.003656 0.471868 0.471868 0.471868 0.471868 0.471868 0.715773 0.191354 0.677334 0.979967 1.270512 1.270512 0.920885 0.000000 0.838734 0.873323 0.724449 1.201054 0.900368 1.583446 1.270085 0.471868 0.471868 0.471868 0.471868 0.476606 0.453204 1.080296 0.184544 1.227738 0.971657 1.552503 0.521705 1.522365 0 0.080117 0.747341 1.170138 0.170752 0.137522 0.707323 2.000000 0.471868 0.471868 0.442965 0.716975 0.434596 0.476606 1.170138 0.184544 0.631785 0.240013 0.460560 1.522365 0.231074 0 1.270085 0.621976 0.724449 1.332336 1.270085 2.000000 0.471868 0.471868 0.444329 0.426793 0.423530 0.426793 1.103012 0.569750 0.170752 0.892908 0.376649 1.047247 1.522365 0.243983 0.000000 0.685212 0.491455 0.977280 0.433788 0.471868 0.471868 0.471868 0.476606 0.433876 0.052233 0.476606 0.476606 0.811670 0.466210 0.130027 1.047247 0.541204 1.522365 1.002905 0.350737 0.167821 1.250013 0.350737 1.270085 0.471868 0.471868 0.426793 0.443289 0.144976 0.430308 0.403749 0.476606 0.476606 1.293719 1.003656 1.270512 0.621976 1.588671 0.252742 0.670047 0.692825 0.893024 0.133217 0.746909 0.471868 0.471868 0.232482 0.435883 0.144976 0.476606 0.234436 0.476606 0.476606 0.455177 0.893024 2.000000 1.096371 2.000000 0.545723 0.820093 0.155878 1.003656 1.332336 0.491455 0.471868 0.471868 0.476606 0.165772 0.052233 0.476606 0.444329 0.426793 2.000000 0.000000 1.250013 0.692026 0.346154 0.949710 0.971657 0.491455 0.000000 1.250013 1.332336 0.449981 0.471868 0.471868 0.471868 0.476606 0.426793 0.426793 0.052233 0.232482 0.435464 0.086058 0.893024 0.054085 0.000000 0.088425 1.003656 1.059055 0.891697 1.250013 0.249444 0.893024 0.471868 0.471868 1.108736 1.108736 1.108736 1.108736 0.165772 0.452126 0.416078 0.426793 0.426793 0.000000 1.270085 0.670047 0.152893 0.670047 1.270085 2.000000 1.332336 0.750523 0.471868 0.471868 1.108736 1.133157 0.943811 1.001661 1.108736 1.108736 1.108736 0.476606 0.476606 0.052233 1.003656 1.270085 1.052774 1.003656 0.449981 0.350737 0.256075 0.936271 0.299264 1.108736 0.471868 0.864540 0.325057 0.854129 0.937776 1.314950 1.108736 1.108736 0.434305 0.052233 2.000000 0.449981 2.000000 0.086058 0.155878 1.192161 1.001559 0.240843 