Releaseoutput64/1/quervelu_IV_40.asc
ncols  20
nrows  20
xllcorner  0
yllcorner  0
cellsize  30
NODATA_value  -9999
0 0 0 0 0 0 0 0 0 0 0 0 0 0 0 0 1.844134 1.798347 2.000000 0 0 0 0 0 0 0 0 0 0 0 0 0 0 0 0 0 1.825393 2.000000 0 0 0 0 1.825393 2.000000 1.825393 0 0 0 0 0 0 0 0 1.799968 1.825393 1.825393 2.000000 1.824177 1.844134 2.000000 0 1.825393 1.825393 2.000000 1.825393 1.799968 1.798347 1.799968 2.000000 2.000000 1.825393 1.825393 2.000000 1.825393 0 0 0 0 0 0 1.825393 1.845080 1.825393 1.825393 2.000000 1.825393 1.825393 2.000000 2.000000 1.798347 0 0 0 0 0 0 0.358399 1.123632 1.746565 0.907157 2.000000 1.845080 1.825393 1.824177 1.844134 1.825393 0 0 0 0 0 0 2.000000 1.408889 1.864164 1.627275 1.367328 0 0 1.794480 1.844134 0 0 0 0 0 0 0 0.867601 0 0.000000 0.861483 0 1.157169 0.387523 1.139010 0.490349 0.858618 1.392103 1.582785 0 0 0 0 2.000000 2.000000 0 0.203101 1.321537 0.965480 1.229989 0.000000 1.161821 2.000000 0.701356 0 1.815646 1.751143 1.409644 0.583826 2.000000 1.783872 2.000000 2.000000 2.000000 1.035512 2.000000 1.139010 1.006628 0.642916 0.907269 0.659512 2.000000 1.625735 1.075107 1.161017 0.658287 0.708479 0.211874 0.553047 2.000000 2.000000 2.000000 2.000000 0.161567 0.731233 0.826097 1.697827 0.481376 0.907157 0.246048 1.779312 0.370068 0 2.000000 1.173970 0.390965 1.819976 2.000000 1.563901 0.000000 2.000000 2.000000 2.000000 1.485459 1.628399 0.161567 0.398760 1.697827 1.038732 1.508246 1.792526 0.370068 2.000000 0 0.543272 0.725376 1.161017 0.296315 0.320594 0.000000 2.000000 2.000000 1.609770 1.793279 1.765461 1.306864 0.786297 1.161821 2.000000 1.435619 1.720213 1.051070 0.370068 2.000000 2.000000 0.915091 1.674089 0.883708 1.781482 2.000000 2.000000 2.000000 0.161567 0.802410 2.000000 0.161567 0.161567 0.582886 1.571512 0.000000 0.815446 1.748744 0.370068 2.000000 1.327945 0.843854 0.731019 1.770148 0.518518 2.000000 2.000000 1.608581 1.017706 1.787385 1.792668 2.000000 0.161567 0.161567 0.518040 0.583826 0.650891 0.979215 0.328365 2.000000 1.102165 2.000000 0.903235 0.962096 1.664484 2.000000 2.000000 2.000000 1.271048 1.787385 0.000000 2.000000 0.163359 0.161567 1.815488 0.696028 0.000000 1.057596 0.000000 1.491952 1.829189 2.000000 0.583826 0.313031 1.413814 2.000000 2.000000 0.161567 1.795503 1.795503 0.161567 1.789258 1.766721 0.000000 0.000000 1.020789 1.340029 1.551949 1.045584 0.907157 1.407421 0.000000 1.067284 0.316396 1.083758 2.000000 2.000000 2.000000 0.170723 1.795818 2.000000 2.000000 2.000000 2.000000 1.829479 0.991130 2.000000 2.000000 2.000000 0.583826 0.434800 0.890467 0.775830 0.737742 1.171244 2.000000 2.000000 0.485174 0.485174 0.485174 0.485174 1.795503 1.780584 2.000000 1.794282 2.000000 0.000000 0.545907 1.102165 1.731735 1.102165 0.518518 0.000000 0.326444 0.647417 2.000000 2.000000 0.485174 1.124332 1.054759 0.707461 0.485174 0.485174 0.485174 0.000000 0.177313 1.795503 0.583826 0.553047 1.175624 0.597324 0.983080 1.329307 0.972347 1.739927 0.267020 0.485174 2.000000 0.750788 2.000000 1.444925 0.711987 0.357523 0.485174 0.485174 1.793279 2.000000 0.000000 0.925801 0.000000 1.850708 1.769236 0.789291 1.144959 2.000000 