Releaseoutput64/1/quervelu_BA_30.asc
ncols  20
nrows  20
xllcorner  0
yllcorner  0
cellsize  30
NODATA_value  -9999
0.000000 0.000000 0.000000 0.000000 0.000000 0.000000 0.000000 0.000000 0.000000 0.000000 0.000000 0.000000 0.000000 0.000000 0.000000 0.000000 1.570566 1.835236 1.835236 0.000000 0.000000 0.000000 0.000000 0.000000 0.000000 0.000000 0.000000 0.000000 0.000000 0.000000 0.000000 0.000000 0.000000 0.000000 0.000000 0.000000 1.835236 1.570566 0.000000 0.000000 0.000000 0.000000 1.835236 1.835236 1.835236 0.000000 0.000000 0.000000 0.000000 0.000000 0.000000 0.000000 0.000000 1.835236 1.835236 1.835236 1.835236 1.374245 1.570566 1.835236 0.000000 1.835236 1.835236 1.835236 1.835236 1.835236 1.835236 1.835236 1.835236 1.835236 1.835236 1.835236 1.835236 1.835236 0.000000 0.000000 0.000000 0.000000 0.000000 0.000000 1.835236 1.638915 1.835236 1.835236 1.835236 1.835236 1.835236 1.835236 1.570566 1.835236 0.000000 0.000000 0.000000 0.000000 0.000000 0.000000 0.655271 1.570566 2.542991 0.685526 1.570566 1.638915 1.835236 1.374245 1.570566 1.835236 0.000000 0.000000 0.000000 0.000000 0.000000 0.000000 2.405185 1.887720 2.327147 2.090948 1.625584 0.000000 0.000000 2.349518 1.570566 0.000000 0.000000 0.000000 0.000000 0.000000 0.000000 0.000000 1.135758 0.000000 0.000000 1.443360 0.000000 1.857466 0.748557 0.342763 0.985856 1.092078 1.826314 1.958109 0.000000 0.000000 0.000000 0.000000 2.407232 2.407232 0.000000 0.748557 2.014145 1.459024 0.607433 0.000000 1.766331 2.260738 0.985856 0.000000 2.348711 1.811667 1.511204 0.577178 2.407232 2.363551 2.407232 2.361505 2.407232 1.996068 2.297385 0.342763 1.653305 0.985856 1.357160 0.985856 1.835774 1.509753 1.333093 0.899924 0.529339 1.399592 0.312508 0.685526 2.407232 2.407232 2.407232 2.407232 0.264670 1.390676 1.250526 2.218306 0.360840 0.685526 0.360840 2.230483 0.377254 0.000000 2.280362 2.114296 0.673348 2.482112 2.131735 1.827704 0.000000 2.363551 2.407232 2.194429 1.796586 1.998108 0.264670 0.673348 2.218306 1.887720 1.935559 2.263320 0.377254 2.238911 0.000000 0.685526 1.514703 0.899924 0.360840 0.342763 0.000000 2.407232 2.407232 1.803827 1.950270 2.262778 1.998108 1.146516 1.766331 2.482112 1.838167 2.698450 1.405491 0.377254 1.917975 2.133920 1.034188 1.749969 1.064443 1.648421 2.336836 2.363551 2.407232 0.264670 1.411186 2.042625 0.264670 0.264670 0.950195 2.366081 0.000000 1.405491 1.966307 0.377254 1.811667 1.310542 1.154849 1.184610 2.014145 0.685526 2.440383 2.372034 1.773573 1.685600 1.883669 2.262778 2.262778 0.264670 0.264670 0.342763 0.577178 1.044652 1.592796 0.312508 2.182645 0.685526 1.927854 0.816568 1.310542 1.544957 2.440383 2.372034 1.883669 1.617251 1.883669 0.264670 1.954724 0.264670 0.264670 1.782049 0.829994 0.000000 1.623051 0.000000 2.326654 2.074297 2.083404 0.577178 0.360840 1.671875 2.363551 2.407232 0.264670 1.965793 1.965793 0.264670 1.773573 2.066457 0.000000 0.000000 1.184610 1.701637 2.092732 1.264744 0.685526 1.329112 0.000000 1.184610 0.360840 0.947610 2.363551 2.407232 2.407232 0.264670 2.066457 1.950270 2.009474 1.998405 2.146590 1.574603 1.085395 2.152978 2.182251 2.102118 0.577178 0.529339 1.064443 1.184610 0.998034 1.172757 2.328354 2.407232 0.703603 0.703603 0.703603 0.703603 1.894738 1.950270 2.194429 1.998108 2.262778 0.000000 0.685526 0.685526 2.083404 0.685526 0.685526 0.000000 0.360840 1.028289 2.407232 2.407232 0.703603 1.701637 1.041653 0.919941 0.703603 0.703603 0.703603 0.264670 0.264670 2.009474 0.577178 0.685526 1.466864 0.577178 0.932209 1.671382 1.280288 1.966307 0.392641 0.703603 2.440383 1.028289 2.326654 1.723092 1.202194 0.577178 0.703603 0.703603 1.950270 2.124210 0.000000 0.932209 0.000000 1.574603 1.976770 0.998034 1.527373 2.403526 