Releaseoutput64/1/quervelu_IV_80.asc
ncols  20
nrows  20
xllcorner  0
yllcorner  0
cellsize  30
NODATA_value  -9999
0 0 0 0 0 0 0 0 0 0 0 0 0 0 0 0 1.692517 1.692517 2.000000 0 0 0 0 0 0 0 0 0 0 0 0 0 0 0 0 0 1.692517 2.000000 0 0 0 0 1.692517 2.000000 1.692904 0 0 0 0 0 0 0 0 1.692904 2.000000 2.000000 2.000000 1.692517 1.692517 2.000000 0 2.000000 1.692904 2.000000 1.692904 1.630529 1.692517 1.629966 2.000000 2.000000 1.692904 1.692904 2.000000 1.692904 0 0 0 0 0 0 2.000000 1.692904 1.629966 1.692904 2.000000 1.692904 1.692517 2.000000 2.000000 2.000000 0 0 0 0 0 0 0.247078 0.878395 1.656757 0.797362 2.000000 1.629966 1.692904 2.000000 1.629966 1.692904 0 0 0 0 0 0 2.000000 1.528471 1.775570 1.406455 1.713306 0 0 1.665387 1.692517 0 0 0 0 0 0 0 0.992722 0 0.000000 0.494637 0 0.356401 0.000000 1.001490 0.232895 0.759765 0.989915 1.485361 0 0 0 0 2.000000 2.000000 0 0.000000 1.500895 1.271892 1.038933 0.000000 0.826799 2.000000 0.604078 0 2.000000 2.000000 2.000000 0.565287 2.000000 2.000000 2.000000 2.000000 2.000000 0.992121 2.000000 1.001490 0.934233 0.795509 0.767091 1.023246 2.000000 1.594903 1.157227 1.024159 0.518045 0.304038 0.000000 0.816521 2.000000 2.000000 2.000000 2.000000 0.238214 0.746828 0.696329 1.566707 0.347053 0.797362 0.260923 2.000000 0.000000 0 2.000000 1.275712 0.233145 1.680456 2.000000 1.600474 0.000000 2.000000 2.000000 2.000000 1.181327 2.000000 0.000000 0.227561 1.501876 1.258845 1.329578 1.744532 0.000000 2.000000 0 0.679437 0.473598 1.024159 0.000000 0.000000 0.000000 2.000000 2.000000 2.000000 1.646770 1.749616 1.189641 0.737807 0.780849 2.000000 1.324998 1.441623 0.581805 0.000000 2.000000 2.000000 0.474381 1.573741 0.798820 1.660930 2.000000 2.000000 2.000000 0.000000 0.827233 2.000000 0.265478 0.264436 0.691127 1.483162 0.000000 0.504647 2.000000 0.000000 2.000000 0.824928 1.077035 1.008368 2.000000 0.802816 2.000000 2.000000 1.704548 1.186293 1.699380 2.000000 2.000000 0.237619 0.237619 0.408385 0.300183 0.232433 0.895947 0.000000 2.000000 0.857692 2.000000 0.873811 1.075802 1.642765 2.000000 2.000000 2.000000 1.747720 2.000000 0.000000 2.000000 0.000000 0.239050 2.000000 0.672035 0.000000 1.012708 0.000000 1.439061 2.000000 2.000000 0.300183 0.000000 1.191435 2.000000 2.000000 0.000000 2.000000 2.000000 0.224594 2.000000 2.000000 0.000000 0.000000 1.001939 1.161291 1.439366 1.395879 0.797362 1.324717 0.000000 0.639250 0.000000 1.475167 2.000000 2.000000 2.000000 0.247849 2.000000 2.000000 2.000000 2.000000 2.000000 1.530592 0.809835 2.000000 2.000000 2.000000 0.586554 0.581451 0.693474 0.408453 0.353171 1.216146 2.000000 2.000000 0.317872 0.483052 0.482945 0.000000 2.000000 2.000000 2.000000 2.000000 2.000000 0.000000 0.497637 0.857692 2.000000 0.857692 0.398719 0.000000 0.359614 0.704004 2.000000 2.000000 0.483052 0.669484 0.743277 0.528230 0.483052 0.221624 0.264874 0.000000 0.277735 2.000000 0.379825 0.000000 1.571983 0.363140 0.779249 1.225806 0.811654 1.747278 0.254987 0.236758 2.000000 0.663948 2.000000 1.435144 0.737673 0.457766 0.483052 0.236758 2.000000 2.000000 0.000000 0.949758 0.000000 1.625894 2.000000 0.876789 1.447493 2.000000 