Releaseoutput64/1/queralba_BA_Age20_Age300_20.asc
ncols  20
nrows  20
xllcorner  0
yllcorner  0
cellsize  30
NODATA_value  -9999
0.000000 0.000000 0.000000 0.000000 0.000000 0.000000 0.000000 0.000000 0.000000 0.000000 0.000000 0.000000 0.000000 0.000000 0.000000 0.000000 0.027173 0.027173 0.000000 0.000000 0.000000 0.000000 0.000000 0.000000 0.000000 0.000000 0.000000 0.000000 0.000000 0.000000 0.000000 0.000000 0.000000 0.000000 0.000000 0.000000 0.027173 0.027173 0.000000 0.000000 0.000000 0.000000 0.027173 0.027173 0.027173 0.000000 0.000000 0.000000 0.000000 0.000000 0.000000 0.000000 0.000000 0.027173 0.027173 0.027173 0.000000 0.027173 0.027173 0.000000 0.000000 0.027173 0.027173 0.000000 0.027173 0.027173 0.027173 0.027173 0.000000 0.000000 0.027173 0.027173 0.027173 0.027173 0.000000 0.000000 0.000000 0.000000 0.000000 0.000000 0.027173 0.027173 0.027173 0.027173 0.027173 0.027173 0.027173 0.027173 0.027173 0.027173 0.000000 0.000000 0.000000 0.000000 0.000000 0.000000 0.690586 0.688817 0.177032 0.433451 0.027173 0.027173 0.027173 0.027173 0.027173 0.027173 0.000000 0.000000 0.000000 0.000000 0.000000 0.000000 0.031316 0.295778 0.002648 0.455972 0.818935 0.000000 0.000000 0.156253 0.027173 0.000000 0.000000 0.000000 0.000000 0.000000 0.000000 0.000000 0.824463 0.000000 1.483324 0.089647 0.000000 0.432758 0.776005 0.099201 0.858841 0.824463 0.469350 0.308761 0.000000 0.000000 0.000000 0.000000 0.030873 0.031316 0.000000 0.776005 0.435191 0.515742 0.084225 1.483324 0.277701 0.000000 0.858841 0.000000 0.291136 0.213896 0.622134 0.085392 0.031275 0.031275 0.031316 0.031316 0.031316 0.131780 0.203846 0.099201 0.395704 0.920082 0.920082 0.858841 0.000000 0.442808 0.589440 0.270948 0.366852 0.541371 1.105222 0.701574 0.031316 0.031316 0.031316 0.031316 0.010695 0.080644 0.404783 0.020101 0.360458 0.433451 0.728716 0.390337 0.877226 0.000000 0.000000 0.281639 0.523360 0.057052 0.000000 0.262798 0.054345 0.031316 0.031316 0.010050 0.559466 0.010091 0.010695 0.523360 0.020101 0.375633 0.260898 0.117237 0.877226 0.000000 0.000000 0.701574 0.432758 0.270948 0.421140 0.701574 0.054345 0.031316 0.031316 0.010091 0.010091 0.010091 0.010091 0.515742 0.277701 0.057052 0.603914 0.114145 0.852517 0.877226 0.156253 0.000000 0.773736 0.412672 0.726951 0.270358 0.031316 0.031316 0.031316 0.010695 0.090694 0.000000 0.010695 0.010695 0.486154 0.002689 0.149859 0.909569 0.356771 0.877226 0.413928 0.183426 0.198402 0.562842 0.183426 0.701574 0.031316 0.030873 0.010091 0.010091 0.005297 0.010091 0.010050 0.010695 0.010695 0.408970 0.085392 0.920082 0.432758 0.604395 0.057052 0.094275 0.344876 0.595911 0.149859 0.463330 0.031316 0.031316 0.005780 0.010050 0.005297 0.010695 0.005780 0.010695 0.010695 0.270358 0.616012 0.159909 0.611334 0.522155 0.241445 0.220240 0.099201 0.085392 0.421140 0.313471 0.031316 0.031316 0.010695 0.002648 0.000000 0.010695 0.010091 0.010091 0.909642 0.000000 0.535670 0.512838 0.156253 1.012730 0.433451 0.313471 0.000000 0.355931 0.421140 0.361821 0.031316 0.031316 0.031316 0.010695 0.010091 0.010091 0.000000 0.005780 0.010091 0.027173 0.484513 0.000000 0.000000 0.000000 0.085392 0.782679 0.387272 0.552792 0.299718 0.385312 0.031316 0.031316 0.219420 0.219420 0.219420 0.219420 0.002648 0.010091 0.010091 0.010091 0.010091 0.000000 0.701574 0.094275 0.099201 0.094275 0.701574 0.909642 0.421140 0.589689 0.031275 0.031275 0.219420 0.708255 1.034087 0.967460 0.219420 0.219420 0.219420 0.010695 0.010695 0.000000 0.085392 0.701574 0.643011 0.085392 0.334649 0.183426 0.057052 0.308761 0.153546 0.219420 0.031316 0.604087 0.000000 0.612854 0.404282 0.828592 0.219420 0.219420 0.010091 0.000000 0.691382 0.157976 0.691382 0.027173 0.099201 0.794719 0.446376 0.000000 