Releaseoutput64/1/quervelu_BA_Age20_Age150_50.asc
ncols  20
nrows  20
xllcorner  0
yllcorner  0
cellsize  30
NODATA_value  -9999
0.000000 0.000000 0.000000 0.000000 0.000000 0.000000 0.000000 0.000000 0.000000 0.000000 0.000000 0.000000 0.000000 0.000000 0.000000 0.000000 1.875050 1.875050 1.905304 0.000000 0.000000 0.000000 0.000000 0.000000 0.000000 0.000000 0.000000 0.000000 0.000000 0.000000 0.000000 0.000000 0.000000 0.000000 0.000000 0.000000 2.217812 1.875050 0.000000 0.000000 0.000000 0.000000 2.217812 2.217812 2.217812 0.000000 0.000000 0.000000 0.000000 0.000000 0.000000 0.000000 0.000000 1.905304 2.217812 2.217812 2.217812 2.187558 1.875050 2.217812 0.000000 2.217812 2.217812 1.562541 2.217812 1.905304 1.875050 1.905304 2.217812 1.875050 2.217812 2.217812 2.217812 2.217812 0.000000 0.000000 0.000000 0.000000 0.000000 0.000000 2.217812 2.217812 2.217812 2.217812 1.875050 2.217812 2.217812 2.217812 1.562541 1.875050 0.000000 0.000000 0.000000 0.000000 0.000000 0.000000 0.732143 1.562541 2.167889 0.742607 1.875050 2.217812 2.217812 2.187558 1.875050 2.217812 0.000000 0.000000 0.000000 0.000000 0.000000 0.000000 2.799956 2.167889 2.229257 2.140212 2.059099 0.000000 0.000000 2.472088 1.875050 0.000000 0.000000 0.000000 0.000000 0.000000 0.000000 0.000000 1.146123 0.000000 0.000000 1.131761 0.000000 1.064443 0.763085 0.371303 0.721680 0.928464 2.030748 2.091017 0.000000 0.000000 0.000000 0.000000 2.946399 2.681729 0.000000 0.000000 2.212844 1.758718 0.714066 0.000000 1.512365 2.178353 0.721680 0.000000 2.510652 2.374985 1.876529 0.703603 2.681729 2.731608 2.681729 2.799956 2.681729 1.474750 2.559894 0.371303 1.835590 1.098934 1.098934 1.098934 2.382026 2.092867 1.399592 1.061065 0.685526 1.123211 0.360840 0.742607 2.799956 2.417059 2.946399 2.830211 0.342763 1.367623 1.441696 2.173840 0.377254 0.742607 0.377254 2.539193 0.382481 0.000000 2.137635 2.119558 0.377254 2.254972 1.875118 1.802536 0.000000 2.681729 2.830211 2.412275 1.883669 2.442529 0.342763 0.377254 2.173840 1.807050 1.825127 2.385281 0.382481 2.080554 0.000000 0.742607 1.082520 1.061065 0.377254 0.371303 0.000000 2.681729 2.681729 2.365657 2.053149 2.111944 1.817513 1.397878 1.495951 2.254972 2.148650 2.238558 1.135112 0.382481 1.807050 2.109094 1.115347 1.868417 1.125811 1.615346 2.721863 2.681729 2.946399 0.000000 1.428133 2.477704 0.342763 0.342763 1.085370 2.040971 0.000000 1.135112 2.194767 0.382481 2.014145 1.464287 1.405542 1.056829 1.852004 0.742607 2.681729 2.799956 2.042686 1.710386 2.192524 2.413989 2.472784 0.342763 0.342763 0.371303 0.703603 1.118698 1.082520 0.360840 2.160276 0.742607 2.110809 0.938927 1.464287 1.796586 2.681729 2.799956 2.457194 2.051435 2.076336 0.000000 2.457194 0.342763 0.342763 2.074297 0.567624 0.000000 1.825127 0.000000 2.212844 2.121272 2.235958 0.360840 0.377254 1.119860 2.878050 2.681729 0.342763 2.260873 2.260873 0.342763 2.355194 2.130021 0.000000 0.000000 1.417669 1.474750 1.868417 1.681846 0.742607 1.468574 0.000000 1.074906 0.377254 1.331569 2.681729 2.681729 2.417059 0.342763 2.160276 2.111944 2.525542 2.457194 2.424452 1.588018 1.299767 2.042686 2.095253 2.109094 0.703603 0.685526 1.125811 1.046366 1.103447 1.299767 2.799956 2.417059 0.371303 0.748557 0.748557 0.377254 2.260873 2.424452 2.442529 2.442529 2.472784 0.000000 0.742607 0.742607 1.855354 0.742607 0.742607 0.000000 0.377254 0.742607 2.830211 2.830211 0.748557 1.103447 1.352907 1.074906 0.748557 0.748557 0.748557 0.000000 0.342763 2.260873 0.703603 0.371303 1.407206 0.360840 1.076453 1.470237 1.082520 2.194767 0.625017 0.748557 2.946399 1.113910 2.573684 2.133585 1.082520 0.703603 0.748557 0.371303 2.424452 2.525542 0.000000 1.272774 0.000000 1.948858 2.198117 1.103447 1.788973 2.218794 