Releaseoutput64/1/queralba_IV_20.asc
ncols  20
nrows  20
xllcorner  0
yllcorner  0
cellsize  30
NODATA_value  -9999
0 0 0 0 0 0 0 0 0 0 0 0 0 0 0 0 0.104409 0.095214 0.000000 0 0 0 0 0 0 0 0 0 0 0 0 0 0 0 0 0 0.095214 0.104409 0 0 0 0 0.095214 0.095214 0.095214 0 0 0 0 0 0 0 0 0.095214 0.095214 0.095214 0.000000 0.104409 0.095214 0.000000 0 0.095214 0.103155 0.000000 0.103155 0.095214 0.095214 0.095214 0.000000 0.000000 0.095214 0.095214 0.095214 0.095214 0 0 0 0 0 0 0.095214 0.095214 0.095214 0.095214 0.095214 0.095214 0.095214 0.095214 0.104409 0.103155 0 0 0 0 0 0 1.254885 0.853074 0.249023 1.009508 0.104409 0.095214 0.095214 0.104409 0.104409 0.095214 0 0 0 0 0 0 0.456898 0.821433 0.112215 0.346163 0.962082 0 0 0.220686 0.095214 0 0 0 0 0 0 0 1.171097 0 2.000000 0.887460 0 0.673231 1.375137 0.740949 0.991628 1.171097 0.462855 0.378955 0 0 0 0 0.448339 0.456898 0 1.375137 0.985964 1.138804 0.642019 2.000000 0.622106 0.000000 0.991628 0 0.396354 0.317117 1.083527 1.116286 0.448538 0.455157 0.463835 0.480255 0.456898 0.735620 0.163054 0.740949 0.972950 1.398001 1.279196 0.991628 0.000000 0.673821 0.758577 0.760288 1.233022 0.993837 1.617996 1.375009 0.456898 0.456898 0.456898 0.456898 0.481025 0.421305 1.108097 0.232635 1.345915 1.009508 1.641641 0.585047 1.559750 0 0.000000 0.786747 1.276550 0.132036 0.000000 0.554477 2.000000 0.456898 0.456898 0.070762 0.546712 0.114898 0.481025 1.276550 0.232635 0.644410 0.303458 0.263991 1.559750 0.000000 0 1.375009 0.731334 0.760288 1.515586 1.375009 2.000000 0.456898 0.456898 0.115030 0.137652 0.137652 0.137652 1.138804 0.622106 0.132036 0.927766 0.294471 1.030399 1.559750 0.295514 0.000000 0.879945 0.577715 0.993493 0.326243 0.465202 0.456898 0.456898 0.481025 0.439902 0.000000 0.481025 0.481025 0.833623 0.106240 0.097385 1.076271 0.406088 1.559750 0.945658 0.484147 0.169108 1.261969 0.425366 1.375009 0.456898 0.448339 0.115030 0.090678 0.044388 0.137652 0.075730 0.481025 0.481025 1.366850 1.116286 1.371855 0.724402 1.595455 0.123996 0.731067 0.604770 0.674705 0.159576 0.569427 0.456898 0.456898 0.083425 0.056366 0.044388 0.481025 0.083425 0.481025 0.481025 0.334242 0.708173 2.000000 1.145123 2.000000 0.590820 0.864965 0.169697 1.116286 1.515586 0.396973 0.456898 0.456898 0.481025 0.031746 0.000000 0.481025 0.087123 0.129060 2.000000 0.000000 1.247703 0.534931 0.324698 0.929739 1.009508 0.457920 0.000000 1.157364 1.515586 0.501879 0.463544 0.456898 0.456898 0.481025 0.137604 0.121628 0.000000 0.083425 0.129117 0.082982 0.630924 0.000000 0.000000 0.000000 1.116286 1.146187 0.645744 1.254947 0.297108 0.567878 0.456898 0.456898 1.196800 1.196800 1.196800 1.196800 0.031746 0.109022 0.129112 0.129117 0.137652 0.000000 1.375009 0.731067 0.191892 0.731067 1.375009 2.000000 1.515586 0.903562 0.448538 0.448538 1.196800 1.001831 0.915881 0.974364 1.196800 1.196800 1.196800 0.481025 0.481025 0.000000 1.116286 1.375009 0.896892 1.116286 0.479200 0.425366 0.111365 0.496498 0.185819 1.196800 0.456898 1.050637 0.000000 0.615400 1.025697 1.352642 1.196800 1.196800 0.137652 0.000000 2.000000 0.404243 2.000000 0.082982 0.169697 1.383575 1.096924 0.000000 