Releaseoutput64/1/queralba_BA_50.asc
ncols  20
nrows  20
xllcorner  0
yllcorner  0
cellsize  30
NODATA_value  -9999
0.000000 0.000000 0.000000 0.000000 0.000000 0.000000 0.000000 0.000000 0.000000 0.000000 0.000000 0.000000 0.000000 0.000000 0.000000 0.000000 0.149859 0.149859 0.000000 0.000000 0.000000 0.000000 0.000000 0.000000 0.000000 0.000000 0.000000 0.000000 0.000000 0.000000 0.000000 0.000000 0.000000 0.000000 0.000000 0.000000 0.149859 0.000000 0.000000 0.000000 0.000000 0.000000 0.149859 0.000000 0.149859 0.000000 0.000000 0.000000 0.000000 0.000000 0.000000 0.000000 0.000000 0.149859 0.149859 0.149859 0.000000 0.149859 0.149859 0.000000 0.000000 0.149859 0.149859 0.000000 0.149859 0.149859 0.149859 0.149859 0.000000 0.000000 0.149859 0.149859 0.000000 0.149859 0.000000 0.000000 0.000000 0.000000 0.000000 0.000000 0.149859 0.149859 0.149859 0.149859 0.000000 0.149859 0.149859 0.000000 0.000000 0.149859 0.000000 0.000000 0.000000 0.000000 0.000000 0.000000 1.387366 1.268103 0.304274 0.834341 0.000000 0.149859 0.149859 0.149859 0.149859 0.149859 0.000000 0.000000 0.000000 0.000000 0.000000 0.000000 0.000000 0.507251 0.057052 0.608549 0.560693 0.000000 0.000000 0.256419 0.149859 0.000000 0.000000 0.000000 0.000000 0.000000 0.000000 0.000000 1.277377 0.000000 2.739083 0.975836 0.000000 1.010958 1.702030 0.256419 1.414666 1.481222 0.858529 0.000000 0.000000 0.000000 0.000000 0.000000 0.000000 0.000000 0.000000 2.128642 0.512838 0.853811 0.353705 2.739083 0.963828 0.000000 1.264807 0.000000 0.203846 0.345691 0.454134 0.926136 0.000000 0.000000 0.000000 0.000000 0.000000 0.752217 0.000000 0.256419 0.841094 1.239167 1.172000 1.414666 0.000000 0.256419 0.560693 0.648738 1.220247 1.193377 1.709460 1.322089 0.000000 0.000000 0.000000 0.000000 0.159503 0.099201 1.155139 0.198402 1.064257 0.834341 2.043002 0.304274 1.534803 0.000000 0.000000 0.603993 1.406494 0.203846 0.000000 0.406278 0.299718 0.000000 0.000000 0.000000 0.636626 0.000000 0.169553 1.752185 0.198402 0.861825 0.549537 0.000000 1.534803 0.000000 0.000000 1.413931 1.165374 0.648738 1.476898 1.718206 0.299718 0.000000 0.000000 0.000000 0.000000 0.000000 0.000000 1.066284 1.063029 0.000000 0.560693 0.213896 1.194177 1.534803 0.000000 0.000000 1.106106 0.380207 1.062374 0.256419 0.000000 0.000000 0.000000 0.169553 0.000000 0.000000 0.169553 0.169553 1.222163 0.000000 0.304274 1.504582 0.000000 1.534803 0.000000 0.610124 0.256419 1.065670 0.000000 1.218673 0.000000 0.000000 0.000000 0.000000 0.000000 0.000000 0.000000 0.060302 0.169553 0.964169 0.926136 1.182115 0.908955 1.538406 0.000000 0.452906 0.000000 0.608549 0.000000 0.380207 0.000000 0.000000 0.000000 0.000000 0.000000 0.199704 0.000000 0.159503 0.169553 0.203846 0.764539 0.403475 0.817112 1.357375 0.610124 0.099201 0.000000 0.926136 1.323351 0.584053 0.000000 0.000000 0.159503 0.000000 0.000000 0.169553 0.000000 0.000000 1.786090 0.000000 0.657979 0.760415 0.460265 1.030173 0.834341 0.584053 0.000000 0.923221 1.227838 0.256419 0.000000 0.000000 0.000000 0.169553 0.000000 0.000000 0.000000 0.000000 0.000000 0.149859 0.608549 0.000000 0.000000 0.000000 0.926136 1.020958 0.955815 1.065670 0.608549 0.304274 0.000000 0.000000 1.429151 1.429151 1.401979 1.429151 0.000000 0.000000 0.000000 0.000000 0.000000 0.000000 1.519804 0.452906 0.000000 0.452906 1.218673 1.786090 1.476898 1.066172 0.000000 0.000000 1.429151 1.045087 1.433367 0.664593 1.429151 1.429151 1.329950 0.199704 0.169553 0.000000 0.926136 1.670350 0.988756 0.869084 0.345691 0.406278 0.203846 0.000000 0.299718 1.429151 0.000000 1.073531 0.000000 0.345691 1.182301 1.686906 1.429151 1.429151 0.000000 0.000000 0.860724 0.000000 0.860724 0.149859 0.000000 1.258392 0.668589 0.000000 