Releaseoutput64/1/queralba_IV_50.asc
ncols  20
nrows  20
xllcorner  0
yllcorner  0
cellsize  30
NODATA_value  -9999
0 0 0 0 0 0 0 0 0 0 0 0 0 0 0 0 0.216865 0.216865 0.000000 0 0 0 0 0 0 0 0 0 0 0 0 0 0 0 0 0 0.188294 0.000000 0 0 0 0 0.188294 0.000000 0.188294 0 0 0 0 0 0 0 0 0.215775 0.188294 0.188294 0.000000 0.189113 0.216865 0.000000 0 0.188294 0.188294 0.000000 0.188294 0.215775 0.216865 0.215775 0.000000 0.000000 0.188294 0.188294 0.000000 0.188294 0 0 0 0 0 0 0.188294 0.188294 0.188294 0.188294 0.000000 0.188294 0.188294 0.000000 0.000000 0.216865 0 0 0 0 0 0 1.178511 0.993445 0.265937 1.129086 0.000000 0.188294 0.188294 0.189113 0.216865 0.188294 0 0 0 0 0 0 0.000000 0.644162 0.167811 0.443612 0.464022 0 0 0.218978 0.216865 0 0 0 0 0 0 0 0.927412 0 2.000000 1.286538 0 1.153781 1.419503 0.908491 1.124041 1.151146 0.630476 0.000000 0 0 0 0 0.000000 0.000000 0 1.830279 0.438150 0.629864 0.831255 2.000000 0.944793 0.000000 1.051622 0 0.200095 0.252061 0.444852 1.484939 0.000000 0.000000 0.000000 0.000000 0.000000 1.052062 0.000000 0.908491 1.020112 1.299220 1.141087 1.005241 0.000000 0.234148 0.473009 0.879422 1.390290 1.173872 1.529234 1.390331 0.000000 0.000000 0.000000 0.000000 0.449248 0.116435 1.194826 0.333635 1.571626 1.129086 1.781627 0.232008 1.657652 0 0.000000 0.555100 1.550216 0.225761 0.000000 0.469649 2.000000 0.000000 0.000000 0.000000 0.538314 0.000000 0.484972 1.604067 0.333635 0.767361 0.517131 0.000000 1.657652 0.000000 0 1.455649 1.062124 0.879422 1.737712 1.722301 2.000000 0.000000 0.000000 0.000000 0.000000 0.000000 0.000000 1.258804 1.015411 0.000000 0.456948 0.337217 1.137679 1.657652 0.000000 0.000000 0.997920 0.335751 1.056933 0.279850 0.000000 0.000000 0.000000 0.550915 0.000000 0.000000 0.484972 0.513550 0.972303 0.000000 0.161014 1.236650 0.000000 1.657652 0.000000 0.722691 0.231666 1.127083 0.000000 1.335652 0.000000 0.000000 0.000000 0.000000 0.000000 0.000000 0.000000 0.376651 0.484972 1.521968 1.484939 1.263781 1.081423 1.710009 0.000000 0.978838 0.000000 0.575063 0.000000 0.341331 0.000000 0.000000 0.000000 0.000000 0.000000 0.526324 0.000000 0.449248 0.484972 0.214479 0.727466 2.000000 0.613158 2.000000 0.549462 0.187533 0.000000 1.676144 1.706736 0.742772 0.000000 0.000000 0.449248 0.000000 0.000000 0.484972 0.000000 0.000000 2.000000 0.000000 0.745571 0.673539 0.483365 0.754855 1.129086 0.617873 0.000000 1.128710 1.698298 0.195116 0.000000 0.000000 0.000000 0.513550 0.000000 0.000000 0.000000 0.000000 0.000000 0.229088 0.443894 0.000000 0.000000 0.000000 1.484939 0.846132 0.904512 1.129570 0.439525 0.328352 0.000000 0.000000 1.755311 1.582190 1.574998 1.752696 0.000000 0.000000 0.000000 0.000000 0.000000 0.000000 1.449541 0.978838 0.000000 0.978838 1.335652 2.000000 1.737712 1.135955 0.000000 0.000000 1.582190 1.057847 1.014439 0.454426 1.582190 1.582190 1.562935 0.551195 0.515723 0.000000 1.484939 1.718136 0.841248 1.661162 0.247748 0.549840 0.210078 0.000000 0.229567 1.582190 0.000000 0.935459 0.000000 0.236392 1.322028 1.382189 1.582190 1.755311 0.000000 0.000000 2.000000 0.000000 2.000000 0.196405 0.000000 1.232802 0.716498 0.000000 