Releaseoutput64/1/quervelu_BA_Age20_Age150_60.asc
ncols  20
nrows  20
xllcorner  0
yllcorner  0
cellsize  30
NODATA_value  -9999
0.000000 0.000000 0.000000 0.000000 0.000000 0.000000 0.000000 0.000000 0.000000 0.000000 0.000000 0.000000 0.000000 0.000000 0.000000 0.000000 2.056578 2.056578 2.074655 0.000000 0.000000 0.000000 0.000000 0.000000 0.000000 0.000000 0.000000 0.000000 0.000000 0.000000 0.000000 0.000000 0.000000 0.000000 0.000000 0.000000 1.713815 2.056578 0.000000 0.000000 0.000000 0.000000 1.713815 2.417418 2.074655 0.000000 0.000000 0.000000 0.000000 0.000000 0.000000 0.000000 0.000000 2.074655 2.074655 2.074655 2.417418 1.713815 2.056578 2.417418 0.000000 2.074655 2.074655 1.713815 1.731892 2.074655 2.056578 2.074655 2.417418 2.056578 2.074655 2.074655 2.417418 2.074655 0.000000 0.000000 0.000000 0.000000 0.000000 0.000000 1.713815 2.074655 2.074655 2.074655 2.056578 2.074655 1.713815 2.417418 1.713815 2.056578 0.000000 0.000000 0.000000 0.000000 0.000000 0.000000 0.748557 1.371052 2.229257 0.754507 2.056578 2.074655 2.074655 2.056578 2.056578 2.074655 0.000000 0.000000 0.000000 0.000000 0.000000 0.000000 2.639162 2.229257 2.264273 1.653305 2.165064 0.000000 0.000000 2.564120 2.056578 0.000000 0.000000 0.000000 0.000000 0.000000 0.000000 0.000000 1.165312 0.000000 0.000000 0.761208 0.000000 0.371303 0.766009 0.377254 0.371303 1.013227 1.767011 2.184303 0.000000 0.000000 0.000000 0.000000 3.000002 2.687493 0.000000 0.000000 2.254972 1.829414 0.738094 0.000000 1.524293 2.235208 0.742607 0.000000 2.590097 2.510652 2.051435 0.732143 2.344731 2.855993 2.687493 2.639162 2.344731 1.503064 2.618000 0.377254 1.497114 1.123211 1.123211 1.123211 2.187558 1.710386 1.459773 1.100621 0.721680 1.136988 0.000000 0.754507 2.639162 2.687493 2.687493 2.657239 0.360840 1.097270 1.112747 2.232608 0.380604 0.754507 0.380604 2.606511 0.383528 0.000000 1.868417 2.200717 0.380604 1.896320 1.896722 1.855354 0.000000 2.687493 2.657239 2.531353 1.901547 2.549430 0.360840 0.380604 1.852004 1.857954 1.497114 2.312135 0.383528 2.178353 0.000000 0.754507 1.113910 1.100621 0.380604 0.000000 0.000000 2.687493 2.687493 2.143636 2.161713 2.196204 1.863904 1.458110 1.514992 2.278801 2.218071 1.515716 1.143689 0.383528 1.857954 1.823463 1.132512 1.892969 1.138462 1.623051 2.278322 2.374985 2.639162 0.000000 1.476187 2.560575 0.360840 0.360840 1.115347 2.154099 0.000000 1.143689 2.244508 0.383528 2.139349 1.119860 1.463124 1.098934 1.883669 0.754507 2.687493 2.639162 2.155763 1.800873 1.965814 2.533016 2.567507 0.360840 0.360840 0.377254 0.371303 1.134388 1.113910 0.000000 1.847491 0.754507 2.196430 1.019177 1.497114 1.852004 2.687493 2.639162 2.278322 2.160050 2.152390 0.000000 2.278322 0.360840 0.360840 2.014145 0.641923 0.000000 1.497114 0.000000 2.254972 2.202380 2.268026 0.371303 0.380604 1.135112 2.687493 2.687493 0.360840 2.278322 2.278322 0.360840 2.498526 1.845827 0.000000 0.000000 1.470237 1.503064 1.892969 1.784459 0.754507 1.499302 0.000000 0.732143 0.380604 1.548516 2.032222 2.344731 2.014145 0.360840 2.224744 2.196204 2.278322 2.278322 2.538967 1.562541 1.390480 1.784459 2.185990 2.194767 0.732143 0.721680 0.761208 1.092983 0.748557 1.390480 2.639162 2.687493 0.377254 0.757858 0.757858 0.000000 2.278322 2.538967 2.549430 2.549430 2.567507 0.000000 0.754507 0.754507 1.885545 0.754507 0.754507 0.000000 0.380604 0.754507 2.561068 2.657239 0.757858 0.754507 1.171262 0.738094 0.757858 0.757858 0.757858 0.000000 0.360840 2.278322 0.371303 0.377254 1.464287 0.371303 1.249356 1.123211 1.113910 2.244508 0.685526 0.757858 2.657239 1.131761 2.626275 1.669668 1.113910 0.732143 0.757858 0.377254 2.538967 2.590830 0.000000 1.249356 0.000000 1.250033 2.246385 1.125811 1.847491 1.881069 