Releaseoutput64/1/quervelu_BA_40.asc
ncols  20
nrows  20
xllcorner  0
yllcorner  0
cellsize  30
NODATA_value  -9999
0.000000 0.000000 0.000000 0.000000 0.000000 0.000000 0.000000 0.000000 0.000000 0.000000 0.000000 0.000000 0.000000 0.000000 0.000000 0.000000 2.117357 1.588018 1.635856 0.000000 0.000000 0.000000 0.000000 0.000000 0.000000 0.000000 0.000000 0.000000 0.000000 0.000000 0.000000 0.000000 0.000000 0.000000 0.000000 0.000000 1.900526 2.117357 0.000000 0.000000 0.000000 0.000000 1.900526 1.900526 1.900526 0.000000 0.000000 0.000000 0.000000 0.000000 0.000000 0.000000 0.000000 1.635856 1.900526 1.900526 1.900526 1.852687 2.117357 1.900526 0.000000 1.900526 1.900526 1.323348 1.900526 1.635856 1.588018 1.635856 1.900526 1.588018 1.900526 1.900526 1.900526 1.900526 0.000000 0.000000 0.000000 0.000000 0.000000 0.000000 1.900526 2.165196 1.900526 1.900526 1.588018 1.900526 1.900526 1.900526 2.117357 1.588018 0.000000 0.000000 0.000000 0.000000 0.000000 0.000000 0.703603 1.588018 2.062477 0.721680 2.117357 2.165196 1.900526 1.852687 2.117357 1.900526 0.000000 0.000000 0.000000 0.000000 0.000000 0.000000 2.595498 2.062477 2.480398 2.173488 1.886499 0.000000 0.000000 2.327779 2.117357 0.000000 0.000000 0.000000 0.000000 0.000000 0.000000 0.000000 1.031178 0.000000 0.000000 1.113910 0.000000 1.701637 0.757858 0.360840 0.685526 1.162546 1.881118 2.248560 0.000000 0.000000 0.000000 0.000000 2.711686 2.515365 0.000000 0.377254 2.139349 1.641621 0.673348 0.000000 1.833927 2.080554 1.056829 0.000000 2.374985 2.152390 1.617251 0.655271 2.515365 2.432328 2.515365 2.595498 2.515365 1.425283 2.460606 0.360840 1.768046 1.056829 1.434083 1.056829 2.355849 1.931799 1.563034 0.996813 0.625017 1.098934 0.342763 0.721680 2.628649 2.711686 2.711686 2.676488 0.312508 1.251019 1.369337 2.072940 0.371303 0.721680 0.371303 2.423317 0.380604 0.000000 2.014638 1.984384 0.714066 2.573684 1.837027 1.712100 0.000000 2.515365 2.711686 2.531800 1.852004 2.267130 0.312508 0.714066 2.072940 1.719714 1.749969 2.274500 0.380604 2.378965 0.000000 0.721680 1.028289 0.996813 0.371303 0.360840 0.000000 2.515365 2.515365 2.140705 2.236876 1.972206 2.002461 1.298858 1.833927 2.573684 2.030559 2.496811 1.462623 0.380604 1.719714 2.230976 1.085370 1.825127 1.103447 1.694028 2.479311 2.515365 2.711686 0.312508 1.346696 2.296226 0.312508 0.312508 1.034188 2.123121 0.000000 1.119860 2.109094 0.380604 2.152390 1.407206 1.308828 0.985856 2.139349 0.721680 2.515365 2.595498 2.122628 1.563527 2.005084 2.218799 2.314969 0.312508 0.312508 0.360840 0.655271 1.091320 1.028289 0.342763 2.050299 0.721680 1.965814 1.065888 1.407206 1.701637 2.515365 2.595498 2.201405 1.876529 2.005084 0.000000 2.201405 0.312508 0.312508 1.891800 0.818339 0.000000 1.749969 0.000000 2.139349 1.983891 2.179790 0.655271 0.371303 1.464287 2.630101 2.515365 0.312508 2.168254 2.168254 0.312508 2.122628 2.002461 0.000000 0.000000 1.328619 1.425283 1.825127 1.515196 0.721680 1.415955 0.000000 1.328619 0.371303 1.295359 2.711686 2.515365 2.711686 0.312508 2.314969 2.236876 2.364575 2.201405 2.501545 1.570566 1.293915 2.170467 1.947008 1.966307 0.655271 0.625017 1.103447 0.967779 1.064443 1.179179 2.595498 2.711686 0.732143 0.732143 0.732143 0.732143 2.168254 2.236876 2.531800 2.267130 2.314969 0.000000 0.721680 0.721680 1.802536 0.721680 0.721680 0.000000 0.371303 0.721680 2.676488 2.676488 0.732143 1.425283 1.278727 1.016111 0.732143 0.732143 0.732143 0.000000 0.312508 2.168254 0.655271 0.721680 1.310542 0.655271 1.084453 1.417669 1.389129 2.109094 0.529339 0.732143 2.711686 1.082520 2.482112 1.997715 1.028289 0.655271 0.732143 0.732143 2.236876 2.364575 0.000000 1.084453 0.000000 1.913329 2.115045 1.064443 1.689459 2.527066 