Releaseoutput64/1/quervelu_IV_0.asc
ncols  20
nrows  20
xllcorner  0
yllcorner  0
cellsize  30
NODATA_value  -9999
0 0 0 0 0 0 0 0 0 0 0 0 0 0 0 0 1.928815 1.928815 1.928815 0 0 0 0 0 0 0 0 0 0 0 0 0 0 0 0 0 1.928815 1.928815 0 0 0 0 1.928815 1.928815 1.928815 0 0 0 0 0 0 0 0 1.928815 1.928815 1.928815 1.928815 1.928815 1.928815 1.928815 0 1.928815 1.928815 1.928815 1.928815 1.928815 1.928815 1.928815 1.928815 1.928815 1.928815 1.928815 1.928815 1.928815 0 0 0 0 0 0 1.928815 1.928815 1.928815 1.928815 1.928815 1.928815 1.928815 1.928815 1.928815 1.928815 0 0 0 0 0 0 0.369144 0.938542 1.420368 1.052010 1.928815 1.928815 1.928815 1.928815 1.928815 1.928815 0 0 0 0 0 0 1.533840 1.291299 1.418903 1.376320 1.053331 0 0 1.430197 1.928815 0 0 0 0 0 0 0 0.714972 0 0.000000 1.169982 0 1.220671 0.649114 1.378418 0.602940 0.714972 1.546193 0.723563 0 0 0 0 1.533840 1.533840 0 0.649114 1.019445 0.785892 1.449748 0.000000 1.545797 1.567274 0.602940 0 1.266436 1.574759 0.991263 1.031930 1.533840 1.533840 1.533840 1.533840 1.533840 1.226116 1.174896 1.378418 1.019445 0.824085 0.824085 0.602940 2.000000 1.108594 0.723563 1.310342 0.772796 0.699696 0.210362 0.830461 1.533840 1.533840 1.533840 1.533840 0.153870 0.928727 0.923676 1.817487 0.893299 1.052010 0.535729 1.420368 0.512753 0 1.446891 1.226116 0.642458 1.678309 1.709298 1.318752 0.000000 1.533840 1.533840 0.928727 1.389073 0.928727 0.153870 0.642458 1.817487 1.266436 1.420368 1.069864 0.512753 1.332154 0 0.830461 1.220671 1.310342 0.846524 0.830461 0.000000 1.533840 1.533840 0.928727 0.928727 0.928727 0.928727 0.785892 1.545797 1.678309 1.137284 1.201794 1.014442 0.512753 1.567274 1.775820 1.127696 1.127696 0.726608 1.406251 1.533840 1.533840 1.533840 0.153870 0.928727 0.914961 0.153870 0.153870 0.865981 1.069864 0.000000 1.014442 1.074288 0.512753 0.758453 0.929425 0.725099 0.814074 0.929425 0.830461 1.533840 1.533840 0.928727 0.928727 0.914961 0.928727 0.928727 0.153870 0.153870 0.780760 1.031930 0.824085 1.220671 0.367976 1.412986 1.367614 1.318752 0.572077 0.868506 0.750787 1.533840 1.533840 0.914961 0.928727 0.914961 0.153870 0.914961 0.153870 0.153870 1.406251 0.572077 0.000000 0.670698 0.000000 0.978212 1.102714 1.709298 1.031930 0.846524 1.127696 1.533840 1.533840 0.153870 0.914961 0.914961 0.153870 0.928727 0.928727 0.000000 0.000000 0.814074 1.127696 1.674290 1.053331 1.052010 1.127696 0.000000 0.814074 0.846524 0.850976 1.533840 1.533840 1.533840 0.153870 0.928727 0.928727 0.914961 0.914961 0.928727 1.922880 0.572077 1.697780 1.775820 1.775820 1.031930 0.264223 0.726608 0.814074 0.868506 0.572077 1.533840 1.533840 0.941259 0.941259 0.941259 0.941259 0.914961 0.928727 0.928727 0.928727 0.928727 0.000000 0.830461 1.367614 1.709298 1.367614 0.830461 0.000000 0.846524 1.156373 1.533840 1.533840 0.941259 0.915989 1.156831 0.358164 0.941259 0.941259 0.941259 0.153870 0.153870 0.914961 1.031930 0.830461 0.750787 1.031930 0.850976 0.929425 0.691222 0.916114 0.330232 0.941259 1.533840 0.640932 1.237838 0.884744 1.116584 0.249919 0.941259 0.941259 0.928727 0.914961 0.000000 0.850976 0.000000 1.922880 1.709298 0.915989 1.066978 1.089684 