Releaseoutput64/1/queralba_BA_0.asc
ncols  20
nrows  20
xllcorner  0
yllcorner  0
cellsize  30
NODATA_value  -9999
0.000000 0.000000 0.000000 0.000000 0.000000 0.000000 0.000000 0.000000 0.000000 0.000000 0.000000 0.000000 0.000000 0.000000 0.000000 0.000000 0.002648 0.002648 0.002648 0.000000 0.000000 0.000000 0.000000 0.000000 0.000000 0.000000 0.000000 0.000000 0.000000 0.000000 0.000000 0.000000 0.000000 0.000000 0.000000 0.000000 0.002648 0.002648 0.000000 0.000000 0.000000 0.000000 0.002648 0.002648 0.002648 0.000000 0.000000 0.000000 0.000000 0.000000 0.000000 0.000000 0.000000 0.002648 0.002648 0.002648 0.002648 0.002648 0.002648 0.002648 0.000000 0.002648 0.002648 0.002648 0.002648 0.002648 0.002648 0.002648 0.002648 0.002648 0.002648 0.002648 0.002648 0.002648 0.000000 0.000000 0.000000 0.000000 0.000000 0.000000 0.002648 0.002648 0.002648 0.002648 0.002648 0.002648 0.002648 0.002648 0.002648 0.002648 0.000000 0.000000 0.000000 0.000000 0.000000 0.000000 0.183720 0.195163 0.211481 0.209560 0.002648 0.002648 0.002648 0.002648 0.002648 0.002648 0.000000 0.000000 0.000000 0.000000 0.000000 0.000000 0.000670 0.070161 0.131881 0.213071 0.423250 0.000000 0.000000 0.507167 0.002648 0.000000 0.000000 0.000000 0.000000 0.000000 0.000000 0.000000 0.199998 0.000000 0.734263 0.004178 0.000000 0.118466 0.145238 0.027173 0.312390 0.199998 0.164040 0.157549 0.000000 0.000000 0.000000 0.000000 0.000670 0.000670 0.000000 0.145238 0.153339 0.178152 0.012699 0.734263 0.053013 0.105583 0.312390 0.000000 0.115801 0.156696 0.257824 0.001289 0.000670 0.000670 0.000670 0.000670 0.000670 0.079468 0.490002 0.027173 0.153339 0.324738 0.324738 0.312390 0.000000 0.228603 0.157549 0.109694 0.079743 0.430085 0.498003 0.187661 0.000670 0.000670 0.000670 0.000670 0.000443 0.008859 0.172634 0.000886 0.099572 0.209560 0.267578 0.211481 0.583885 0.000000 0.108733 0.079468 0.135836 0.152987 0.069692 0.148229 0.005297 0.000670 0.000670 0.008859 0.453265 0.008859 0.000443 0.135836 0.000886 0.115801 0.211481 0.028260 0.583885 0.056736 0.000000 0.187661 0.118466 0.109694 0.061757 0.187661 0.005297 0.000670 0.000670 0.008859 0.008859 0.008859 0.008859 0.178152 0.053013 0.152987 0.277852 0.881041 0.396913 0.583885 0.105583 0.038209 0.498329 0.498329 0.325789 0.230180 0.000670 0.000670 0.000670 0.000443 0.008859 0.001315 0.000443 0.000443 0.190193 0.028260 0.057052 0.396913 0.322611 0.583885 0.152560 0.281645 0.111841 0.139007 0.281645 0.187661 0.000670 0.000670 0.008859 0.008859 0.001315 0.008859 0.008859 0.000443 0.000443 0.141720 0.001289 0.324738 0.118466 0.313422 0.151592 0.013142 0.148229 0.173795 0.165455 0.461876 0.000670 0.000670 0.001315 0.008859 0.001315 0.000443 0.001315 0.000443 0.000443 0.230180 0.173795 0.057495 0.222928 0.181651 0.391513 0.154656 0.069692 0.001289 0.061757 0.498329 0.000670 0.000670 0.000443 0.001315 0.001315 0.000443 0.008859 0.008859 0.408409 0.000000 0.139007 0.498329 0.039871 0.423250 0.209560 0.498329 0.000000 0.139007 0.061757 0.131696 0.000670 0.000670 0.000670 0.000443 0.008859 0.008859 0.001315 0.001315 0.008859 0.002648 0.173795 0.039534 0.038209 0.038209 0.001289 0.240653 0.325789 0.139007 0.165455 0.173795 0.000670 0.000670 0.058608 0.058608 0.058608 0.058608 0.001315 0.008859 0.008859 0.008859 0.008859 0.000000 0.187661 0.013142 0.069692 0.013142 0.187661 0.408409 0.061757 0.236480 0.000670 0.000670 0.058608 0.290935 0.267304 0.455067 0.058608 0.058608 0.058608 0.000443 0.000443 0.001315 0.001289 0.187661 0.461876 0.001289 0.131696 0.281645 0.258605 0.224643 0.032469 0.058608 0.000670 0.653954 0.061853 0.253913 0.037187 0.192614 0.058608 0.058608 0.008859 0.001315 0.512838 0.131696 0.512838 0.002648 0.069692 0.290935 0.061932 0.211410 