Releaseoutput64/1/quervelu_IV_60.asc
ncols  20
nrows  20
xllcorner  0
yllcorner  0
cellsize  30
NODATA_value  -9999
0 0 0 0 0 0 0 0 0 0 0 0 0 0 0 0 1.766963 1.766963 2.000000 0 0 0 0 0 0 0 0 0 0 0 0 0 0 0 0 0 1.727034 2.000000 0 0 0 0 1.727034 2.000000 1.767678 0 0 0 0 0 0 0 0 1.767678 2.000000 2.000000 2.000000 1.727034 1.766963 2.000000 0 1.767678 1.767678 2.000000 1.728027 1.767678 1.766963 1.767678 2.000000 2.000000 1.767678 1.767678 2.000000 1.767678 0 0 0 0 0 0 2.000000 1.767678 1.767678 1.767678 2.000000 1.767678 1.727034 2.000000 2.000000 1.766963 0 0 0 0 0 0 0.391973 0.955054 1.722891 0.840661 2.000000 1.767678 1.767678 2.000000 1.766963 1.767678 0 0 0 0 0 0 2.000000 1.478317 1.815170 1.419414 1.519109 0 0 1.768922 1.766963 0 0 0 0 0 0 0 0.793648 0 0.000000 0.523656 0 0.408180 0.460748 1.053541 0.251956 0.630620 1.266205 1.546200 0 0 0 0 2.000000 2.000000 0 0.000000 1.537482 1.301206 1.115921 0.000000 1.098877 2.000000 0.487088 0 1.784918 2.000000 1.712932 0.496594 2.000000 2.000000 2.000000 2.000000 2.000000 0.891274 2.000000 1.053541 0.920418 0.660414 0.821526 0.720329 2.000000 1.682303 1.046968 1.083232 0.570639 0.665279 0.000000 0.632817 2.000000 2.000000 2.000000 2.000000 0.211594 0.704907 0.662080 1.631643 0.391254 0.840661 0.224530 1.757904 0.320513 0 2.000000 1.411637 0.250351 1.714220 2.000000 1.499297 0.000000 2.000000 2.000000 2.000000 1.441734 2.000000 0.205369 0.220059 1.574993 1.308956 1.368305 1.766965 0.320513 2.000000 0 0.589385 0.690906 1.083232 0.273680 0.000000 0.000000 2.000000 2.000000 2.000000 1.751855 1.753337 1.199642 0.818786 0.997403 2.000000 1.523376 1.509055 0.819527 0.320513 2.000000 2.000000 0.986251 1.655955 0.906187 1.675459 2.000000 2.000000 2.000000 0.000000 0.884496 2.000000 0.205369 0.223789 0.665864 1.543289 0.000000 0.723715 2.000000 0.320513 2.000000 1.094280 1.072561 0.937029 2.000000 0.854278 2.000000 2.000000 1.555303 1.188938 1.731976 2.000000 2.000000 0.225753 0.225753 0.447742 0.298817 0.662813 0.866263 0.000000 2.000000 0.952902 2.000000 0.877420 1.074810 1.652740 2.000000 2.000000 2.000000 1.747202 2.000000 0.000000 2.000000 0.211594 0.226715 2.000000 0.590174 0.000000 1.048112 0.000000 1.550866 2.000000 2.000000 0.291124 0.273680 1.230721 2.000000 2.000000 0.211594 2.000000 2.000000 0.205369 2.000000 2.000000 0.000000 0.000000 1.376122 1.314703 1.485773 1.236424 0.840661 1.359539 0.000000 0.723151 0.262609 1.449008 2.000000 2.000000 2.000000 0.239575 2.000000 2.000000 2.000000 2.000000 2.000000 1.717931 1.025933 2.000000 2.000000 2.000000 0.496594 0.539189 0.737456 0.923597 0.543856 1.356315 2.000000 2.000000 0.233805 0.430155 0.416436 0.000000 2.000000 2.000000 2.000000 2.000000 2.000000 0.000000 0.561910 0.952902 2.000000 0.952902 0.627054 0.000000 0.273680 0.754150 2.000000 2.000000 0.430155 0.715326 0.895464 0.533980 0.430155 0.430155 0.420481 0.000000 0.249534 2.000000 0.291124 0.296155 1.326805 0.318910 0.899123 1.288524 0.822439 1.745552 0.398346 0.430155 2.000000 0.902057 2.000000 1.430533 0.663889 0.493963 0.430155 0.215994 2.000000 2.000000 0.000000 0.916324 0.000000 1.659792 2.000000 0.785302 1.331026 2.000000 