Releaseoutput64/1/quervelu_BA_Age20_Age150_80.asc
ncols  20
nrows  20
xllcorner  0
yllcorner  0
cellsize  30
NODATA_value  -9999
0.000000 0.000000 0.000000 0.000000 0.000000 0.000000 0.000000 0.000000 0.000000 0.000000 0.000000 0.000000 0.000000 0.000000 0.000000 0.000000 1.856517 1.856517 2.233770 0.000000 0.000000 0.000000 0.000000 0.000000 0.000000 0.000000 0.000000 0.000000 0.000000 0.000000 0.000000 0.000000 0.000000 0.000000 0.000000 0.000000 1.856517 2.227820 0.000000 0.000000 0.000000 0.000000 1.856517 2.233770 1.862467 0.000000 0.000000 0.000000 0.000000 0.000000 0.000000 0.000000 0.000000 1.862467 2.233770 2.233770 2.233770 1.856517 1.856517 2.233770 0.000000 1.862467 1.862467 1.856517 1.862467 1.491164 1.856517 1.485213 2.233770 2.227820 1.862467 1.862467 2.233770 1.862467 0.000000 0.000000 0.000000 0.000000 0.000000 0.000000 1.856517 1.862467 1.485213 1.862467 2.227820 1.862467 1.856517 1.856517 1.856517 1.856517 0.000000 0.000000 0.000000 0.000000 0.000000 0.000000 0.380604 1.113910 1.903423 0.764961 2.227820 1.485213 1.862467 2.227820 1.485213 1.862467 0.000000 0.000000 0.000000 0.000000 0.000000 0.000000 2.573684 2.284028 2.295103 1.835590 2.263123 0.000000 0.000000 1.883659 1.856517 0.000000 0.000000 0.000000 0.000000 0.000000 0.000000 0.000000 1.408893 0.000000 0.000000 0.767056 0.000000 0.380604 0.000000 0.382481 0.380604 1.105848 1.143689 1.898196 0.000000 0.000000 0.000000 0.000000 2.573684 2.950937 0.000000 0.000000 2.292179 1.894122 0.759734 0.000000 0.767056 1.908650 0.761208 0.000000 2.661281 2.264273 2.224332 0.757858 2.579634 2.916446 2.950937 2.573684 2.579634 1.528046 2.292800 0.382481 1.526170 1.144737 1.144737 1.144737 2.165040 1.473587 1.514242 1.137312 0.754507 0.382481 0.000000 0.764961 2.573684 2.590097 2.950937 2.202380 0.377254 1.136265 1.141386 2.285075 0.383528 0.764961 0.383528 2.285904 0.000000 0.000000 1.906774 1.894122 0.383528 1.915546 1.147442 1.525341 0.000000 2.950937 2.202380 2.270653 1.149537 1.895999 0.000000 0.383528 1.901547 1.903423 1.526170 2.221634 0.000000 2.267623 0.000000 0.764961 0.761208 1.137312 0.000000 0.000000 0.000000 1.841540 2.950937 2.256125 1.513518 2.273252 1.905300 1.136265 1.147661 1.915546 1.519066 1.532018 0.767056 0.000000 1.903423 1.892246 0.383528 1.530970 0.767056 1.825127 2.196430 2.212844 2.573684 0.000000 1.142215 1.814663 0.377254 0.377254 1.142215 1.876995 0.000000 0.767056 2.288828 0.000000 1.877718 0.761208 1.131761 1.136988 1.911574 0.764961 2.579634 2.202380 1.879595 1.884822 1.825127 2.642679 2.653857 0.377254 0.377254 0.382481 0.380604 0.380604 1.141813 0.000000 1.900073 0.764961 1.892969 1.107724 1.143689 1.901547 2.590097 2.573684 2.196430 2.261352 2.167889 0.000000 1.835590 0.000000 0.377254 1.852004 0.725244 0.000000 1.526170 0.000000 1.911574 2.275450 1.528046 0.380604 0.000000 1.148489 2.950937 2.950937 0.000000 1.825127 1.835590 0.377254 2.631502 1.899349 0.000000 0.000000 0.759734 1.145565 1.914498 1.879595 0.764961 1.526791 0.000000 0.757858 0.000000 1.793250 2.218794 2.208330 2.212844 0.377254 2.282553 1.895999 1.825127 1.825127 2.644556 1.082520 0.763085 1.879595 2.269824 1.892246 0.757858 0.754507 0.767056 0.380604 0.380604 1.107724 2.573684 2.950937 0.382481 0.766009 0.766009 0.000000 2.196430 1.884822 2.270653 1.894122 2.273252 0.000000 0.382481 0.764961 1.528046 0.764961 0.382481 0.000000 0.383528 0.764961 2.202380 2.202380 0.766009 0.764961 1.068006 0.759734 0.766009 0.383528 0.383528 0.000000 0.377254 2.196430 0.380604 0.000000 1.515716 0.380604 1.056829 1.144737 1.141813 2.288828 0.371303 0.382481 2.579634 0.764961 2.672783 1.840378 1.141813 0.757858 0.766009 0.382481 2.644556 1.825127 0.000000 1.439310 0.000000 1.443360 1.905300 1.145565 1.900073 1.910746 