Releaseoutput64/1/quervelu_IV_30.asc
ncols  20
nrows  20
xllcorner  0
yllcorner  0
cellsize  30
NODATA_value  -9999
0 0 0 0 0 0 0 0 0 0 0 0 0 0 0 0 1.853836 1.869850 2.000000 0 0 0 0 0 0 0 0 0 0 0 0 0 0 0 0 0 1.869850 2.000000 0 0 0 0 1.869850 1.869850 1.869850 0 0 0 0 0 0 0 0 1.869850 1.869850 1.869850 2.000000 1.835139 1.853836 2.000000 0 1.869850 1.869850 2.000000 1.869850 1.869850 1.869850 1.869850 2.000000 2.000000 1.869850 1.869850 1.869850 1.869850 0 0 0 0 0 0 1.869850 1.855249 1.869850 1.869850 1.869850 1.869850 1.869850 1.869850 2.000000 1.869850 0 0 0 0 0 0 0.344200 1.218025 1.814678 0.948115 2.000000 1.855249 1.869850 1.835139 1.853836 1.869850 0 0 0 0 0 0 1.903839 1.274476 1.870700 1.711835 1.103337 0 0 1.579692 1.853836 0 0 0 0 0 0 0 0.962477 0 0.000000 1.015246 0 1.181481 0.391536 1.195793 0.689783 0.927204 1.315565 1.231147 0 0 0 0 1.851713 1.851713 0 0.391536 1.002271 0.748652 1.295396 0.000000 1.237539 2.000000 0.657344 0 1.581052 1.751011 1.289208 0.677150 1.851713 1.844471 1.851713 1.858102 1.851713 1.213892 2.000000 1.195793 0.959658 0.579551 0.761611 0.626243 2.000000 1.362630 0.789416 1.201576 0.713696 0.773716 0.195838 0.567763 1.851713 1.851713 1.851713 1.894752 0.147064 0.789046 0.841668 1.753865 0.555566 0.948115 0.275718 1.531219 0.403344 0 1.784141 1.205848 0.428515 1.836570 2.000000 1.648304 0.000000 1.844471 1.851713 1.825234 1.341588 1.647855 0.147064 0.428515 1.753865 1.179218 1.594787 1.811214 0.403344 2.000000 0 0.621464 1.005115 1.201576 0.341052 0.341766 0.000000 1.851713 1.851713 1.243220 1.387368 1.827038 1.391872 0.871939 1.237539 1.836570 1.161964 1.764389 1.108954 0.403344 1.784671 2.000000 0.946091 1.508246 0.885805 1.743742 1.903686 1.844471 1.851713 0.147064 0.863896 2.000000 0.147064 0.147064 0.627370 1.647322 0.000000 1.009206 1.578268 0.403344 1.415495 1.382079 0.748310 0.832855 1.787892 0.567763 1.858280 1.899437 1.239414 1.143488 1.820426 1.827038 1.827038 0.147064 0.147064 0.569561 0.677150 0.593849 1.207658 0.370460 2.000000 1.188911 1.802873 0.740077 0.966415 1.342824 1.899585 1.858127 2.000000 1.029927 1.820426 0.147064 2.000000 0.147064 0.147064 1.870345 0.744138 0.000000 0.835735 0.000000 1.488004 1.738758 2.000000 0.677150 0.341052 1.519873 1.844471 1.851713 0.147064 1.815212 1.815212 0.147064 1.290393 1.633558 0.000000 0.000000 0.832855 1.450866 1.643645 0.923153 0.948115 1.433792 0.000000 0.799578 0.341052 0.883628 1.844471 1.851713 1.851713 0.147064 1.807669 1.470330 1.821228 2.000000 1.823908 1.888111 0.970979 2.000000 2.000000 2.000000 0.677150 0.394730 0.933815 0.824411 0.678716 0.989746 1.851530 1.851713 0.658019 0.658019 0.658019 0.658019 1.811206 1.496776 1.825234 1.391872 1.827038 0.000000 0.567763 1.188911 1.790040 1.188911 0.567763 0.000000 0.341052 0.792774 1.851713 1.851713 0.658019 1.273325 1.108902 0.486949 0.658019 0.658019 0.658019 0.147064 0.147064 1.821228 0.677150 0.567763 1.298235 0.677150 0.958708 1.470202 0.870828 1.733334 0.225274 0.658019 1.858280 0.671049 2.000000 1.339879 0.808817 0.339976 0.658019 0.658019 1.387368 2.000000 0.000000 0.919606 0.000000 1.888111 1.786675 0.603835 0.932445 2.000000 