Releaseoutput64/1/quervelu_BA_70.asc
ncols  20
nrows  20
xllcorner  0
yllcorner  0
cellsize  30
NODATA_value  -9999
0.000000 0.000000 0.000000 0.000000 0.000000 0.000000 0.000000 0.000000 0.000000 0.000000 0.000000 0.000000 0.000000 0.000000 0.000000 0.000000 2.165040 2.165040 2.175503 0.000000 0.000000 0.000000 0.000000 0.000000 0.000000 0.000000 0.000000 0.000000 0.000000 0.000000 0.000000 0.000000 0.000000 0.000000 0.000000 0.000000 1.804200 2.165040 0.000000 0.000000 0.000000 0.000000 1.804200 2.175503 2.175503 0.000000 0.000000 0.000000 0.000000 0.000000 0.000000 0.000000 0.000000 2.175503 2.175503 2.175503 2.175503 1.804200 2.165040 2.175503 0.000000 2.175503 2.175503 1.804200 1.814663 2.175503 2.165040 2.175503 2.175503 2.165040 2.175503 2.175503 2.175503 2.175503 0.000000 0.000000 0.000000 0.000000 0.000000 0.000000 1.804200 2.175503 2.175503 2.175503 2.165040 2.175503 1.804200 1.804200 1.804200 2.165040 0.000000 0.000000 0.000000 0.000000 0.000000 0.000000 0.757858 1.082520 1.887019 0.761208 2.165040 2.175503 2.175503 2.165040 2.165040 2.175503 0.000000 0.000000 0.000000 0.000000 0.000000 0.000000 2.482112 2.264273 2.284028 1.768046 2.227371 0.000000 0.000000 2.619585 2.165040 0.000000 0.000000 0.000000 0.000000 0.000000 0.000000 0.000000 1.314778 0.000000 0.000000 0.764961 0.000000 0.377254 0.383528 0.380604 0.377254 1.070366 1.518640 2.238558 0.000000 0.000000 0.000000 0.000000 2.482112 2.853415 0.000000 0.000000 2.278801 1.870605 0.751908 0.000000 1.148489 2.267623 0.754507 0.000000 2.635576 2.590097 2.160050 0.748557 2.492575 2.794620 2.853415 2.482112 2.492575 1.519066 2.651257 0.380604 1.515716 1.136988 1.136988 1.136988 2.399341 1.800873 1.494514 1.123925 0.742607 1.144737 0.000000 0.761208 2.482112 2.510652 2.853415 2.121272 0.371303 1.122048 1.131038 2.266149 0.382481 0.761208 0.382481 2.644877 0.000000 0.000000 1.892969 1.870605 0.382481 1.908650 1.908869 1.514242 0.000000 2.853415 2.121272 2.601586 1.529094 2.251210 0.371303 0.382481 1.883669 1.887019 1.515716 2.468745 0.000000 2.235208 0.000000 0.761208 0.754507 1.123925 0.000000 0.000000 0.000000 2.482112 2.853415 2.215032 2.225495 2.245259 1.890370 1.122048 1.525743 2.292179 1.886593 1.526170 1.148489 0.000000 1.887019 1.867255 0.382481 1.524293 1.145565 1.749969 2.453572 2.510652 2.482112 0.000000 1.132512 1.731892 0.371303 0.371303 1.132512 2.220982 0.000000 0.764961 2.272850 0.000000 2.212844 1.135112 1.496391 1.123211 1.901547 0.761208 2.853415 2.482112 1.844891 1.854192 1.749969 2.602749 2.622513 0.371303 0.371303 0.380604 0.377254 0.760782 1.131761 0.000000 1.881069 0.761208 1.868417 1.073717 1.135112 1.883669 2.510652 2.482112 2.110809 2.224332 2.374985 0.000000 2.110809 0.000000 0.371303 1.796586 0.693112 0.000000 1.515716 0.000000 2.278801 2.249022 2.286123 0.377254 0.382481 1.143689 2.853415 2.853415 0.371303 1.749969 1.768046 0.371303 2.582984 1.879906 0.000000 0.000000 0.751908 1.138462 1.906774 1.844891 0.761208 1.516869 0.000000 0.748557 0.382481 1.698733 2.149812 2.131735 2.139349 0.371303 2.261673 1.873956 1.749969 1.749969 2.606099 1.028289 1.138462 1.844891 2.239272 2.244508 0.748557 0.742607 0.764961 0.748557 0.377254 1.073717 2.482112 2.853415 0.380604 0.763085 0.763085 0.000000 2.110809 2.606099 2.612050 1.870605 2.622513 0.000000 0.761208 0.761208 1.902595 0.761208 0.761208 0.000000 0.382481 0.761208 2.121272 2.121272 0.763085 0.761208 1.005621 0.751908 0.763085 0.382481 0.382481 0.000000 0.371303 2.110809 0.377254 0.000000 1.497114 0.377254 0.985856 1.136988 1.131761 2.272850 0.360840 0.380604 2.492575 0.761208 2.656054 1.776846 1.131761 0.748557 0.763085 0.380604 2.606099 1.749969 0.000000 1.366461 0.000000 1.371052 2.273898 1.138462 1.881069 1.900073 