Releaseoutput64/1/queralba_IV_40.asc
ncols  20
nrows  20
xllcorner  0
yllcorner  0
cellsize  30
NODATA_value  -9999
0 0 0 0 0 0 0 0 0 0 0 0 0 0 0 0 0.155866 0.201653 0.000000 0 0 0 0 0 0 0 0 0 0 0 0 0 0 0 0 0 0.174607 0.000000 0 0 0 0 0.174607 0.000000 0.174607 0 0 0 0 0 0 0 0 0.200032 0.174607 0.174607 0.000000 0.175823 0.155866 0.000000 0 0.174607 0.174607 0.000000 0.174607 0.200032 0.201653 0.200032 0.000000 0.000000 0.174607 0.174607 0.000000 0.174607 0 0 0 0 0 0 0.174607 0.154920 0.174607 0.174607 0.000000 0.174607 0.174607 0.000000 0.000000 0.201653 0 0 0 0 0 0 1.209898 0.876368 0.253435 1.092843 0.000000 0.154920 0.174607 0.175823 0.155866 0.174607 0 0 0 0 0 0 0.000000 0.591111 0.135836 0.372725 0.632672 0 0 0.205520 0.155866 0 0 0 0 0 0 0 0.959243 0 2.000000 1.138517 0 0.842831 1.456681 0.860990 1.071915 0.968639 0.607897 0.000000 0 0 0 0 0.000000 0.000000 0 1.635010 0.678463 0.867586 0.770011 2.000000 0.838179 0.000000 0.885475 0 0.184354 0.248857 0.590356 1.416174 0.000000 0.216128 0.000000 0.000000 0.000000 0.964488 0.000000 0.860990 0.993372 1.357084 1.092731 0.953241 0.000000 0.374265 0.524491 0.838983 1.341713 1.095144 1.609351 1.446953 0.000000 0.000000 0.000000 0.000000 0.472496 0.183493 1.173903 0.302173 1.518624 1.092843 1.753952 0.220688 1.629932 0 0.000000 0.826030 1.451464 0.180024 0.000000 0.436099 2.000000 0.000000 0.000000 0.000000 0.514541 0.000000 0.472496 1.440210 0.302173 0.793574 0.491754 0.000000 1.629932 0.000000 0 1.456728 1.066266 0.838983 1.703685 1.679406 2.000000 0.000000 0.000000 0.000000 0.000000 0.000000 0.000000 1.213703 0.838179 0.000000 0.564381 0.279787 0.948930 1.629932 0.000000 0.000000 1.084909 0.325911 1.116292 0.218518 0.000000 0.000000 0.000000 0.472496 0.103206 0.000000 0.472496 0.472496 1.079024 0.000000 0.133086 1.184554 0.251256 1.629932 0.000000 0.672055 0.165701 1.268981 0.229852 1.481482 0.000000 0.000000 0.000000 0.000000 0.000000 0.000000 0.000000 0.472496 0.472496 1.481960 1.416174 1.349109 1.020785 1.671635 0.000000 0.897835 0.000000 0.684361 0.205437 0.335516 0.000000 0.000000 0.000000 0.000000 0.000000 0.495326 0.000000 0.448165 0.472496 0.184512 0.603745 2.000000 0.757112 2.000000 0.508048 0.170811 0.000000 1.416174 1.686969 0.586186 0.000000 0.000000 0.472496 0.000000 0.000000 0.472496 0.000000 0.000000 2.000000 0.000000 0.979211 0.659971 0.448051 0.954416 1.092843 0.592579 0.000000 0.932716 1.683604 0.162083 0.000000 0.000000 0.000000 0.492831 0.000000 0.000000 0.000000 0.000000 0.000000 0.170521 0.394657 0.000000 0.000000 0.000000 1.416174 0.958666 0.853711 1.224170 0.417062 0.546581 0.000000 0.000000 1.514826 1.514826 1.514826 1.514826 0.000000 0.000000 0.000000 0.000000 0.000000 0.000000 1.454093 0.897835 0.268265 0.897835 1.481482 2.000000 1.673556 1.076760 0.000000 0.000000 1.514826 0.875668 0.945241 0.437268 1.514826 1.514826 1.514826 0.517871 0.494593 0.000000 1.416174 1.446953 0.824376 1.402676 0.213697 0.670693 0.168061 0.000000 0.276920 1.514826 0.000000 1.035159 0.000000 0.364353 1.288013 1.484407 1.514826 1.514826 0.000000 0.000000 2.000000 0.122284 2.000000 0.149292 0.230764 1.210709 0.855041 0.000000 