Releaseoutput64/1/quervelu_IV_10.asc
ncols  20
nrows  20
xllcorner  0
yllcorner  0
cellsize  30
NODATA_value  -9999
0 0 0 0 0 0 0 0 0 0 0 0 0 0 0 0 1.932243 1.932243 1.932243 0 0 0 0 0 0 0 0 0 0 0 0 0 0 0 0 0 1.932243 1.932243 0 0 0 0 1.932243 1.932243 1.932243 0 0 0 0 0 0 0 0 1.932243 1.932243 1.932243 1.932243 1.932243 1.932243 1.932243 0 1.932243 1.932243 1.932243 1.932243 1.932243 1.932243 1.932243 1.932243 1.932243 1.932243 1.932243 1.932243 1.932243 0 0 0 0 0 0 1.932243 1.932243 1.932243 1.932243 1.932243 1.932243 1.932243 1.932243 1.932243 1.932243 0 0 0 0 0 0 0.366633 1.178006 1.516331 1.028343 1.932243 1.932243 1.932243 1.932243 1.932243 1.932243 0 0 0 0 0 0 1.528132 1.282553 1.899804 1.543741 1.050290 0 0 1.657346 1.932243 0 0 0 0 0 0 0 0.686921 0 0.000000 1.156283 0 1.222955 0.572637 1.322666 0.623857 0.686921 1.506809 0.785291 0 0 0 0 1.528132 1.528132 0 0.572637 1.035507 0.764574 1.410657 0.000000 1.478461 1.779540 0.623857 0 1.282817 1.610253 1.013771 0.996344 1.528132 1.528132 1.528132 1.528132 1.528132 1.284227 1.407614 1.322666 1.020033 0.729488 0.729488 0.623857 2.000000 1.161266 0.785291 1.275551 0.798946 0.930913 0.236929 0.729915 1.528132 1.528132 1.528132 1.528132 0.215840 0.841462 0.919704 1.815456 0.772262 1.028343 0.447497 1.478295 0.477635 0 1.737773 1.252659 0.590912 1.829248 1.862478 1.292677 0.000000 1.528132 1.528132 0.759604 1.283025 0.768345 0.215840 0.590912 1.815456 1.282817 1.759987 1.020947 0.477635 1.768926 0 0.729915 1.222955 1.275551 0.667664 0.729915 0.000000 1.528132 1.528132 0.728479 0.791294 0.798991 0.791294 0.764574 1.430250 1.829248 1.107092 1.623351 0.952753 0.477635 1.756017 2.000000 1.314788 1.508545 0.748138 1.566212 1.528132 1.528132 1.528132 0.215840 0.700541 1.418599 0.215840 0.215840 0.839712 1.123725 0.000000 0.952753 1.458796 0.477635 0.849766 1.649263 0.635043 0.749987 1.649263 0.729915 1.528132 1.528132 0.791294 0.730709 1.413396 0.776384 0.798027 0.215840 0.215840 0.706281 0.996344 0.729488 1.222955 0.411329 1.747258 1.329953 1.307175 0.577805 1.184825 1.111264 1.528132 1.528132 1.346059 0.738764 1.413396 0.215840 1.424669 0.215840 0.215840 1.544823 0.577805 0.000000 0.768237 0.000000 1.454277 1.179907 1.844122 0.996344 0.667664 1.508545 1.528132 1.528132 0.215840 1.304695 1.418599 0.215840 0.728479 0.791294 0.000000 0.000000 0.749987 1.307974 1.653846 1.050290 1.028343 1.508545 0.000000 0.749987 0.667664 0.882502 1.528132 1.528132 1.528132 0.215840 0.791294 0.791294 1.418599 1.346059 0.841416 1.913942 0.577805 1.945915 2.000000 1.911575 0.996344 0.309439 0.715822 0.749987 0.960239 0.577805 1.528132 1.528132 0.891264 0.891264 0.891264 0.891264 1.304695 0.717866 0.794217 0.791294 0.791294 0.000000 0.729915 1.329953 1.847107 1.329953 0.729915 0.000000 0.667664 1.063579 1.528132 1.528132 0.891264 0.866843 1.056189 0.377357 0.891264 0.891264 0.891264 0.215840 0.215840 1.418599 0.996344 0.729915 0.706726 0.996344 0.882502 1.649263 0.867985 0.899417 0.301106 0.891264 1.528132 0.963308 1.674943 0.966488 1.062224 0.281760 0.891264 0.891264 0.795960 1.418599 0.000000 0.882502 0.000000 1.913942 1.844122 0.807839 0.998441 1.616391 