Releaseoutput64/1/queralba_BA_40.asc
ncols  20
nrows  20
xllcorner  0
yllcorner  0
cellsize  30
NODATA_value  -9999
0.000000 0.000000 0.000000 0.000000 0.000000 0.000000 0.000000 0.000000 0.000000 0.000000 0.000000 0.000000 0.000000 0.000000 0.000000 0.000000 0.099201 0.099201 0.000000 0.000000 0.000000 0.000000 0.000000 0.000000 0.000000 0.000000 0.000000 0.000000 0.000000 0.000000 0.000000 0.000000 0.000000 0.000000 0.000000 0.000000 0.099201 0.000000 0.000000 0.000000 0.000000 0.000000 0.099201 0.000000 0.099201 0.000000 0.000000 0.000000 0.000000 0.000000 0.000000 0.000000 0.000000 0.099201 0.099201 0.099201 0.000000 0.099201 0.099201 0.000000 0.000000 0.099201 0.099201 0.000000 0.099201 0.099201 0.099201 0.099201 0.000000 0.000000 0.099201 0.099201 0.000000 0.099201 0.000000 0.000000 0.000000 0.000000 0.000000 0.000000 0.099201 0.099201 0.099201 0.099201 0.000000 0.099201 0.099201 0.000000 0.000000 0.099201 0.000000 0.000000 0.000000 0.000000 0.000000 0.000000 1.005390 0.958385 0.256419 0.701311 0.000000 0.099201 0.099201 0.099201 0.099201 0.099201 0.000000 0.000000 0.000000 0.000000 0.000000 0.000000 0.000000 0.326213 0.027173 0.512838 0.805955 0.000000 0.000000 0.203846 0.099201 0.000000 0.000000 0.000000 0.000000 0.000000 0.000000 0.000000 1.266875 0.000000 2.339692 0.512206 0.000000 0.720198 1.515248 0.203846 1.114213 1.266875 0.711966 0.000000 0.000000 0.000000 0.000000 0.000000 0.000000 0.000000 0.000000 1.653818 0.617251 0.930163 0.249060 2.339692 0.759018 0.000000 1.015012 0.000000 0.149859 0.304274 0.559466 0.597111 0.000000 0.039871 0.000000 0.000000 0.000000 0.475608 0.000000 0.203846 0.568698 1.263752 1.203882 1.114213 0.000000 0.407691 0.610124 0.511186 0.905811 0.846911 1.685085 1.222348 0.000000 0.000000 0.000000 0.000000 0.083536 0.114105 0.855164 0.114105 0.808526 0.701311 1.548403 0.256419 1.294507 0.000000 0.000000 0.579519 1.398898 0.149859 0.000000 0.303047 0.198402 0.000000 0.000000 0.000000 0.549537 0.000000 0.083536 1.371725 0.114105 0.811592 0.454134 0.000000 1.294507 0.000000 0.000000 1.274922 0.976617 0.511186 1.121698 1.274922 0.198402 0.000000 0.000000 0.000000 0.000000 0.000000 0.000000 0.704422 0.759018 0.000000 0.610124 0.152507 0.948456 1.294507 0.000000 0.000000 1.145515 0.345691 1.065670 0.203846 0.000000 0.000000 0.000000 0.083536 0.057052 0.000000 0.083536 0.083536 1.223762 0.000000 0.256419 1.202959 0.256419 1.294507 0.000000 0.452906 0.203846 1.165296 0.203846 1.421715 0.000000 0.000000 0.000000 0.000000 0.000000 0.000000 0.000000 0.083536 0.083536 0.773736 0.597111 1.263752 0.673570 1.158179 0.000000 0.306112 0.000000 0.761898 0.256419 0.345691 0.000000 0.000000 0.000000 0.000000 0.000000 0.083536 0.000000 0.080888 0.083536 0.149859 0.610124 0.313471 0.878006 1.058814 0.452906 0.057052 0.000000 0.597111 1.054595 0.495550 0.000000 0.000000 0.083536 0.000000 0.000000 0.083536 0.000000 0.000000 1.506764 0.000000 0.811592 0.691382 0.353705 1.262004 0.701311 0.495550 0.000000 0.662465 1.022497 0.203846 0.000000 0.000000 0.000000 0.083536 0.000000 0.000000 0.000000 0.000000 0.000000 0.099201 0.512838 0.000000 0.000000 0.000000 0.597111 1.020881 0.757180 1.066095 0.512838 0.512838 0.000000 0.000000 0.966092 0.966092 0.966092 0.966092 0.000000 0.000000 0.000000 0.000000 0.000000 0.000000 1.364663 0.306112 0.203846 0.306112 1.421715 1.506764 0.971838 0.820363 0.000000 0.000000 0.966092 0.857609 1.318946 0.584053 0.966092 0.966092 0.966092 0.083536 0.083536 0.000000 0.597111 1.222348 0.858529 0.569938 0.304274 0.452906 0.149859 0.000000 0.402248 0.966092 0.000000 1.044987 0.000000 0.508120 0.857371 1.668444 0.966092 0.966092 0.000000 0.000000 0.816348 0.099201 0.816348 0.099201 0.203846 0.996179 0.630297 0.000000 