Releaseoutput64/1/quervelu_IV_90.asc
ncols  20
nrows  20
xllcorner  0
yllcorner  0
cellsize  30
NODATA_value  -9999
0 0 0 0 0 0 0 0 0 0 0 0 0 0 0 0 1.678451 1.678451 2.000000 0 0 0 0 0 0 0 0 0 0 0 0 0 0 0 0 0 1.678451 2.000000 0 0 0 0 1.678451 2.000000 1.678683 0 0 0 0 0 0 0 0 1.678683 2.000000 2.000000 2.000000 1.678451 1.678451 2.000000 0 2.000000 1.678683 2.000000 1.678683 1.613950 1.678451 1.613614 2.000000 2.000000 1.678683 1.678683 2.000000 1.678683 0 0 0 0 0 0 2.000000 1.678683 1.613614 1.678683 2.000000 1.678683 1.678451 2.000000 2.000000 2.000000 0 0 0 0 0 0 0.239231 0.858292 1.649652 0.782729 2.000000 1.613614 1.678683 2.000000 1.613614 1.678683 0 0 0 0 0 0 2.000000 1.509716 1.656708 1.399589 1.656437 0 0 1.656605 1.678451 0 0 0 0 0 0 0 1.111678 0 0.000000 0.000000 0 0.340958 0.000000 0.984435 0.330267 0.748887 0.976052 1.486154 0 0 0 0 2.000000 2.000000 0 0.000000 1.657678 1.260963 1.012830 0.000000 0.000000 2.000000 0.592647 0 2.000000 2.000000 2.000000 0.365955 2.000000 2.000000 2.000000 2.000000 2.000000 1.027381 2.000000 0.984435 1.052171 0.587409 0.569707 0.810392 2.000000 1.586354 1.147818 0.801902 0.501278 0.293434 0.000000 0.796279 2.000000 2.000000 2.000000 2.000000 0.251035 0.737698 0.543935 1.472810 0.000000 0.782729 0.000000 2.000000 0.000000 0 2.000000 1.679903 0.000000 1.335263 2.000000 1.487613 0.000000 2.000000 2.000000 2.000000 0.639478 2.000000 0.000000 0.000000 1.472810 1.416632 1.315850 1.746088 0.000000 2.000000 0 0.661410 0.457752 0.801902 0.000000 0.000000 0.000000 2.000000 2.000000 2.000000 1.645877 1.706077 1.321030 0.774034 0.337230 2.000000 1.312343 1.091352 0.000000 0.000000 2.000000 2.000000 0.000000 1.463917 0.000000 1.482876 2.000000 2.000000 2.000000 0.000000 0.826000 2.000000 0.251519 0.251035 0.765790 1.484934 0.000000 0.000000 2.000000 0.000000 2.000000 0.802816 1.076746 1.200864 2.000000 0.786271 2.000000 2.000000 1.704830 1.076460 1.701995 2.000000 2.000000 0.228636 0.228636 0.396008 0.292025 0.240164 0.829347 0.000000 2.000000 0.826799 2.000000 0.996670 1.076087 1.568205 2.000000 2.000000 2.000000 1.644558 2.000000 0.000000 2.000000 0.000000 0.251519 2.000000 0.799082 0.000000 0.857737 0.000000 1.327059 2.000000 2.000000 0.292025 0.000000 0.976927 2.000000 2.000000 0.000000 2.000000 2.000000 0.283514 2.000000 2.000000 0.000000 0.000000 0.985255 1.463731 1.193401 1.390655 0.782729 0.975975 0.000000 0.679965 0.000000 1.261946 2.000000 2.000000 2.000000 0.235108 2.000000 2.000000 2.000000 2.000000 2.000000 1.513161 0.801190 2.000000 2.000000 2.000000 0.679337 0.673102 0.000000 0.395796 0.349760 1.212803 2.000000 2.000000 0.279885 0.281663 0.272742 0.000000 2.000000 2.000000 2.000000 2.000000 2.000000 0.000000 0.486096 0.826799 2.000000 0.826799 0.388685 0.000000 0.000000 0.806349 2.000000 2.000000 0.000000 0.654501 0.558446 0.525480 0.281663 0.000000 0.000000 0.000000 0.261443 2.000000 0.381711 0.000000 1.567986 0.366808 0.785743 1.003653 0.932618 1.704657 0.250219 0.255732 2.000000 0.388150 2.000000 1.434218 0.703794 0.501817 0.281663 0.234298 2.000000 2.000000 0.000000 0.956767 0.000000 1.611191 2.000000 0.974011 1.600670 2.000000 