Releaseoutput64/1/queralba_BA_10.asc
ncols  20
nrows  20
xllcorner  0
yllcorner  0
cellsize  30
NODATA_value  -9999
0.000000 0.000000 0.000000 0.000000 0.000000 0.000000 0.000000 0.000000 0.000000 0.000000 0.000000 0.000000 0.000000 0.000000 0.000000 0.000000 0.010050 0.010050 0.010050 0.000000 0.000000 0.000000 0.000000 0.000000 0.000000 0.000000 0.000000 0.000000 0.000000 0.000000 0.000000 0.000000 0.000000 0.000000 0.000000 0.000000 0.010050 0.010050 0.000000 0.000000 0.000000 0.000000 0.010050 0.010050 0.010050 0.000000 0.000000 0.000000 0.000000 0.000000 0.000000 0.000000 0.000000 0.010050 0.010050 0.010050 0.010050 0.010050 0.010050 0.010050 0.000000 0.010050 0.010050 0.010050 0.010050 0.010050 0.010050 0.010050 0.010050 0.010050 0.010050 0.010050 0.010050 0.010050 0.000000 0.000000 0.000000 0.000000 0.000000 0.000000 0.010050 0.010050 0.010050 0.010050 0.010050 0.010050 0.010050 0.010050 0.010050 0.010050 0.000000 0.000000 0.000000 0.000000 0.000000 0.000000 0.374139 0.417045 0.157068 0.313097 0.010050 0.010050 0.010050 0.010050 0.010050 0.010050 0.000000 0.000000 0.000000 0.000000 0.000000 0.000000 0.007757 0.164429 0.000443 0.441841 0.688960 0.000000 0.000000 0.168452 0.010050 0.000000 0.000000 0.000000 0.000000 0.000000 0.000000 0.000000 0.437974 0.000000 1.081620 0.022434 0.000000 0.244000 0.337589 0.057052 0.548028 0.437974 0.293785 0.355024 0.000000 0.000000 0.000000 0.000000 0.007757 0.007757 0.000000 0.337589 0.243947 0.314669 0.037223 1.081620 0.134147 0.084225 0.548028 0.000000 0.231514 0.251709 0.330563 0.014199 0.007757 0.007757 0.007757 0.007757 0.007757 0.065285 0.169960 0.057052 0.271122 0.646707 0.646707 0.548028 0.000000 0.426328 0.355024 0.179680 0.188551 0.327499 0.853714 0.389543 0.007757 0.007757 0.007757 0.007757 0.002674 0.034445 0.268886 0.005297 0.203527 0.313097 0.451504 0.370508 0.717010 0.000000 0.027173 0.164486 0.271593 0.054345 0.057052 0.263657 0.020101 0.007757 0.007757 0.034445 0.671655 0.034445 0.002674 0.271593 0.005297 0.231514 0.177032 0.064146 0.717010 0.057255 0.000000 0.389543 0.244000 0.179680 0.182006 0.389543 0.020101 0.007757 0.007757 0.034445 0.034445 0.034443 0.034445 0.314669 0.134147 0.054345 0.466795 0.153548 0.640537 0.717010 0.084225 0.000000 0.584723 0.288071 0.459858 0.393835 0.007757 0.007757 0.007757 0.002674 0.034443 0.001371 0.002674 0.002674 0.345175 0.063703 0.099201 0.640537 0.352391 0.717010 0.296887 0.094275 0.213306 0.329032 0.094275 0.389543 0.007757 0.007757 0.034445 0.034445 0.008900 0.031796 0.031795 0.002674 0.002674 0.258103 0.014199 0.646707 0.244000 0.434269 0.081518 0.039871 0.266305 0.361909 0.099201 0.556237 0.007757 0.007757 0.009277 0.034445 0.008900 0.002674 0.009277 0.002674 0.002674 0.393835 0.361909 0.101849 0.371588 0.323506 0.121574 0.146924 0.057052 0.014199 0.182006 0.288071 0.007757 0.007757 0.002674 0.007129 0.001371 0.002674 0.034445 0.034445 0.635900 0.000000 0.329032 0.584723 0.094275 0.688960 0.313097 0.288071 0.000000 0.329032 0.182006 0.227656 0.007757 0.007757 0.007757 0.002674 0.034445 0.034445 0.001371 0.009277 0.034445 0.010050 0.361909 0.027173 0.000000 0.057052 0.014199 0.458349 0.559059 0.329032 0.198402 0.361909 0.007757 0.007757 0.112229 0.112229 0.112229 0.112229 0.007129 0.034445 0.034443 0.034445 0.034445 0.000000 0.389543 0.039871 0.057052 0.039871 0.389543 0.635900 0.182006 0.355356 0.007757 0.007757 0.112229 0.518445 0.577866 0.713494 0.112229 0.112229 0.112229 0.002674 0.002674 0.001371 0.014199 0.389543 0.667197 0.014199 0.227656 0.094275 0.231018 0.435677 0.077153 0.112229 0.007757 0.395783 0.086875 0.471026 0.140602 0.501008 0.112229 0.112229 0.034445 0.001371 0.608549 0.227656 0.608549 0.010050 0.057052 0.518002 0.185800 0.084225 