Releaseoutput64/1/quervelu_IV_50.asc
ncols  20
nrows  20
xllcorner  0
yllcorner  0
cellsize  30
NODATA_value  -9999
0 0 0 0 0 0 0 0 0 0 0 0 0 0 0 0 1.783135 1.783135 2.000000 0 0 0 0 0 0 0 0 0 0 0 0 0 0 0 0 0 1.811706 2.000000 0 0 0 0 1.811706 2.000000 1.811706 0 0 0 0 0 0 0 0 1.784225 1.811706 1.811706 2.000000 1.810887 1.783135 2.000000 0 1.811706 1.811706 2.000000 1.811706 1.784225 1.783135 1.784225 2.000000 2.000000 1.811706 1.811706 2.000000 1.811706 0 0 0 0 0 0 1.811706 1.811706 1.811706 1.811706 2.000000 1.811706 1.811706 2.000000 2.000000 1.783135 0 0 0 0 0 0 0.367064 1.006555 1.734063 0.870914 2.000000 1.811706 1.811706 1.810887 1.783135 1.811706 0 0 0 0 0 0 2.000000 1.355838 1.832189 1.556388 1.535978 0 0 1.781022 1.783135 0 0 0 0 0 0 0 0.878824 0 0.000000 0.713462 0 0.846219 0.411080 1.091509 0.467335 0.645471 1.369524 1.540570 0 0 0 0 2.000000 2.000000 0 0.000000 1.561850 1.166362 1.168745 0.000000 1.055207 2.000000 0.505270 0 1.799905 1.747939 1.555148 0.515061 2.000000 2.000000 2.000000 2.000000 2.000000 0.947938 2.000000 1.091509 0.979888 0.700780 0.858913 0.629896 2.000000 1.765852 1.056672 1.120578 0.609710 0.646850 0.253930 0.609669 2.000000 2.000000 2.000000 2.000000 0.185264 0.789681 0.805174 1.666365 0.428374 0.870914 0.218373 1.767992 0.342348 0 2.000000 1.444900 0.250010 1.774239 2.000000 1.530351 0.000000 2.000000 2.000000 2.000000 1.461686 1.787841 0.181848 0.219472 1.666365 1.232639 1.482869 1.784558 0.342348 2.000000 0 0.544351 0.729268 1.120578 0.262288 0.277699 0.000000 2.000000 2.000000 2.000000 1.755140 1.757697 1.211332 0.741196 0.984589 2.000000 1.543052 1.662783 0.862321 0.342348 2.000000 2.000000 1.002080 1.664249 0.943067 1.720150 2.000000 2.000000 2.000000 0.000000 0.891889 2.000000 0.181848 0.195256 0.651800 1.535332 0.000000 0.763350 2.000000 0.342348 2.000000 1.277309 1.084681 0.872917 2.000000 0.664348 2.000000 2.000000 1.557294 1.085989 1.775628 2.000000 2.000000 0.193591 0.181848 0.478032 0.515061 0.736219 0.918577 0.289991 2.000000 1.021162 2.000000 0.875006 1.073611 1.658669 2.000000 2.000000 2.000000 1.392320 2.000000 0.000000 2.000000 0.185264 0.181848 1.785521 0.511685 0.000000 1.180581 0.000000 1.450538 1.812467 2.000000 0.323856 0.293264 1.257228 2.000000 2.000000 0.185264 2.000000 2.000000 0.181848 1.784900 2.000000 0.000000 0.000000 1.254429 1.326461 1.516635 1.245145 0.870914 1.382127 0.000000 0.871290 0.301702 0.993933 2.000000 2.000000 2.000000 0.195256 2.000000 2.000000 2.000000 2.000000 2.000000 1.770912 0.917902 2.000000 2.000000 2.000000 0.515061 0.491937 0.851456 0.870430 0.727357 1.357338 2.000000 2.000000 0.244689 0.417810 0.425002 0.247304 2.000000 2.000000 2.000000 2.000000 2.000000 0.000000 0.550459 1.021162 2.000000 1.021162 0.664348 0.000000 0.262288 0.605889 2.000000 2.000000 0.417810 0.942153 0.985561 0.708898 0.417810 0.417810 0.437065 0.000000 0.199650 2.000000 0.515061 0.281864 1.158752 0.338838 0.869919 1.450160 0.826805 1.743550 0.334014 0.417810 2.000000 0.826838 2.000000 1.551006 0.677972 0.430351 0.417810 0.244689 2.000000 2.000000 0.000000 0.978760 0.000000 1.803595 2.000000 0.767198 1.283502 2.000000 