Releaseoutput64/1/quervelu_IV_100.asc
ncols  20
nrows  20
xllcorner  0
yllcorner  0
cellsize  30
NODATA_value  -9999
0 0 0 0 0 0 0 0 0 0 0 0 0 0 0 0 1.666812 1.666812 2.000000 0 0 0 0 0 0 0 0 0 0 0 0 0 0 0 0 0 1.666812 2.000000 0 0 0 0 1.666812 2.000000 1.666948 0 0 0 0 0 0 0 0 1.666948 2.000000 2.000000 2.000000 1.666812 1.666812 2.000000 0 2.000000 1.666948 2.000000 1.666948 1.600364 1.666812 1.600167 2.000000 2.000000 1.666948 1.666948 2.000000 1.666948 0 0 0 0 0 0 2.000000 1.666948 1.600167 1.666948 2.000000 1.666948 1.666812 2.000000 2.000000 2.000000 0 0 0 0 0 0 0.297430 0.842558 1.469708 0.000000 2.000000 1.600167 1.666948 2.000000 1.600167 1.666948 0 0 0 0 0 0 2.000000 1.327059 1.057614 1.393556 1.580038 0 0 1.476516 1.666812 0 0 0 0 0 0 0 0.962564 0 0.000000 0.000000 0 0.329845 0.000000 0.000000 0.322210 0.660635 0.767215 1.397270 0 0 0 0 2.000000 2.000000 0 0.000000 1.307259 1.001931 0.659999 0.000000 0.000000 2.000000 0.583790 0 2.000000 2.000000 2.000000 0.391260 2.000000 2.000000 2.000000 2.000000 2.000000 0.502720 2.000000 0.000000 0.689255 0.569876 0.557385 0.801499 2.000000 1.579189 0.997136 0.488543 0.559475 0.000000 0.000000 0.000000 2.000000 2.000000 2.000000 2.000000 0.239702 0.322208 0.299651 1.355856 0.000000 0.000000 0.000000 2.000000 0.000000 0 2.000000 1.500981 0.000000 0.000000 0 1.477782 0.000000 2.000000 2.000000 2.000000 0.000000 2.000000 0.000000 0.000000 1.355856 1.173220 0.968776 1.642674 0.000000 2.000000 0 0.000000 0.505771 0.488543 0.000000 0.000000 0.000000 2.000000 2.000000 2.000000 1.398200 1.553561 0.876564 0.334073 0.327095 0 1.302499 0.000000 0.000000 0.000000 2.000000 2.000000 0.000000 0.000000 0.000000 1.475092 2.000000 2.000000 2.000000 0.000000 0.380700 2.000000 0.300635 0.239702 0.337527 1.396339 0.000000 0.000000 2.000000 0.000000 2.000000 0.786271 1.076602 0.983752 2.000000 0.000000 2.000000 2.000000 1.644387 0.933222 1.703433 2.000000 2.000000 0.243251 0.271299 0.000000 0.000000 0.294537 0.806108 0.000000 2.000000 0.000000 2.000000 0.489677 0.875377 1.564863 2.000000 2.000000 2.000000 1.396865 2.000000 0.000000 2.000000 0.000000 0.266873 2.000000 0.492388 0.000000 0.394247 0.000000 0.647170 2.000000 2.000000 0.298373 0.000000 0.000000 2.000000 2.000000 0.000000 2.000000 2.000000 0.271299 2.000000 2.000000 0.000000 0.000000 0.642198 0.948661 0.000000 1.287430 0.000000 0.636419 0.000000 0.803145 0.000000 1.067955 2.000000 2.000000 2.000000 0.271001 2.000000 2.000000 2.000000 2.000000 2.000000 1.498535 0.495603 2.000000 2.000000 2.000000 0.740205 0.663552 0.000000 0.386564 0.347083 0.670425 2.000000 2.000000 0.000000 0.000000 0.000000 0.000000 2.000000 2.000000 2.000000 2.000000 2.000000 0.000000 0.000000 0.000000 2.000000 0.000000 0.000000 0.000000 0.000000 0.000000 2.000000 2.000000 0.000000 0.000000 0.316462 0.300745 0.000000 0.000000 0.000000 0.000000 0.343528 2.000000 0.000000 0.000000 1.564740 0.000000 0.788845 0.986209 0.933107 1.397118 0.246649 0.000000 2.000000 0.000000 2.000000 1.432745 0.765284 0.000000 0.000000 0.000000 2.000000 2.000000 0.000000 0.817991 0.000000 1.598749 2.000000 0.473784 1.487789 2.000000 