Releaseoutput64/1/quervelu_BA_Age20_Age150_100.asc
ncols  20
nrows  20
xllcorner  0
yllcorner  0
cellsize  30
NODATA_value  -9999
0.000000 0.000000 0.000000 0.000000 0.000000 0.000000 0.000000 0.000000 0.000000 0.000000 0.000000 0.000000 0.000000 0.000000 0.000000 0.000000 1.903021 1.903021 2.285502 0.000000 0.000000 0.000000 0.000000 0.000000 0.000000 0.000000 0.000000 0.000000 0.000000 0.000000 0.000000 0.000000 0.000000 0.000000 0.000000 0.000000 1.903021 2.283625 0.000000 0.000000 0.000000 0.000000 1.903021 2.285502 1.904897 0.000000 0.000000 0.000000 0.000000 0.000000 0.000000 0.000000 0.000000 1.904897 2.285502 2.285502 2.285502 1.903021 1.903021 2.285502 0.000000 1.904897 1.904897 1.903021 1.904897 1.524293 1.903021 1.522417 2.285502 2.283625 1.904897 1.904897 2.285502 1.904897 0.000000 0.000000 0.000000 0.000000 0.000000 0.000000 1.903021 1.904897 1.522417 1.904897 2.283625 1.904897 1.903021 1.903021 1.903021 1.903021 0.000000 0.000000 0.000000 0.000000 0.000000 0.000000 0.383528 1.141813 1.149537 0.000000 2.283625 1.522417 1.904897 2.283625 1.522417 1.904897 0.000000 0.000000 0.000000 0.000000 0.000000 0.000000 2.656054 1.533065 0.383528 1.896320 1.526170 0.000000 0.000000 1.143263 1.903021 0.000000 0.000000 0.000000 0.000000 0.000000 0.000000 0.000000 1.126135 0.000000 0.000000 0.000000 0.000000 0.383528 0.000000 0.000000 0.383528 0.754832 0.767056 1.532018 0.000000 0.000000 0.000000 0.000000 2.273574 3.038535 0.000000 0.000000 0.767056 1.146613 0.382481 0.000000 0.000000 0.767056 0.767056 0.000000 1.915546 2.295103 2.282346 0.382481 2.275450 2.656054 2.657931 2.656054 2.657931 0.383528 0.382481 0.000000 0.767056 0.767056 0.767056 0.767056 2.263522 1.518640 1.147442 0.380604 0.764961 0.000000 0.000000 0.000000 2.278801 2.280677 3.038535 2.275450 0.382481 0.380604 0.382481 1.533065 0.000000 0.000000 0.000000 1.149537 0.000000 0.000000 1.150585 1.146613 0.000000 0.000000 0.000000 1.150585 0.000000 3.038535 2.275450 1.144737 0.000000 0.763085 0.000000 0.000000 1.533065 1.149537 0.767056 1.513116 0.000000 2.296150 0.000000 0.000000 0.767056 0.380604 0.000000 0.000000 0.000000 1.898196 3.038535 1.524293 0.763085 1.145565 0.766009 0.380604 0.383528 0.000000 1.533065 0.000000 0.000000 0.000000 1.149537 1.530141 0.000000 0.000000 0.000000 1.135112 2.273574 2.278801 2.275450 0.000000 0.382481 1.889619 0.382481 0.382481 0.382481 1.525341 0.000000 0.000000 0.766009 0.000000 1.909698 0.767056 1.147442 0.764961 0.383528 0.000000 2.657931 2.275450 1.526170 1.143689 1.892969 1.909698 1.529094 0.382481 0.382481 0.000000 0.000000 0.383528 0.767056 0.000000 1.148489 0.000000 1.914498 0.371303 0.767056 1.533065 1.901547 2.656054 1.896320 0.761208 1.883669 0.000000 1.896320 0.000000 0.382481 1.901547 0.371303 0.000000 0.383528 0.000000 0.383528 1.914498 0.383528 0.383528 0.000000 0.000000 3.038535 2.656054 0.000000 1.892969 1.896320 0.382481 2.290302 0.764132 0.000000 0.000000 0.382481 0.383528 0.000000 1.526170 0.000000 0.382481 0.000000 0.766009 0.000000 0.742607 2.280677 2.277326 2.278801 0.382481 1.148489 0.763085 1.892969 1.892969 1.526170 1.131761 0.383528 1.526170 1.528265 1.530141 0.766009 0.764961 0.000000 0.383528 0.383528 0.371303 2.278801 2.280677 0.000000 0.000000 0.000000 0.000000 2.273574 1.143689 1.144737 1.146613 0.764961 0.000000 0.000000 0.000000 0.383528 0.000000 0.000000 0.000000 0.000000 0.000000 2.275450 2.275450 0.000000 0.000000 0.371303 0.382481 0.000000 0.000000 0.000000 0.000000 0.382481 2.273574 0.000000 0.000000 1.532018 0.000000 1.123211 0.767056 1.150585 0.766009 0.380604 0.000000 2.280677 0.000000 1.150585 1.897770 1.150585 0.000000 0.000000 0.000000 1.526170 1.892969 0.000000 1.123211 0.000000 1.509015 0.766009 0.383528 1.148489 0.767056 