Releaseoutput64/1/quervelu_IV_20.asc
ncols  20
nrows  20
xllcorner  0
yllcorner  0
cellsize  30
NODATA_value  -9999
0 0 0 0 0 0 0 0 0 0 0 0 0 0 0 0 1.895591 1.904786 2.000000 0 0 0 0 0 0 0 0 0 0 0 0 0 0 0 0 0 1.904786 1.895591 0 0 0 0 1.904786 1.904786 1.904786 0 0 0 0 0 0 0 0 1.904786 1.904786 1.904786 2.000000 1.895591 1.904786 2.000000 0 1.904786 1.896845 2.000000 1.896845 1.904786 1.904786 1.904786 2.000000 2.000000 1.904786 1.904786 1.904786 1.904786 0 0 0 0 0 0 1.904786 1.904786 1.904786 1.904786 1.904786 1.904786 1.904786 1.904786 1.895591 1.896845 0 0 0 0 0 0 0.336606 1.146926 1.750977 0.990492 1.895591 1.904786 1.904786 1.895591 1.895591 1.904786 0 0 0 0 0 0 1.543102 1.178567 1.887785 1.653837 1.037918 0 0 1.617237 1.904786 0 0 0 0 0 0 0 0.670536 0 0.000000 1.112540 0 1.170913 0.448647 1.259051 0.612822 0.670536 1.396867 1.166804 0 0 0 0 1.551661 1.543102 0 0.448647 1.014036 0.735535 1.357981 0.000000 1.377894 2.000000 0.612822 0 1.475524 1.682883 0.916473 0.883714 1.551462 1.544843 1.536165 1.519745 1.543102 1.264380 1.836946 1.259051 1.027050 0.601999 0.720804 0.612822 2.000000 1.326179 0.852289 1.239712 0.766978 0.826874 0.200812 0.624991 1.543102 1.543102 1.543102 1.543102 0.189367 0.695450 0.891903 1.767365 0.654085 0.990492 0.358359 1.414953 0.440250 0 1.799850 1.213253 0.516758 1.867964 2.000000 1.445523 0.000000 1.543102 1.543102 1.243549 1.453288 0.999843 0.189367 0.516758 1.767365 1.242682 1.696542 1.290070 0.440250 2.000000 0 0.624991 1.095296 1.239712 0.484414 0.624991 0.000000 1.543102 1.543102 1.076104 1.314170 1.314170 1.314170 0.735535 1.377894 1.867964 1.072234 1.705529 0.969601 0.440250 1.704486 2.000000 1.120055 1.422285 0.695676 1.673757 1.534798 1.543102 1.543102 0.189367 0.565848 2.000000 0.189367 0.189367 0.788552 1.474083 0.000000 0.923729 1.593912 0.440250 0.920884 1.515853 0.597538 0.738031 1.574634 0.624991 1.543102 1.551661 1.076104 0.763614 1.797684 1.314170 1.352279 0.189367 0.189367 0.633150 0.883714 0.628145 1.275598 0.404545 1.876004 1.268933 1.395230 0.679617 1.083145 1.430573 1.543102 1.543102 1.916575 0.917664 1.797684 0.189367 1.916575 0.189367 0.189367 1.665758 0.659531 0.000000 0.723128 0.000000 1.409180 1.135035 1.830303 0.883714 0.484414 1.603027 1.543102 1.543102 0.189367 1.792615 1.823203 0.189367 0.785205 1.233971 0.000000 0.000000 0.752297 1.465069 1.675302 1.070261 0.990492 1.542080 0.000000 0.842636 0.484414 0.957180 1.536456 1.543102 1.543102 0.189367 1.420623 1.131178 1.823203 1.916575 1.353596 1.917018 0.768591 2.000000 2.000000 2.000000 0.883714 0.211128 1.100783 0.745053 0.826073 0.804393 1.543102 1.543102 0.803200 0.803200 0.803200 0.803200 1.792615 0.949399 1.210204 1.353596 1.314170 0.000000 0.624991 1.268933 1.808108 1.268933 0.624991 0.000000 0.484414 0.895198 1.551462 1.551462 0.803200 0.998169 1.084119 0.431957 0.803200 0.803200 0.803200 0.189367 0.189367 1.823203 0.883714 0.624991 1.103108 0.883714 0.817778 1.574634 0.974184 1.294738 0.210583 0.803200 1.543102 0.736294 2.000000 1.238905 0.974303 0.310394 0.803200 0.803200 1.314170 1.823203 0.000000 0.841510 0.000000 1.917018 1.830303 0.616425 0.903076 1.811516 