Releaseoutput64/1/queralba_IV_30.asc
ncols  20
nrows  20
xllcorner  0
yllcorner  0
cellsize  30
NODATA_value  -9999
0 0 0 0 0 0 0 0 0 0 0 0 0 0 0 0 0.146164 0.130150 0.000000 0 0 0 0 0 0 0 0 0 0 0 0 0 0 0 0 0 0.130150 0.000000 0 0 0 0 0.130150 0.130150 0.130150 0 0 0 0 0 0 0 0 0.130150 0.130150 0.130150 0.000000 0.164861 0.146164 0.000000 0 0.130150 0.130150 0.000000 0.130150 0.130150 0.130150 0.130150 0.000000 0.000000 0.130150 0.130150 0.130150 0.130150 0 0 0 0 0 0 0.130150 0.144751 0.130150 0.130150 0.130150 0.130150 0.130150 0.130150 0.000000 0.130150 0 0 0 0 0 0 1.242542 0.781975 0.185322 1.051885 0.000000 0.144751 0.130150 0.164861 0.146164 0.130150 0 0 0 0 0 0 0.096161 0.725524 0.129300 0.288165 0.896663 0 0 0.254618 0.146164 0 0 0 0 0 0 0 0.890417 0 2.000000 0.984754 0 0.642998 1.454249 0.804207 0.892389 0.923538 0.527103 0.266926 0 0 0 0 0.148287 0.148287 0 1.454249 0.997729 1.125406 0.704604 2.000000 0.762461 0.000000 0.943184 0 0.418948 0.248989 0.710792 1.322850 0.148287 0.155529 0.148287 0.141898 0.148287 0.786108 0.000000 0.804207 1.040342 1.420449 1.238389 0.994177 0.000000 0.637370 0.750061 0.798424 1.286304 1.062807 1.635891 1.432237 0.148287 0.148287 0.148287 0.105248 0.487663 0.196636 1.158332 0.246135 1.444434 1.051885 1.724282 0.468781 1.596656 0 0.000000 0.794152 1.400866 0.163430 0.000000 0.351696 2.000000 0.155529 0.148287 0.000000 0.658412 0.000000 0.487663 1.400866 0.246135 0.668177 0.405213 0.000000 1.596656 0.000000 0 1.378536 0.813753 0.798424 1.658948 1.658234 2.000000 0.148287 0.148287 0.000000 0.000000 0.000000 0.000000 1.128061 0.762461 0.163430 0.838036 0.235611 0.891046 1.596656 0.215329 0.000000 1.053909 0.491754 1.114195 0.256258 0.096314 0.155529 0.148287 0.487663 0.230648 0.000000 0.487663 0.487663 0.997789 0.000000 0.112424 0.990794 0.421732 1.596656 0.584505 0.617921 0.134100 1.167145 0.212108 1.432237 0.141720 0.100563 0.000000 0.000000 0.000000 0.000000 0.000000 0.487663 0.487663 1.430439 1.322850 1.406151 0.792342 1.629540 0.000000 0.811089 0.197127 0.695342 0.192300 0.657176 0.100415 0.141873 0.000000 0.000000 0.000000 0.487663 0.000000 0.487663 0.487663 0.129655 0.556042 2.000000 1.017977 2.000000 0.511996 0.261242 0.000000 1.322850 1.658948 0.480127 0.155529 0.148287 0.487663 0.000000 0.000000 0.487663 0.000000 0.000000 2.000000 0.000000 1.167145 0.549134 0.356355 1.076847 1.051885 0.566208 0.000000 1.200422 1.658948 0.438645 0.155529 0.148287 0.148287 0.487663 0.000000 0.000000 0.000000 0.000000 0.000000 0.111889 0.376907 0.000000 0.000000 0.000000 1.322850 1.007957 0.795320 1.175589 0.354703 0.653896 0.148470 0.148287 1.341981 1.341981 1.341981 1.341981 0.000000 0.000000 0.000000 0.000000 0.000000 0.000000 1.432237 0.811089 0.209960 0.811089 1.432237 2.000000 1.658948 0.979365 0.148287 0.148287 1.341981 0.726675 0.891098 0.902192 1.341981 1.341981 1.341981 0.487663 0.487663 0.000000 1.322850 1.432237 0.701765 1.322850 0.400355 0.529798 0.136481 0.000000 0.212759 1.341981 0.141720 1.139006 0.000000 0.486448 1.191183 1.500170 1.341981 1.341981 0.000000 0.000000 2.000000 0.305707 2.000000 0.111889 0.213325 1.396165 1.067555 0.000000 