Releaseoutput64/1/RelativeDensity_60.asc
ncols  20
nrows  20
xllcorner  0
yllcorner  0
cellsize  30
NODATA_value  -9999
0.000000 0.000000 0.000000 0.000000 0.000000 0.000000 0.000000 0.000000 0.000000 0.000000 0.000000 0.000000 0.000000 0.000000 0.000000 0.000000 0.601944 0.601944 0.546180 0.000000 0.000000 0.000000 0.000000 0.000000 0.000000 0.000000 0.000000 0.000000 0.000000 0.000000 0.000000 0.000000 0.000000 0.000000 0.000000 0.000000 0.511548 0.542374 0.000000 0.000000 0.000000 0.000000 0.511548 0.636576 0.605750 0.000000 0.000000 0.000000 0.000000 0.000000 0.000000 0.000000 0.000000 0.605750 0.546180 0.546180 0.636576 0.511548 0.601944 0.636576 0.000000 0.605750 0.605750 0.451978 0.515355 0.605750 0.601944 0.605750 0.636576 0.542374 0.605750 0.605750 0.636576 0.605750 0.000000 0.000000 0.000000 0.000000 0.000000 0.000000 0.451978 0.605750 0.605750 0.605750 0.542374 0.605750 0.511548 0.636576 0.451978 0.601944 0.000000 0.000000 0.000000 0.000000 0.000000 0.000000 0.775545 0.725507 0.669631 0.449832 0.542374 0.605750 0.605750 0.542374 0.601944 0.605750 0.000000 0.000000 0.000000 0.000000 0.000000 0.000000 0.701127 0.731241 0.619327 0.621086 0.738311 0.000000 0.000000 0.749350 0.601944 0.000000 0.000000 0.000000 0.000000 0.000000 0.000000 0.000000 0.770109 0.000000 0.640123 0.616654 0.000000 0.426376 0.730376 0.179781 0.649265 0.792433 0.725117 0.657584 0.000000 0.000000 0.000000 0.000000 0.795329 0.711395 0.000000 0.661260 0.748284 0.682336 0.323012 0.741680 0.678625 0.579854 0.686082 0.000000 0.744432 0.656173 0.631982 0.605510 0.620999 0.764107 0.711395 0.701127 0.620999 0.720383 0.678617 0.179781 0.704811 0.767885 0.669222 0.739910 0.587542 0.533196 0.641785 0.502731 0.615083 0.760422 0.554653 0.583263 0.701127 0.711395 0.711395 0.704934 0.505241 0.569724 0.724345 0.672386 0.462245 0.449832 0.757860 0.767257 0.574943 0.000000 0.484415 0.782780 0.631339 0.561827 0.490295 0.623412 0.119140 0.711395 0.704934 0.660451 0.677449 0.664258 0.517063 0.729578 0.574066 0.716471 0.557879 0.657607 0.574943 0.567963 0.000000 0.607215 0.741109 0.502731 0.602730 0.609086 0.119140 0.711395 0.711395 0.560640 0.605416 0.612646 0.648943 0.770054 0.736262 0.588923 0.749447 0.475329 0.684301 0.574943 0.482229 0.474999 0.599260 0.593514 0.628430 0.514750 0.606925 0.627460 0.701127 0.484717 0.635171 0.684399 0.517063 0.478853 0.755611 0.651488 0.633696 0.778500 0.581787 0.574943 0.559785 0.503741 0.589187 0.579842 0.487585 0.440035 0.711395 0.701127 0.646746 0.637319 0.567399 0.660834 0.668064 0.458704 0.458704 0.408348 0.511308 0.770206 0.614978 0.508998 0.480043 0.372972 0.571769 0.539246 0.563424 0.584987 0.711395 0.701127 0.606925 0.606631 0.579510 0.476390 0.606925 0.505241 0.473088 0.533258 0.504375 0.137552 0.687606 0.451621 0.737742 0.573007 0.586683 0.523131 0.602730 0.469182 0.711395 0.711395 0.505241 0.606925 0.606925 0.517063 0.653604 0.479660 0.454459 0.087447 0.545046 0.597257 0.643287 0.760070 0.449832 0.564079 0.087447 0.462289 0.607480 0.504006 0.537064 0.620999 0.533258 0.432316 0.577668 0.571676 0.606925 0.606925 0.662072 0.479243 0.635873 0.466821 0.569513 0.571387 0.605510 0.604244 0.470557 0.590648 0.551440 0.500365 0.701127 0.711395 0.665741 0.733163 0.754603 0.622977 0.606925 0.662072 0.664258 0.664258 0.668064 0.087447 0.651693 0.372972 0.487974 0.372972 0.590620 0.454459 0.602730 0.450353 0.684189 0.704934 0.733163 0.522912 0.707691 0.560294 0.733163 0.733163 0.738965 0.438179 0.434878 0.606925 0.523131 0.604778 0.576191 0.477887 0.609941 0.432822 0.537669 0.626280 0.605614 0.733163 0.704934 0.630357 0.680361 0.585040 0.741170 0.696152 0.733163 0.720602 0.662072 0.690860 0.224003 0.555957 0.224003 0.395309 0.582176 0.673109 0.694884 0.487043 