Releaseoutput64/1/RelativeDensity_70.asc
ncols  20
nrows  20
xllcorner  0
yllcorner  0
cellsize  30
NODATA_value  -9999
0.000000 0.000000 0.000000 0.000000 0.000000 0.000000 0.000000 0.000000 0.000000 0.000000 0.000000 0.000000 0.000000 0.000000 0.000000 0.000000 0.636826 0.636826 0.567398 0.000000 0.000000 0.000000 0.000000 0.000000 0.000000 0.000000 0.000000 0.000000 0.000000 0.000000 0.000000 0.000000 0.000000 0.000000 0.000000 0.000000 0.542624 0.565212 0.000000 0.000000 0.000000 0.000000 0.542624 0.567398 0.639011 0.000000 0.000000 0.000000 0.000000 0.000000 0.000000 0.000000 0.000000 0.639011 0.567398 0.567398 0.567398 0.542624 0.636826 0.567398 0.000000 0.639011 0.639011 0.471010 0.544810 0.639011 0.636826 0.639011 0.567398 0.565212 0.639011 0.639011 0.567398 0.639011 0.000000 0.000000 0.000000 0.000000 0.000000 0.000000 0.471010 0.639011 0.639011 0.639011 0.565212 0.639011 0.542624 0.471010 0.471010 0.636826 0.000000 0.000000 0.000000 0.000000 0.000000 0.000000 0.701818 0.697242 0.586519 0.475003 0.565212 0.639011 0.639011 0.565212 0.636826 0.639011 0.000000 0.000000 0.000000 0.000000 0.000000 0.000000 0.650181 0.739675 0.636544 0.659874 0.669225 0.000000 0.000000 0.769918 0.636826 0.000000 0.000000 0.000000 0.000000 0.000000 0.000000 0.000000 0.765120 0.000000 0.688342 0.667397 0.000000 0.482453 0.723210 0.189335 0.706999 0.777727 0.678524 0.669297 0.000000 0.000000 0.000000 0.000000 0.650181 0.746568 0.000000 0.719469 0.770952 0.709226 0.348478 0.691443 0.541129 0.586601 0.733010 0.000000 0.682294 0.672818 0.662302 0.584094 0.652367 0.734115 0.746568 0.650181 0.652367 0.758551 0.685546 0.189335 0.700934 0.713282 0.717539 0.715566 0.632769 0.561259 0.621230 0.536954 0.682344 0.745971 0.620903 0.534122 0.650181 0.656173 0.746568 0.555979 0.513635 0.601026 0.732647 0.705435 0.513346 0.475003 0.725890 0.684226 0.526892 0.000000 0.489518 0.726323 0.708265 0.574925 0.492815 0.554215 0.143228 0.746568 0.555979 0.675193 0.594190 0.583177 0.535075 0.740648 0.606725 0.750829 0.578044 0.691525 0.526892 0.579854 0.000000 0.541346 0.710528 0.536954 0.621141 0.574127 0.143228 0.650181 0.746568 0.575635 0.620389 0.624508 0.660150 0.771651 0.792524 0.591696 0.677444 0.497656 0.731794 0.526892 0.488280 0.484161 0.419724 0.502181 0.572906 0.550606 0.644188 0.656173 0.650181 0.460127 0.509083 0.455784 0.513635 0.494105 0.737045 0.665774 0.551365 0.734424 0.587685 0.526892 0.575193 0.538356 0.608398 0.625259 0.491297 0.468050 0.746568 0.650181 0.565539 0.653511 0.504084 0.675447 0.679565 0.516474 0.516474 0.445383 0.534243 0.780561 0.672884 0.594560 0.487043 0.409981 0.484415 0.565869 0.426056 0.596094 0.656173 0.650181 0.553793 0.621039 0.627460 0.441526 0.553793 0.395807 0.469381 0.469389 0.498072 0.157809 0.716569 0.509773 0.762093 0.582735 0.590440 0.555683 0.614815 0.486015 0.746568 0.746568 0.513635 0.459591 0.463397 0.475505 0.671328 0.486790 0.490063 0.088230 0.375102 0.511285 0.665551 0.692006 0.475003 0.582792 0.088230 0.519808 0.588666 0.537193 0.561971 0.558165 0.559785 0.496945 0.585363 0.485552 0.459591 0.459591 0.676142 0.342801 0.535283 0.479500 0.580685 0.581787 0.587751 0.599738 0.499724 0.538718 0.426865 0.423223 0.650181 0.746568 0.557682 0.727054 0.682541 0.697128 0.553793 0.676142 0.677379 0.484857 0.679565 0.088230 0.557429 0.409981 0.491514 0.409981 0.566288 0.490063 0.593438 0.482649 0.555979 0.555979 0.727054 0.558403 0.703545 0.575790 0.727054 0.695575 0.689730 0.525376 0.512260 0.553793 0.509146 0.507333 0.496536 0.487706 0.543562 0.456589 0.552595 0.632224 0.483248 0.695186 0.652367 0.567924 0.686548 0.613690 0.732966 0.757932 0.727054 0.762028 0.676142 0.459591 0.229359 0.582294 0.229359 0.433196 0.587902 0.630952 0.651353 0.490991 