Releaseoutput64/1/RelativeDensity_100.asc
ncols  20
nrows  20
xllcorner  0
yllcorner  0
cellsize  30
NODATA_value  -9999
0.000000 0.000000 0.000000 0.000000 0.000000 0.000000 0.000000 0.000000 0.000000 0.000000 0.000000 0.000000 0.000000 0.000000 0.000000 0.000000 0.589842 0.589842 0.590313 0.000000 0.000000 0.000000 0.000000 0.000000 0.000000 0.000000 0.000000 0.000000 0.000000 0.000000 0.000000 0.000000 0.000000 0.000000 0.000000 0.000000 0.589842 0.589924 0.000000 0.000000 0.000000 0.000000 0.589842 0.590313 0.590231 0.000000 0.000000 0.000000 0.000000 0.000000 0.000000 0.000000 0.000000 0.590231 0.590313 0.590313 0.590313 0.589842 0.589842 0.590313 0.000000 0.491992 0.590231 0.491603 0.590231 0.491910 0.589842 0.491521 0.590313 0.589924 0.590231 0.590231 0.590313 0.590231 0.000000 0.000000 0.000000 0.000000 0.000000 0.000000 0.491603 0.590231 0.491521 0.590231 0.589924 0.590231 0.589842 0.491603 0.491603 0.491603 0.000000 0.000000 0.000000 0.000000 0.000000 0.000000 0.582198 0.707437 0.408564 0.326958 0.589924 0.491521 0.590231 0.589924 0.491521 0.590231 0.000000 0.000000 0.000000 0.000000 0.000000 0.000000 0.686548 0.597724 0.181082 0.714216 0.502570 0.000000 0.000000 0.403771 0.589842 0.000000 0.000000 0.000000 0.000000 0.000000 0.000000 0.000000 0.620722 0.000000 0.549937 0.608889 0.000000 0.603436 0.688197 0.108509 0.627101 0.560894 0.529550 0.484390 0.000000 0.000000 0.000000 0.000000 0.587839 0.785258 0.000000 0.715987 0.306362 0.556448 0.300944 0.667996 0.310744 0.197853 0.602287 0.000000 0.494198 0.592302 0.589656 0.464316 0.588227 0.686548 0.686937 0.686548 0.686937 0.392176 0.098710 0.108509 0.560943 0.695139 0.720215 0.459462 0.585753 0.501007 0.561218 0.408011 0.714911 0.560605 0.684907 0.316502 0.588923 0.589311 0.785258 0.588227 0.589440 0.410049 0.638262 0.577518 0.520984 0.326958 0.615089 0.296562 0.636974 0.000000 0.296779 0.394195 0.749174 0.103996 0.000000 0.405288 0.196477 0.785258 0.588227 0.295568 0.225227 0.197030 0.534705 0.810154 0.577518 0.512560 0.416528 0.435915 0.636974 0.592519 0.000000 0.423991 0.743171 0.408011 0.606704 0.535993 0.196477 0.490602 0.785258 0.393672 0.241284 0.339994 0.330553 0.587363 0.611905 0.000000 0.616000 0.163567 0.531458 0.636974 0.296562 0.394883 0.348115 0.116718 0.327185 0.402081 0.587839 0.588923 0.588227 0.490730 0.320527 0.488823 0.500925 0.589440 0.513367 0.483033 0.596059 0.645725 0.197636 0.636974 0.492987 0.508597 0.429199 0.405412 0.098926 0.324507 0.686937 0.588227 0.438469 0.472676 0.534097 0.492987 0.394666 0.542400 0.497861 0.423527 0.507332 0.659238 0.488392 0.609489 0.296345 0.293250 0.493981 0.364956 0.331425 0.512206 0.491297 0.686548 0.490213 0.241050 0.487585 0.547236 0.490213 0.519110 0.544900 0.491297 0.361464 0.203016 0.472511 0.631151 0.311432 0.493981 0.098926 0.606258 0.508466 0.220714 0.785258 0.686548 0.534705 0.489518 0.490213 0.497861 0.591308 0.197247 0.442245 0.089032 0.314708 0.215644 0.212506 0.625457 0.326958 0.319424 0.089032 0.490886 0.619311 0.281894 0.589311 0.588616 0.588923 0.498425 0.296345 0.197030 0.489518 0.489518 0.394060 0.391115 0.367516 0.394060 0.394494 0.394883 0.503672 0.563020 0.361501 0.522917 0.456548 0.252955 0.588923 0.589311 0.623936 0.622652 0.643337 0.755339 0.587839 0.295351 0.295568 0.295957 0.197419 0.089032 0.328000 0.293250 0.098926 0.293250 0.436509 0.558963 0.502708 0.308033 0.588227 0.588227 0.622652 0.431593 0.629908 0.503812 0.622652 0.683725 0.623936 0.459285 0.394315 0.587839 0.365606 0.518737 0.511990 0.365606 0.584013 0.404600 0.475028 0.242223 0.558649 0.521096 0.589311 0.437529 0.296779 0.649771 0.766300 0.578085 0.622652 0.683725 0.394060 0.489518 0.238852 0.513898 0.238852 0.488740 0.197636 0.432281 0.400342 0.197853 