Releaseoutput64/1/RelativeDensity_40.asc
ncols  20
nrows  20
xllcorner  0
yllcorner  0
cellsize  30
NODATA_value  -9999
0.000000 0.000000 0.000000 0.000000 0.000000 0.000000 0.000000 0.000000 0.000000 0.000000 0.000000 0.000000 0.000000 0.000000 0.000000 0.000000 0.621079 0.474165 0.451221 0.000000 0.000000 0.000000 0.000000 0.000000 0.000000 0.000000 0.000000 0.000000 0.000000 0.000000 0.000000 0.000000 0.000000 0.000000 0.000000 0.000000 0.558099 0.587658 0.000000 0.000000 0.000000 0.000000 0.558099 0.524678 0.558099 0.000000 0.000000 0.000000 0.000000 0.000000 0.000000 0.000000 0.000000 0.484642 0.558099 0.558099 0.524678 0.547622 0.621079 0.524678 0.000000 0.558099 0.558099 0.367286 0.558099 0.484642 0.474165 0.484642 0.524678 0.440744 0.558099 0.558099 0.524678 0.558099 0.000000 0.000000 0.000000 0.000000 0.000000 0.000000 0.558099 0.631557 0.558099 0.558099 0.440744 0.558099 0.558099 0.524678 0.587658 0.474165 0.000000 0.000000 0.000000 0.000000 0.000000 0.000000 0.646009 0.731844 0.615139 0.384454 0.587658 0.631557 0.558099 0.547622 0.621079 0.558099 0.000000 0.000000 0.000000 0.000000 0.000000 0.000000 0.746459 0.655567 0.661534 0.754068 0.727573 0.000000 0.000000 0.675354 0.621079 0.000000 0.000000 0.000000 0.000000 0.000000 0.000000 0.000000 0.736046 0.000000 0.646252 0.495511 0.000000 0.678186 0.755046 0.153772 0.597162 0.755128 0.701870 0.686797 0.000000 0.000000 0.000000 0.000000 0.772595 0.714796 0.000000 0.713632 0.748728 0.752592 0.258095 0.646252 0.718111 0.547332 0.660129 0.000000 0.673997 0.661665 0.609189 0.440851 0.714796 0.724950 0.714796 0.746459 0.714796 0.538385 0.645437 0.153772 0.658428 0.684294 0.728503 0.693550 0.693588 0.662384 0.683728 0.414180 0.446926 0.599393 0.652395 0.568922 0.763780 0.772595 0.772595 0.774257 0.502426 0.626546 0.637165 0.588591 0.340951 0.384454 0.593679 0.709341 0.458762 0.000000 0.533048 0.715223 0.701733 0.715932 0.477857 0.544501 0.066842 0.714796 0.772595 0.677308 0.631576 0.671153 0.502426 0.689910 0.588591 0.744310 0.588283 0.674281 0.458762 0.643770 0.000000 0.580965 0.614231 0.414180 0.484220 0.486763 0.066842 0.714796 0.714796 0.648507 0.631041 0.557584 0.669558 0.599735 0.718111 0.669395 0.714403 0.701498 0.657877 0.458762 0.453130 0.596238 0.593893 0.566396 0.594381 0.548698 0.720324 0.714796 0.772595 0.502426 0.622754 0.667106 0.502426 0.502426 0.740788 0.660075 0.580778 0.640168 0.624938 0.458762 0.579510 0.508724 0.611833 0.621149 0.619355 0.619096 0.714796 0.746459 0.644700 0.623325 0.628462 0.627235 0.614328 0.502426 0.502426 0.318440 0.440851 0.691524 0.478672 0.442172 0.540871 0.289802 0.522991 0.611212 0.609482 0.540338 0.714796 0.746459 0.642285 0.654019 0.628462 0.418491 0.642285 0.500601 0.502426 0.582040 0.531076 0.093054 0.758709 0.313686 0.699313 0.548237 0.568252 0.440851 0.457458 0.518732 0.752356 0.714796 0.502426 0.668940 0.668940 0.502426 0.606490 0.564045 0.420310 0.083538 0.605437 0.555031 0.581489 0.758805 0.384454 0.508464 0.083538 0.561797 0.450799 0.608859 0.772595 0.714796 0.772595 0.475729 0.647979 0.597390 0.682764 0.642285 0.670847 0.495813 0.628344 0.583316 0.518296 0.522781 0.440851 0.603935 0.552916 0.583922 0.590701 0.503058 0.746459 0.772595 0.579392 0.579392 0.579392 0.579392 0.668940 0.635600 0.677308 0.637502 0.614328 0.083538 0.597656 0.289802 0.530197 0.289802 0.619096 0.420310 0.437683 0.477490 0.774257 0.774257 0.579392 0.617270 0.785606 0.602800 0.579392 0.579392 0.579392 0.391794 0.459858 0.668940 0.440851 0.568922 0.582903 0.429029 0.573140 0.510909 0.585412 0.597578 0.673781 0.579392 0.772595 0.634761 0.650181 0.743228 0.585369 0.757614 0.579392 0.579392 0.631041 0.682764 0.207993 0.567877 0.207993 0.586209 0.614132 0.579976 0.655169 0.659596 