Releaseoutput64/1/RelativeDensity_130.asc
ncols  20
nrows  20
xllcorner  0
yllcorner  0
cellsize  30
NODATA_value  -9999
0.000000 0.000000 0.000000 0.000000 0.000000 0.000000 0.000000 0.000000 0.000000 0.000000 0.000000 0.000000 0.000000 0.000000 0.000000 0.000000 0.112002 0.112002 0.000000 0.000000 0.000000 0.000000 0.000000 0.000000 0.000000 0.000000 0.000000 0.000000 0.000000 0.000000 0.000000 0.000000 0.000000 0.000000 0.000000 0.000000 0.112002 0.000000 0.000000 0.000000 0.000000 0.000000 0.112002 0.000000 0.112002 0.000000 0.000000 0.000000 0.000000 0.000000 0.000000 0.000000 0.000000 0.112002 0.000000 0.000000 0.000000 0.112002 0.112002 0.000000 0.000000 0.000000 0.112002 0.000000 0.112002 0.112002 0.112002 0.112002 0.000000 0.000000 0.112002 0.112002 0.000000 0.112002 0.000000 0.000000 0.000000 0.000000 0.000000 0.000000 0.000000 0.112002 0.112002 0.112002 0.000000 0.112002 0.112002 0.000000 0.000000 0.000000 0.000000 0.000000 0.000000 0.000000 0.000000 0.000000 0.536181 0.456944 0.118262 0.350565 0.000000 0.112002 0.112002 0.000000 0.112002 0.112002 0.000000 0.000000 0.000000 0.000000 0.000000 0.000000 0.296779 0.226681 0.103996 0.434376 0.116718 0.000000 0.000000 0.215644 0.112002 0.000000 0.000000 0.000000 0.000000 0.000000 0.000000 0.000000 0.549116 0.000000 0.586681 0.641009 0.000000 0.565948 0.675127 0.116718 0.576865 0.491415 0.352862 0.044587 0.000000 0.000000 0.000000 0.000000 0.296779 0.197853 0.000000 0.541526 0.116718 0.277520 0.226681 0.586678 0.343399 0.000000 0.345437 0.000000 0.000000 0.000000 0.296779 0.494019 0.296779 0.296779 0.296779 0.296779 0.296779 0.335190 0.000000 0.116718 0.430921 0.562456 0.573576 0.233436 0.593558 0.314571 0.234979 0.342615 0.455400 0.571303 0.631059 0.346076 0.197853 0.197853 0.197853 0.296779 0.604206 0.331113 0.644376 0.217018 0.573662 0.350565 0.683366 0.000000 0.584633 0.000000 0.000000 0.112002 0.658677 0.114679 0.000000 0.116718 0.224003 0.296779 0.296779 0.000000 0.237020 0.000000 0.513191 0.695259 0.217018 0.232941 0.234105 0.143300 0.578463 0.000000 0.000000 0.462299 0.608586 0.342615 0.568041 0.462299 0.224003 0.197853 0.296779 0.000000 0.044539 0.044539 0.133644 0.558468 0.570080 0.000000 0.234979 0.205694 0.578380 0.578463 0.000000 0.000000 0.360030 0.120302 0.350823 0.314571 0.296779 0.197853 0.296779 0.495696 0.222788 0.395706 0.515126 0.451204 0.439335 0.044591 0.607735 0.583096 0.000000 0.571322 0.000000 0.343399 0.133669 0.229359 0.000000 0.349659 0.296779 0.296779 0.044565 0.178209 0.296779 0.000000 0.000000 0.495696 0.495603 0.461750 0.585034 0.657223 0.333736 0.680415 0.000000 0.335190 0.000000 0.379824 0.133752 0.120302 0.098926 0.296779 0.197853 0.044565 0.395489 0.495696 0.197853 0.513191 0.559619 0.098926 0.378280 0.226771 0.396288 0.579048 0.231397 0.000000 0.000000 0.585034 0.568041 0.234981 0.296779 0.197853 0.559713 0.296779 0.197853 0.495603 0.000000 0.000000 0.470455 0.089166 0.232941 0.120302 0.231397 0.239728 0.350565 0.234981 0.089166 0.335190 0.439599 0.242006 0.197853 0.296779 0.197853 0.495696 0.000000 0.000000 0.296779 0.296779 0.000000 0.408781 0.236523 0.000000 0.000000 0.000000 0.403004 0.348115 0.346107 0.462299 0.370283 0.261562 0.197853 0.197853 0.715214 0.647269 0.725484 0.512979 0.296779 0.000000 0.000000 0.000000 0.000000 0.089166 0.351202 0.335190 0.000000 0.335190 0.467920 0.590757 0.453362 0.341945 0.296779 0.296779 0.538760 0.465533 0.678221 0.237677 0.647269 0.641511 0.512979 0.495696 0.360095 0.197853 0.494019 0.460756 0.120302 0.494019 0.307309 0.228719 0.133769 0.000000 0.490961 0.636998 0.197853 0.468415 0.000000 0.416205 0.549531 0.624103 0.647269 0.745508 0.000000 0.296779 0.242904 0.331183 0.242904 0.507707 0.000000 0.353532 0.114679 0.000000 