Releaseoutput64/1/RelativeDensity_90.asc
ncols  20
nrows  20
xllcorner  0
yllcorner  0
cellsize  30
NODATA_value  -9999
0.000000 0.000000 0.000000 0.000000 0.000000 0.000000 0.000000 0.000000 0.000000 0.000000 0.000000 0.000000 0.000000 0.000000 0.000000 0.000000 0.579142 0.579142 0.586448 0.000000 0.000000 0.000000 0.000000 0.000000 0.000000 0.000000 0.000000 0.000000 0.000000 0.000000 0.000000 0.000000 0.000000 0.000000 0.000000 0.000000 0.579142 0.585753 0.000000 0.000000 0.000000 0.000000 0.579142 0.586448 0.579837 0.000000 0.000000 0.000000 0.000000 0.000000 0.000000 0.000000 0.000000 0.579837 0.586448 0.586448 0.586448 0.579142 0.579142 0.586448 0.000000 0.488823 0.579837 0.488127 0.579837 0.482212 0.579142 0.481517 0.586448 0.585753 0.579837 0.579837 0.586448 0.579837 0.000000 0.000000 0.000000 0.000000 0.000000 0.000000 0.488127 0.579837 0.481517 0.579837 0.585753 0.579837 0.579142 0.488127 0.488127 0.488127 0.000000 0.000000 0.000000 0.000000 0.000000 0.000000 0.691180 0.681654 0.602102 0.512056 0.585753 0.481517 0.579837 0.585753 0.481517 0.579837 0.000000 0.000000 0.000000 0.000000 0.000000 0.000000 0.680361 0.781555 0.467103 0.702671 0.594815 0.000000 0.000000 0.595267 0.579142 0.000000 0.000000 0.000000 0.000000 0.000000 0.000000 0.000000 0.697817 0.000000 0.641833 0.613395 0.000000 0.570887 0.683326 0.202923 0.600734 0.746605 0.616340 0.582045 0.000000 0.000000 0.000000 0.000000 0.680361 0.778681 0.000000 0.687928 0.598195 0.743664 0.386500 0.760817 0.293250 0.494198 0.585592 0.000000 0.690623 0.590007 0.585292 0.477851 0.681056 0.774563 0.778681 0.680361 0.681056 0.567971 0.296174 0.202923 0.726199 0.660737 0.693024 0.449999 0.578327 0.493107 0.650959 0.488947 0.783141 0.630116 0.655638 0.498326 0.680361 0.584668 0.778681 0.582735 0.539487 0.596502 0.686897 0.657686 0.492774 0.512056 0.579203 0.592519 0.607335 0.000000 0.493981 0.583523 0.728856 0.296091 0.296779 0.400125 0.182030 0.778681 0.582735 0.590740 0.317602 0.492725 0.484638 0.749843 0.657686 0.700340 0.605512 0.629471 0.607335 0.590395 0.000000 0.601077 0.813739 0.488947 0.567760 0.602748 0.182030 0.486347 0.778681 0.589050 0.437774 0.536095 0.626014 0.748692 0.581212 0.197853 0.606955 0.342628 0.506167 0.607335 0.493593 0.492292 0.341360 0.411459 0.314237 0.394398 0.582040 0.583973 0.582735 0.531175 0.517041 0.483177 0.538466 0.539487 0.697242 0.579617 0.587319 0.617387 0.493809 0.607335 0.490602 0.490669 0.427446 0.492045 0.395489 0.508597 0.681056 0.582735 0.535073 0.568957 0.528980 0.688455 0.689756 0.544275 0.544275 0.502096 0.596391 0.785729 0.465726 0.572720 0.493204 0.469261 0.492381 0.553613 0.429739 0.509128 0.487585 0.680361 0.582040 0.437358 0.480991 0.492491 0.485652 0.481572 0.538466 0.487585 0.450173 0.190664 0.657604 0.599017 0.597724 0.591308 0.395489 0.596391 0.618470 0.410771 0.778681 0.680361 0.484638 0.484415 0.485652 0.456311 0.687154 0.493114 0.426668 0.088901 0.403995 0.411242 0.499014 0.717500 0.512056 0.410165 0.088901 0.572435 0.557217 0.376388 0.584668 0.583430 0.583973 0.547341 0.493204 0.492725 0.484415 0.484415 0.688672 0.380178 0.459233 0.490819 0.491596 0.492292 0.530023 0.547452 0.345834 0.501934 0.449206 0.445103 0.680361 0.778681 0.634204 0.658202 0.656789 0.797556 0.582040 0.491425 0.590740 0.492509 0.493421 0.088901 0.414183 0.469261 0.395489 0.469261 0.518180 0.541348 0.469521 0.488001 0.582735 0.582735 0.559275 0.611109 0.701594 0.596249 0.658202 0.678416 0.535278 0.495557 0.502848 0.582040 0.453163 0.489726 0.508740 0.478240 0.576147 0.392430 0.474265 0.538388 0.540483 0.717772 0.584668 0.519425 0.592908 0.642760 0.815639 0.750036 0.658202 0.777342 0.688672 0.484415 0.236523 0.607611 0.236523 0.476566 0.493809 0.618804 0.492516 0.296345 