Releaseoutput64/1/RelativeDensity_150.asc
ncols  20
nrows  20
xllcorner  0
yllcorner  0
cellsize  30
NODATA_value  -9999
0.000000 0.000000 0.000000 0.000000 0.000000 0.000000 0.000000 0.000000 0.000000 0.000000 0.000000 0.000000 0.000000 0.000000 0.000000 0.000000 0.116718 0.116718 0.000000 0.000000 0.000000 0.000000 0.000000 0.000000 0.000000 0.000000 0.000000 0.000000 0.000000 0.000000 0.000000 0.000000 0.000000 0.000000 0.000000 0.000000 0.116718 0.000000 0.000000 0.000000 0.000000 0.000000 0.116718 0.000000 0.116718 0.000000 0.000000 0.000000 0.000000 0.000000 0.000000 0.000000 0.000000 0.116718 0.000000 0.000000 0.000000 0.116718 0.116718 0.000000 0.000000 0.000000 0.116718 0.000000 0.116718 0.116718 0.116718 0.116718 0.000000 0.000000 0.116718 0.116718 0.000000 0.116718 0.000000 0.000000 0.000000 0.000000 0.000000 0.000000 0.000000 0.116718 0.116718 0.116718 0.000000 0.116718 0.116718 0.000000 0.000000 0.000000 0.000000 0.000000 0.000000 0.000000 0.000000 0.000000 0.555174 0.471999 0.120302 0.358472 0.000000 0.116718 0.116718 0.000000 0.116718 0.116718 0.000000 0.000000 0.000000 0.000000 0.000000 0.000000 0.000000 0.234979 0.112002 0.240604 0.119426 0.000000 0.000000 0.119426 0.116718 0.000000 0.000000 0.000000 0.000000 0.000000 0.000000 0.000000 0.359154 0.000000 0.598854 0.570080 0.000000 0.586967 0.583754 0.119426 0.593247 0.357114 0.359812 0.000000 0.000000 0.000000 0.000000 0.000000 0.000000 0.000000 0.000000 0.572757 0.119426 0.283155 0.234979 0.598868 0.354405 0.000000 0.355570 0.000000 0.000000 0.000000 0.000000 0.543998 0.000000 0.000000 0.000000 0.000000 0.000000 0.349659 0.000000 0.119426 0.456363 0.584929 0.591240 0.238852 0.000000 0.119426 0.239728 0.353900 0.471123 0.590055 0.598744 0.355949 0.000000 0.000000 0.000000 0.000000 0.560363 0.337546 0.453541 0.229359 0.591425 0.358472 0.706752 0.000000 0.597640 0.000000 0.000000 0.116718 0.580417 0.118262 0.000000 0.119426 0.233436 0.000000 0.000000 0.000000 0.240878 0.000000 0.456367 0.687702 0.229359 0.238564 0.239221 0.000000 0.594058 0.000000 0.000000 0.475087 0.585805 0.353900 0.588220 0.475087 0.233436 0.000000 0.000000 0.000000 0.044579 0.044579 0.133745 0.582601 0.589385 0.000000 0.239728 0.222258 0.594119 0.594058 0.000000 0.000000 0.363864 0.121452 0.358647 0.119426 0.000000 0.000000 0.000000 0.445684 0.222922 0.000000 0.515798 0.401119 0.358278 0.000000 0.610533 0.596828 0.000000 0.590017 0.000000 0.354405 0.133752 0.236523 0.000000 0.357990 0.000000 0.000000 0.044587 0.178332 0.000000 0.000000 0.000000 0.445684 0.490249 0.474710 0.543998 0.691544 0.348785 0.704987 0.000000 0.349659 0.000000 0.240604 0.044591 0.121452 0.000000 0.000000 0.000000 0.044587 0.000000 0.445684 0.000000 0.456367 0.560363 0.000000 0.239728 0.234981 0.359154 0.594503 0.237688 0.000000 0.000000 0.647994 0.588220 0.239714 0.000000 0.000000 0.515798 0.000000 0.000000 0.490249 0.000000 0.000000 0.479731 0.044591 0.238564 0.121452 0.237688 0.242412 0.358472 0.239714 0.044591 0.349659 0.461750 0.000000 0.000000 0.000000 0.000000 0.445684 0.000000 0.000000 0.000000 0.000000 0.000000 0.116718 0.240604 0.000000 0.000000 0.000000 0.440001 0.357114 0.355939 0.475087 0.240604 0.120302 0.000000 0.000000 0.776212 0.685666 0.782382 0.555701 0.000000 0.000000 0.000000 0.000000 0.000000 0.044591 0.358866 0.349659 0.000000 0.349659 0.478292 0.601183 0.469959 0.353532 0.000000 0.000000 0.570986 0.476898 0.475375 0.241247 0.685666 0.682173 0.555701 0.445684 0.341688 0.000000 0.543998 0.474211 0.121452 0.543998 0.120960 0.236144 0.000000 0.000000 0.500825 0.679496 0.000000 0.478581 0.000000 0.120960 0.577473 0.594802 0.685666 0.685666 0.000000 0.000000 0.244193 0.000000 0.244193 0.116718 0.000000 0.360181 0.118262 0.000000 