Releaseoutput64/1/RelativeDensity_80.asc
ncols  20
nrows  20
xllcorner  0
yllcorner  0
cellsize  30
NODATA_value  -9999
0.000000 0.000000 0.000000 0.000000 0.000000 0.000000 0.000000 0.000000 0.000000 0.000000 0.000000 0.000000 0.000000 0.000000 0.000000 0.000000 0.564095 0.564095 0.579565 0.000000 0.000000 0.000000 0.000000 0.000000 0.000000 0.000000 0.000000 0.000000 0.000000 0.000000 0.000000 0.000000 0.000000 0.000000 0.000000 0.000000 0.564095 0.578327 0.000000 0.000000 0.000000 0.000000 0.564095 0.579565 0.565332 0.000000 0.000000 0.000000 0.000000 0.000000 0.000000 0.000000 0.000000 0.565332 0.579565 0.579565 0.579565 0.564095 0.564095 0.579565 0.000000 0.483177 0.565332 0.481939 0.565332 0.468944 0.564095 0.467707 0.579565 0.578327 0.565332 0.565332 0.579565 0.565332 0.000000 0.000000 0.000000 0.000000 0.000000 0.000000 0.481939 0.565332 0.467707 0.565332 0.578327 0.565332 0.564095 0.481939 0.481939 0.481939 0.000000 0.000000 0.000000 0.000000 0.000000 0.000000 0.650647 0.648485 0.595682 0.495572 0.578327 0.467707 0.565332 0.578327 0.467707 0.565332 0.000000 0.000000 0.000000 0.000000 0.000000 0.000000 0.669395 0.763177 0.651872 0.685560 0.683901 0.000000 0.000000 0.585806 0.564095 0.000000 0.000000 0.000000 0.000000 0.000000 0.000000 0.000000 0.714474 0.000000 0.612781 0.721087 0.000000 0.530722 0.705418 0.196948 0.755000 0.717649 0.600337 0.579549 0.000000 0.000000 0.000000 0.000000 0.669395 0.767020 0.000000 0.684605 0.788173 0.729019 0.369505 0.730171 0.469261 0.492770 0.564417 0.000000 0.687632 0.585906 0.577568 0.594060 0.670633 0.759791 0.767020 0.669395 0.670633 0.744268 0.591824 0.196948 0.768307 0.717428 0.758363 0.536624 0.565212 0.481351 0.638360 0.565162 0.738068 0.593369 0.619066 0.477687 0.669395 0.672818 0.767020 0.573007 0.528590 0.580970 0.775053 0.733451 0.556487 0.495572 0.738021 0.590395 0.570778 0.000000 0.492381 0.758060 0.750541 0.585213 0.296129 0.492127 0.164311 0.767020 0.573007 0.587225 0.506802 0.490142 0.430965 0.776895 0.634525 0.777712 0.593584 0.621471 0.570778 0.586601 0.000000 0.574460 0.766906 0.565162 0.566047 0.563192 0.164311 0.478805 0.767020 0.584208 0.434904 0.631239 0.666464 0.750197 0.740752 0.494198 0.594822 0.519708 0.672278 0.570778 0.491686 0.489364 0.431439 0.507057 0.495615 0.573620 0.571769 0.575193 0.669395 0.540374 0.514192 0.473196 0.484182 0.486022 0.769760 0.575226 0.573461 0.779376 0.591001 0.570778 0.486347 0.468050 0.424298 0.579987 0.493376 0.490669 0.670633 0.573007 0.530711 0.662713 0.519921 0.683766 0.686088 0.499544 0.499544 0.476555 0.556005 0.781047 0.640425 0.599650 0.490991 0.442203 0.489518 0.584793 0.428422 0.603299 0.672818 0.669395 0.571769 0.629267 0.565777 0.511328 0.477567 0.440111 0.526750 0.480991 0.526848 0.175610 0.739027 0.558846 0.682629 0.588227 0.394449 0.556005 0.602043 0.499362 0.767020 0.767020 0.430965 0.475382 0.477567 0.532965 0.681445 0.490837 0.518719 0.088662 0.391346 0.519743 0.683235 0.707247 0.495572 0.597204 0.088662 0.572390 0.576967 0.557554 0.576431 0.574245 0.575193 0.490397 0.589700 0.490142 0.475382 0.475382 0.684155 0.364761 0.449588 0.486736 0.587053 0.489364 0.586788 0.631304 0.524097 0.475361 0.439538 0.436304 0.669395 0.767020 0.535183 0.742711 0.718756 0.777761 0.571769 0.487820 0.587225 0.489753 0.587767 0.088662 0.397717 0.442203 0.394449 0.442203 0.495956 0.518719 0.527422 0.510003 0.573007 0.573007 0.742711 0.587607 0.756246 0.587462 0.742711 0.783613 0.641507 0.426193 0.445989 0.571769 0.436864 0.557434 0.503894 0.463014 0.563584 0.475962 0.563910 0.635566 0.516106 0.736859 0.670633 0.596131 0.690017 0.631601 0.756270 0.808199 0.742711 0.736859 0.684155 0.475382 0.233436 0.598277 0.233436 0.458963 0.492075 0.663343 0.673020 0.493204 