Releaseoutput64/1/RelativeDensity_50.asc
ncols  20
nrows  20
xllcorner  0
yllcorner  0
cellsize  30
NODATA_value  -9999
0.000000 0.000000 0.000000 0.000000 0.000000 0.000000 0.000000 0.000000 0.000000 0.000000 0.000000 0.000000 0.000000 0.000000 0.000000 0.000000 0.550145 0.550145 0.510069 0.000000 0.000000 0.000000 0.000000 0.000000 0.000000 0.000000 0.000000 0.000000 0.000000 0.000000 0.000000 0.000000 0.000000 0.000000 0.000000 0.000000 0.640541 0.503608 0.000000 0.000000 0.000000 0.000000 0.640541 0.594003 0.640541 0.000000 0.000000 0.000000 0.000000 0.000000 0.000000 0.000000 0.000000 0.556606 0.640541 0.640541 0.594003 0.634080 0.550145 0.594003 0.000000 0.640541 0.640541 0.419673 0.640541 0.556606 0.550145 0.556606 0.594003 0.503608 0.640541 0.640541 0.594003 0.640541 0.000000 0.000000 0.000000 0.000000 0.000000 0.000000 0.640541 0.640541 0.640541 0.640541 0.503608 0.640541 0.640541 0.594003 0.419673 0.550145 0.000000 0.000000 0.000000 0.000000 0.000000 0.000000 0.749449 0.785657 0.647932 0.419707 0.503608 0.640541 0.640541 0.634080 0.550145 0.640541 0.000000 0.000000 0.000000 0.000000 0.000000 0.000000 0.767285 0.728950 0.600056 0.741166 0.696443 0.000000 0.000000 0.719086 0.550145 0.000000 0.000000 0.000000 0.000000 0.000000 0.000000 0.000000 0.725940 0.000000 0.736012 0.642095 0.000000 0.581944 0.766848 0.168002 0.676236 0.708501 0.769356 0.637243 0.000000 0.000000 0.000000 0.000000 0.799882 0.726424 0.000000 0.722420 0.718421 0.736616 0.292891 0.736012 0.675026 0.567963 0.629699 0.000000 0.715743 0.718475 0.631670 0.543450 0.726424 0.751627 0.726424 0.767285 0.726424 0.629461 0.666443 0.168002 0.750786 0.674933 0.613326 0.773861 0.661116 0.637782 0.609070 0.461954 0.536234 0.698849 0.622397 0.571793 0.767285 0.652967 0.799882 0.773746 0.511901 0.647861 0.734921 0.633857 0.404039 0.419707 0.718344 0.744320 0.518319 0.000000 0.559316 0.730740 0.596466 0.643543 0.485805 0.588778 0.093074 0.726424 0.773746 0.635169 0.657437 0.679841 0.517223 0.687481 0.633857 0.719408 0.625967 0.688088 0.518319 0.547332 0.000000 0.613558 0.664839 0.461954 0.577369 0.599325 0.093074 0.726424 0.726424 0.625371 0.579647 0.592100 0.629362 0.729104 0.705023 0.583973 0.715487 0.645441 0.629102 0.518319 0.471575 0.553324 0.576945 0.582653 0.585452 0.517654 0.750347 0.726424 0.799882 0.393176 0.612705 0.682070 0.517223 0.483571 0.725492 0.627011 0.569409 0.713749 0.571387 0.518319 0.533258 0.558901 0.560576 0.584582 0.480991 0.534808 0.726424 0.767285 0.618430 0.647611 0.647686 0.635638 0.648091 0.478480 0.517223 0.365733 0.543450 0.657612 0.549754 0.546465 0.564157 0.332304 0.553793 0.502836 0.554161 0.567628 0.726424 0.767285 0.676889 0.665475 0.577296 0.543747 0.676889 0.511901 0.517223 0.622142 0.499885 0.115576 0.744740 0.385385 0.752914 0.589400 0.580007 0.453054 0.520303 0.448210 0.784223 0.726424 0.511901 0.619090 0.619090 0.517223 0.661395 0.557696 0.482932 0.086039 0.559644 0.579842 0.615599 0.716457 0.419707 0.539843 0.086039 0.557020 0.497411 0.613238 0.726424 0.726424 0.652967 0.483571 0.564157 0.553890 0.692548 0.676889 0.637824 0.487281 0.641446 0.539250 0.550287 0.553324 0.543450 0.597878 0.604783 0.582396 0.624270 0.470907 0.767285 0.652967 0.611271 0.708897 0.697074 0.612509 0.619090 0.637824 0.641630 0.641630 0.648091 0.086039 0.628871 0.332304 0.481686 0.332304 0.534808 0.482932 0.577369 0.542092 0.773746 0.773746 0.708897 0.575115 0.790979 0.633921 0.708897 0.708897 0.675476 0.510095 0.473751 0.619090 0.543450 0.588784 0.631744 0.431614 0.562387 0.500568 0.517852 0.615795 0.631108 0.708897 0.799882 0.630136 0.669395 0.710084 0.676218 0.723523 0.708897 0.611271 0.637824 0.692548 0.217018 0.573146 0.217018 0.581483 0.572082 0.651416 0.667920 0.576431 