Releaseoutput64/1/RelativeDensity_0.asc
ncols  20
nrows  20
xllcorner  0
yllcorner  0
cellsize  30
NODATA_value  -9999
0.000000 0.000000 0.000000 0.000000 0.000000 0.000000 0.000000 0.000000 0.000000 0.000000 0.000000 0.000000 0.000000 0.000000 0.000000 0.000000 0.087853 0.087853 0.087853 0.000000 0.000000 0.000000 0.000000 0.000000 0.000000 0.000000 0.000000 0.000000 0.000000 0.000000 0.000000 0.000000 0.000000 0.000000 0.000000 0.000000 0.087853 0.087853 0.000000 0.000000 0.000000 0.000000 0.087853 0.087853 0.087853 0.000000 0.000000 0.000000 0.000000 0.000000 0.000000 0.000000 0.000000 0.087853 0.087853 0.087853 0.087853 0.087853 0.087853 0.087853 0.000000 0.087853 0.087853 0.087853 0.087853 0.087853 0.087853 0.087853 0.087853 0.087853 0.087853 0.087853 0.087853 0.087853 0.000000 0.000000 0.000000 0.000000 0.000000 0.000000 0.087853 0.087853 0.087853 0.087853 0.087853 0.087853 0.087853 0.087853 0.087853 0.087853 0.000000 0.000000 0.000000 0.000000 0.000000 0.000000 0.251168 0.154273 0.690362 0.185400 0.087853 0.087853 0.087853 0.087853 0.087853 0.087853 0.000000 0.000000 0.000000 0.000000 0.000000 0.000000 0.072758 0.527226 1.106922 0.207689 0.362582 0.000000 0.000000 1.570172 0.087853 0.000000 0.000000 0.000000 0.000000 0.000000 0.000000 0.000000 0.218519 0.000000 0.241794 0.297538 0.000000 0.377632 0.284499 0.069621 0.349896 0.218519 0.397788 0.377969 0.000000 0.000000 0.000000 0.000000 0.072758 0.072758 0.000000 0.284499 0.567595 0.259588 0.082250 0.241794 0.588789 0.832825 0.349896 0.000000 0.444263 0.283341 0.311674 0.056896 0.072758 0.072758 0.072758 0.072758 0.072758 0.479315 0.681081 0.069621 0.567595 0.367349 0.367349 0.349896 0.005611 0.175110 0.377969 0.174729 0.072547 0.884115 0.252107 0.196107 0.072758 0.072758 0.072758 0.072758 0.073630 0.397491 0.224964 0.395027 0.115691 0.185400 0.170923 0.690362 0.257068 0.000000 1.001268 0.479315 0.193743 1.420406 0.750418 0.369653 0.003650 0.072758 0.072758 0.397491 0.669638 0.397491 0.073630 0.193743 0.395027 0.444263 0.690362 0.475002 0.257068 0.419119 0.000000 0.196107 0.377632 0.174729 0.108312 0.196107 0.003650 0.072758 0.072758 0.397491 0.397491 0.397491 0.397491 0.259588 0.588789 1.420406 0.465756 1.287014 0.408241 0.257068 0.832825 0.428935 0.625704 0.625704 0.444930 0.254203 0.072758 0.072758 0.072758 0.073630 0.397491 0.255567 0.073630 0.073630 0.443756 0.475002 0.087223 0.408241 0.649266 0.257068 0.285917 0.623556 0.366306 0.195732 0.623556 0.196107 0.072758 0.072758 0.397491 0.397491 0.255567 0.397491 0.397491 0.073630 0.073630 0.112936 0.056896 0.367349 0.377632 0.135426 0.691377 0.123179 0.369653 0.361659 0.591597 0.500240 0.072758 0.072758 0.255567 0.397491 0.255567 0.073630 0.255567 0.073630 0.073630 0.254203 0.361659 0.021874 0.461266 0.069155 0.821449 0.452718 0.750418 0.056896 0.108312 0.625704 0.072758 0.072758 0.073630 0.255567 0.255567 0.073630 0.397491 0.397491 0.140364 0.044206 0.195732 0.625704 0.454879 0.362582 0.185400 0.625704 0.044206 0.195732 0.108312 0.332453 0.072758 0.072758 0.072758 0.073630 0.397491 0.397491 0.255567 0.255567 0.397491 0.044996 0.361659 0.363385 0.428935 0.428935 0.056896 0.372094 0.444930 0.195732 0.591597 0.361659 0.072758 0.072758 0.154657 0.154657 0.154657 0.154657 0.255567 0.397491 0.397491 0.397491 0.397491 0.044206 0.196107 0.123179 0.750418 0.123179 0.196107 0.140364 0.108312 0.532120 0.072758 0.072758 0.154657 0.519277 0.176794 0.509812 0.154657 0.154657 0.154657 0.073630 0.073630 0.255567 0.056896 0.196107 0.500240 0.056896 0.332453 0.623556 0.645005 0.498286 0.029053 0.154657 0.072758 0.758431 0.560739 0.287533 0.214511 0.220304 0.154657 0.154657 0.397491 0.255567 0.143228 0.332453 0.143228 0.044996 0.750418 0.519277 0.223124 0.652465 