Releaseoutput64/1/RelativeDensity_30.asc
ncols  20
nrows  20
xllcorner  0
yllcorner  0
cellsize  30
NODATA_value  -9999
0.000000 0.000000 0.000000 0.000000 0.000000 0.000000 0.000000 0.000000 0.000000 0.000000 0.000000 0.000000 0.000000 0.000000 0.000000 0.000000 0.483832 0.557289 0.535849 0.000000 0.000000 0.000000 0.000000 0.000000 0.000000 0.000000 0.000000 0.000000 0.000000 0.000000 0.000000 0.000000 0.000000 0.000000 0.000000 0.000000 0.557289 0.462392 0.000000 0.000000 0.000000 0.000000 0.557289 0.557289 0.557289 0.000000 0.000000 0.000000 0.000000 0.000000 0.000000 0.000000 0.000000 0.557289 0.557289 0.557289 0.535849 0.426033 0.483832 0.535849 0.000000 0.557289 0.557289 0.535849 0.557289 0.557289 0.557289 0.557289 0.535849 0.535849 0.557289 0.557289 0.557289 0.557289 0.000000 0.000000 0.000000 0.000000 0.000000 0.000000 0.557289 0.499490 0.557289 0.557289 0.557289 0.557289 0.557289 0.557289 0.462392 0.557289 0.000000 0.000000 0.000000 0.000000 0.000000 0.000000 0.601399 0.699661 0.739953 0.343957 0.462392 0.499490 0.557289 0.426033 0.483832 0.557289 0.000000 0.000000 0.000000 0.000000 0.000000 0.000000 0.773935 0.626573 0.622305 0.752004 0.762920 0.000000 0.000000 0.761807 0.483832 0.000000 0.000000 0.000000 0.000000 0.000000 0.000000 0.000000 0.751668 0.000000 0.546426 0.507042 0.000000 0.700160 0.700446 0.136933 0.604406 0.743981 0.744123 0.752078 0.000000 0.000000 0.000000 0.000000 0.755387 0.755387 0.000000 0.700446 0.728899 0.689846 0.218714 0.546426 0.631010 0.602909 0.654580 0.000000 0.763721 0.575453 0.633834 0.334644 0.755387 0.738083 0.755387 0.757066 0.755387 0.632439 0.610312 0.136933 0.612718 0.681972 0.751750 0.676020 0.600957 0.636934 0.755948 0.359254 0.349711 0.693942 0.619317 0.513257 0.755387 0.755387 0.755387 0.754952 0.454317 0.646009 0.535165 0.617438 0.276610 0.343957 0.491554 0.735977 0.399965 0.000000 0.664218 0.732001 0.571352 0.683602 0.558165 0.560898 0.042880 0.738083 0.755387 0.628673 0.669696 0.597571 0.454317 0.571352 0.617438 0.720818 0.621565 0.688696 0.399965 0.625334 0.000000 0.466719 0.669335 0.359254 0.399911 0.422861 0.042880 0.755387 0.755387 0.660010 0.647442 0.644331 0.657919 0.463101 0.631010 0.683602 0.747855 0.747226 0.585701 0.399965 0.559051 0.589054 0.541684 0.588283 0.544886 0.605729 0.758277 0.738083 0.755387 0.454317 0.624085 0.658740 0.454317 0.454317 0.612363 0.747460 0.539930 0.644219 0.641921 0.399965 0.621920 0.450059 0.590921 0.606831 0.579795 0.513257 0.772707 0.756614 0.653549 0.625145 0.658731 0.644331 0.644331 0.454317 0.454317 0.267896 0.334644 0.694425 0.598766 0.346182 0.585971 0.247475 0.576512 0.576588 0.569350 0.590803 0.772273 0.757049 0.615260 0.656884 0.658731 0.454317 0.635515 0.454317 0.454317 0.580737 0.583658 0.071393 0.750340 0.240906 0.752012 0.595834 0.547897 0.334644 0.399911 0.558229 0.738083 0.755387 0.454317 0.667586 0.667586 0.454317 0.625893 0.620183 0.350460 0.079180 0.606831 0.613634 0.629945 0.715235 0.343957 0.467833 0.079180 0.551882 0.399911 0.594913 0.738083 0.755387 0.755387 0.454317 0.586532 0.632258 0.684890 0.652819 0.618195 0.518533 0.547585 0.605659 0.599321 0.567658 0.334644 0.578254 0.495787 0.616449 0.583196 0.592371 0.739745 0.755387 0.382162 0.382162 0.382162 0.382162 0.647330 0.620745 0.628673 0.657919 0.644331 0.079180 0.513257 0.247475 0.594434 0.247475 0.513257 0.350460 0.399911 0.559232 0.755387 0.755387 0.382162 0.647412 0.759863 0.779561 0.382162 0.382162 0.382162 0.454317 0.454317 0.684890 0.334644 0.513257 0.600014 0.334644 0.614229 0.544261 0.589172 0.566756 0.590215 0.382162 0.772707 0.623685 0.617193 0.727190 0.587830 0.669408 0.382162 0.382162 0.647442 0.678979 0.196477 0.606623 0.196477 0.518533 0.571504 0.651873 0.653245 0.633452 