Releaseoutput64/1/RelativeDensity_110.asc
ncols  20
nrows  20
xllcorner  0
yllcorner  0
cellsize  30
NODATA_value  -9999
0.000000 0.000000 0.000000 0.000000 0.000000 0.000000 0.000000 0.000000 0.000000 0.000000 0.000000 0.000000 0.000000 0.000000 0.000000 0.000000 0.597544 0.597544 0.592474 0.000000 0.000000 0.000000 0.000000 0.000000 0.000000 0.000000 0.000000 0.000000 0.000000 0.000000 0.000000 0.000000 0.000000 0.000000 0.000000 0.000000 0.597544 0.592257 0.000000 0.000000 0.000000 0.000000 0.597544 0.592474 0.597761 0.000000 0.000000 0.000000 0.000000 0.000000 0.000000 0.000000 0.000000 0.597761 0.592474 0.592474 0.592474 0.597544 0.597544 0.592474 0.000000 0.493764 0.597761 0.493547 0.597761 0.499051 0.597544 0.498834 0.592474 0.592257 0.597761 0.597761 0.592474 0.597761 0.000000 0.000000 0.000000 0.000000 0.000000 0.000000 0.493547 0.597761 0.498834 0.597761 0.592257 0.597761 0.597544 0.493547 0.493547 0.493547 0.000000 0.000000 0.000000 0.000000 0.000000 0.000000 0.504970 0.727310 0.213606 0.336937 0.592257 0.498834 0.597761 0.592257 0.498834 0.597761 0.000000 0.000000 0.000000 0.000000 0.000000 0.000000 0.690017 0.311432 0.091015 0.623419 0.507273 0.000000 0.000000 0.309249 0.597544 0.000000 0.000000 0.000000 0.000000 0.000000 0.000000 0.000000 0.533934 0.000000 0.565543 0.573518 0.000000 0.530235 0.629697 0.112002 0.548714 0.474717 0.340721 0.287005 0.000000 0.000000 0.000000 0.000000 0.591091 0.591913 0.000000 0.775752 0.112002 0.465364 0.311432 0.684879 0.324507 0.000000 0.372591 0.000000 0.197853 0.395489 0.294962 0.515199 0.591308 0.591308 0.690234 0.591091 0.690234 0.310744 0.098926 0.112002 0.390363 0.524477 0.543738 0.224003 0.589924 0.407353 0.568047 0.422175 0.626356 0.583847 0.609698 0.329020 0.591696 0.591913 0.690623 0.591308 0.633899 0.418681 0.680672 0.295403 0.543183 0.336937 0.643663 0.098926 0.562276 0.000000 0.000000 0.301632 0.711037 0.108509 0.000000 0.112002 0.207993 0.788943 0.591308 0.197419 0.230263 0.197636 0.463359 0.750829 0.295403 0.322115 0.225227 0.438333 0.660515 0.296562 0.000000 0.440207 0.571719 0.422175 0.637517 0.554886 0.207993 0.492987 0.788943 0.395055 0.242044 0.340971 0.232236 0.616613 0.537013 0.000000 0.325607 0.180123 0.551278 0.552006 0.098926 0.197636 0.353241 0.118262 0.337229 0.407353 0.591091 0.591696 0.591308 0.534973 0.321268 0.491992 0.545080 0.589645 0.524089 0.385294 0.601653 0.667792 0.098926 0.539555 0.395272 0.324507 0.430173 0.414871 0.000000 0.335190 0.690234 0.591308 0.439765 0.474148 0.536968 0.395272 0.296562 0.535661 0.535350 0.439599 0.487886 0.600262 0.308479 0.639021 0.197853 0.310744 0.296779 0.371563 0.133669 0.217188 0.493376 0.690017 0.492770 0.241912 0.491297 0.436735 0.492770 0.507613 0.589334 0.493376 0.368885 0.212918 0.383262 0.552412 0.220511 0.296779 0.000000 0.487886 0.533520 0.226771 0.690234 0.591696 0.534973 0.492381 0.492770 0.535350 0.493981 0.098710 0.454267 0.089104 0.322115 0.118262 0.220511 0.630251 0.336937 0.325697 0.089104 0.409670 0.671477 0.284403 0.591913 0.591524 0.591696 0.535661 0.197853 0.197636 0.492381 0.492381 0.395272 0.398959 0.273950 0.395272 0.197419 0.197636 0.443585 0.574956 0.373814 0.440207 0.363054 0.256884 0.591696 0.591913 0.617749 0.584201 0.715987 0.715987 0.591091 0.296345 0.197419 0.197636 0.197853 0.089104 0.337868 0.310744 0.000000 0.310744 0.449869 0.572528 0.425011 0.322242 0.591308 0.591308 0.485962 0.445941 0.650649 0.508710 0.584201 0.575341 0.617749 0.508348 0.419482 0.591091 0.416272 0.541526 0.316114 0.416272 0.588982 0.215998 0.178310 0.143517 0.572228 0.568117 0.591913 0.450684 0.000000 0.555193 0.502708 0.597602 0.584201 0.748511 0.395272 0.492381 0.240604 0.516843 0.240604 0.497279 0.098926 0.341945 0.306362 0.000000 