Releaseoutput64/1/RelativeDensity_10.asc
ncols  20
nrows  20
xllcorner  0
yllcorner  0
cellsize  30
NODATA_value  -9999
0.000000 0.000000 0.000000 0.000000 0.000000 0.000000 0.000000 0.000000 0.000000 0.000000 0.000000 0.000000 0.000000 0.000000 0.000000 0.000000 0.319746 0.319746 0.319746 0.000000 0.000000 0.000000 0.000000 0.000000 0.000000 0.000000 0.000000 0.000000 0.000000 0.000000 0.000000 0.000000 0.000000 0.000000 0.000000 0.000000 0.319746 0.319746 0.000000 0.000000 0.000000 0.000000 0.319746 0.319746 0.319746 0.000000 0.000000 0.000000 0.000000 0.000000 0.000000 0.000000 0.000000 0.319746 0.319746 0.319746 0.319746 0.319746 0.319746 0.319746 0.000000 0.319746 0.319746 0.319746 0.319746 0.319746 0.319746 0.319746 0.319746 0.319746 0.319746 0.319746 0.319746 0.319746 0.000000 0.000000 0.000000 0.000000 0.000000 0.000000 0.319746 0.319746 0.319746 0.319746 0.319746 0.319746 0.319746 0.319746 0.319746 0.319746 0.000000 0.000000 0.000000 0.000000 0.000000 0.000000 0.374750 0.440870 0.741370 0.245228 0.319746 0.319746 0.319746 0.319746 0.319746 0.319746 0.000000 0.000000 0.000000 0.000000 0.000000 0.000000 0.330046 0.630390 0.630949 0.601546 0.553217 0.000000 0.000000 1.036586 0.319746 0.000000 0.000000 0.000000 0.000000 0.000000 0.000000 0.000000 0.349254 0.000000 0.337237 0.351662 0.000000 0.585707 0.383602 0.094897 0.475050 0.349254 0.585490 0.642291 0.000000 0.000000 0.000000 0.000000 0.330046 0.330046 0.000000 0.383602 0.666354 0.398269 0.128161 0.337237 0.625421 0.627164 0.475050 0.000000 0.643318 0.497827 0.413980 0.109340 0.330046 0.330046 0.330046 0.330046 0.330046 0.533499 0.700105 0.094897 0.678181 0.534706 0.534706 0.475050 0.068724 0.357880 0.642291 0.234881 0.152288 0.563244 0.410621 0.296780 0.330046 0.330046 0.330046 0.330046 0.138778 0.518232 0.326644 0.561054 0.161262 0.245228 0.242320 0.750749 0.298164 0.000000 0.585185 0.604480 0.284450 0.885342 0.601897 0.472435 0.010644 0.330046 0.330046 0.560438 0.714610 0.582694 0.138778 0.284450 0.561054 0.643318 0.698983 0.583260 0.298164 0.643739 0.000000 0.296780 0.585707 0.234881 0.168999 0.296780 0.010644 0.330046 0.330046 0.524540 0.599998 0.597993 0.599998 0.398269 0.541487 0.885342 0.618685 0.631417 0.530696 0.298164 0.553707 0.599188 0.587643 0.518634 0.459645 0.586038 0.330046 0.330046 0.330046 0.138778 0.509232 0.652996 0.138778 0.138778 0.532994 0.604977 0.227521 0.530696 0.728721 0.298164 0.493717 0.531946 0.600485 0.346393 0.531946 0.296780 0.330046 0.330046 0.599998 0.545134 0.650050 0.578869 0.598169 0.138778 0.138778 0.163564 0.109340 0.534706 0.585707 0.193784 0.637274 0.165884 0.511819 0.516140 0.580976 0.590382 0.330046 0.330046 0.643697 0.542199 0.650050 0.138778 0.610045 0.138778 0.138778 0.600332 0.516140 0.035246 0.550702 0.114247 0.759164 0.596358 0.517962 0.109340 0.168999 0.518634 0.330046 0.330046 0.138778 0.649931 0.652996 0.138778 0.524540 0.599998 0.204900 0.060348 0.346393 0.577165 0.573740 0.553217 0.245228 0.518634 0.060348 0.346393 0.168999 0.442529 0.330046 0.330046 0.330046 0.138778 0.599998 0.599998 0.652996 0.643697 0.573301 0.131845 0.516140 0.597562 0.599188 0.603324 0.109340 0.521209 0.593433 0.346393 0.583295 0.516140 0.330046 0.330046 0.202430 0.202430 0.202430 0.202430 0.649931 0.522894 0.599993 0.599998 0.599998 0.060348 0.296780 0.165884 0.564337 0.165884 0.296780 0.204900 0.168999 0.544574 0.330046 0.330046 0.202430 0.634100 0.306606 0.588916 0.202430 0.202430 0.202430 0.138778 0.138778 0.652996 0.109340 0.296780 0.600218 0.109340 0.442529 0.531946 0.595791 0.608912 0.130720 0.202430 0.330046 0.567250 0.645714 0.532847 0.401241 0.396556 0.202430 0.202430 0.597997 0.652996 0.164311 0.442529 0.164311 0.131845 0.517962 0.549731 0.369010 0.571549 