Releaseoutput64/1/RelativeDensity_20.asc
ncols  20
nrows  20
xllcorner  0
yllcorner  0
cellsize  30
NODATA_value  -9999
0.000000 0.000000 0.000000 0.000000 0.000000 0.000000 0.000000 0.000000 0.000000 0.000000 0.000000 0.000000 0.000000 0.000000 0.000000 0.000000 0.424981 0.482780 0.470957 0.000000 0.000000 0.000000 0.000000 0.000000 0.000000 0.000000 0.000000 0.000000 0.000000 0.000000 0.000000 0.000000 0.000000 0.000000 0.000000 0.000000 0.482780 0.424981 0.000000 0.000000 0.000000 0.000000 0.482780 0.482780 0.482780 0.000000 0.000000 0.000000 0.000000 0.000000 0.000000 0.000000 0.000000 0.482780 0.482780 0.482780 0.470957 0.424981 0.482780 0.470957 0.000000 0.482780 0.445220 0.470957 0.445220 0.482780 0.482780 0.482780 0.470957 0.470957 0.482780 0.482780 0.482780 0.482780 0.000000 0.000000 0.000000 0.000000 0.000000 0.000000 0.482780 0.482780 0.482780 0.482780 0.482780 0.482780 0.482780 0.482780 0.424981 0.445220 0.000000 0.000000 0.000000 0.000000 0.000000 0.000000 0.522039 0.656585 0.735249 0.297843 0.424981 0.482780 0.482780 0.424981 0.424981 0.482780 0.000000 0.000000 0.000000 0.000000 0.000000 0.000000 0.732963 0.554508 0.649611 0.710503 0.625545 0.000000 0.000000 0.645258 0.482780 0.000000 0.000000 0.000000 0.000000 0.000000 0.000000 0.000000 0.567909 0.000000 0.441212 0.413248 0.000000 0.700220 0.569715 0.117356 0.601226 0.567909 0.623991 0.717258 0.000000 0.000000 0.000000 0.000000 0.732528 0.732963 0.000000 0.569715 0.730584 0.548578 0.174996 0.441212 0.634509 0.624387 0.601226 0.000000 0.742793 0.533781 0.580512 0.190670 0.732899 0.728604 0.715659 0.633309 0.732963 0.538826 0.783041 0.117356 0.716079 0.560588 0.654790 0.601226 0.276864 0.533130 0.753211 0.298222 0.248965 0.578781 0.490267 0.414413 0.732963 0.732963 0.732963 0.732963 0.270446 0.640797 0.428378 0.536602 0.215439 0.297843 0.343206 0.664635 0.345665 0.000000 0.637249 0.596787 0.404647 0.729028 0.530603 0.559734 0.023645 0.732963 0.732963 0.631446 0.708131 0.655665 0.270446 0.404647 0.536602 0.744843 0.700101 0.751386 0.345665 0.653736 0.000000 0.414413 0.616285 0.298222 0.262481 0.414413 0.023645 0.732963 0.732963 0.649580 0.618097 0.618097 0.618097 0.548578 0.634509 0.729028 0.647481 0.705292 0.613223 0.345665 0.595313 0.602740 0.562421 0.559070 0.572872 0.518836 0.675164 0.732963 0.732963 0.270446 0.645131 0.591430 0.270446 0.270446 0.558496 0.720143 0.445742 0.634663 0.745362 0.345665 0.650164 0.471863 0.603708 0.485935 0.555798 0.414413 0.732963 0.732528 0.649580 0.649698 0.697781 0.618097 0.618034 0.270446 0.270446 0.215752 0.190670 0.581333 0.662010 0.263245 0.667013 0.206454 0.591618 0.598495 0.593538 0.559496 0.732963 0.732963 0.660007 0.654722 0.697781 0.270446 0.660007 0.270446 0.270446 0.550864 0.602956 0.051859 0.636462 0.172632 0.742086 0.576010 0.604885 0.190670 0.262481 0.583448 0.732963 0.732963 0.270446 0.635823 0.633998 0.270446 0.650645 0.644794 0.276912 0.071862 0.474113 0.558885 0.571391 0.753251 0.297843 0.499513 0.071862 0.417958 0.262481 0.573871 0.728667 0.732963 0.732963 0.270446 0.638148 0.642548 0.633998 0.660007 0.655657 0.362144 0.582990 0.610995 0.602740 0.602740 0.190670 0.596049 0.507908 0.480613 0.600269 0.549569 0.732963 0.732963 0.267663 0.267663 0.267663 0.267663 0.635823 0.657516 0.631510 0.655657 0.618097 0.071862 0.414413 0.206454 0.547086 0.206454 0.414413 0.276912 0.262481 0.566936 0.732899 0.732899 0.267663 0.650650 0.576873 0.705216 0.267663 0.267663 0.267663 0.270446 0.270446 0.633998 0.190670 0.414413 0.535746 0.190670 0.519084 0.555798 0.622331 0.620150 0.391966 0.267663 0.732963 0.503248 0.620370 0.748968 0.635959 0.544738 0.267663 0.267663 0.618097 0.633998 0.182030 0.471336 0.182030 0.362144 0.604885 0.524964 0.545935 0.616474 