Releaseoutput64/1/RelativeDensity_120.asc
ncols  20
nrows  20
xllcorner  0
yllcorner  0
cellsize  30
NODATA_value  -9999
0.000000 0.000000 0.000000 0.000000 0.000000 0.000000 0.000000 0.000000 0.000000 0.000000 0.000000 0.000000 0.000000 0.000000 0.000000 0.000000 0.603141 0.603141 0.494632 0.000000 0.000000 0.000000 0.000000 0.000000 0.000000 0.000000 0.000000 0.000000 0.000000 0.000000 0.000000 0.000000 0.000000 0.000000 0.000000 0.000000 0.603141 0.593558 0.000000 0.000000 0.000000 0.000000 0.603141 0.494632 0.504215 0.000000 0.000000 0.000000 0.000000 0.000000 0.000000 0.000000 0.000000 0.504215 0.494632 0.494632 0.494632 0.603141 0.603141 0.494632 0.000000 0.395706 0.504215 0.494632 0.504215 0.405288 0.603141 0.504215 0.494632 0.593558 0.504215 0.504215 0.494632 0.504215 0.000000 0.000000 0.000000 0.000000 0.000000 0.000000 0.494632 0.504215 0.504215 0.504215 0.593558 0.504215 0.603141 0.494632 0.494632 0.494632 0.000000 0.000000 0.000000 0.000000 0.000000 0.000000 0.522410 0.742517 0.116718 0.344653 0.593558 0.504215 0.504215 0.593558 0.504215 0.504215 0.000000 0.000000 0.000000 0.000000 0.000000 0.000000 0.592908 0.220511 0.098238 0.628707 0.312532 0.000000 0.000000 0.213389 0.603141 0.000000 0.000000 0.000000 0.000000 0.000000 0.000000 0.000000 0.542718 0.000000 0.577535 0.611217 0.000000 0.550373 0.655274 0.114679 0.564638 0.484268 0.347620 0.089170 0.000000 0.000000 0.000000 0.000000 0.592908 0.395272 0.000000 0.725484 0.114679 0.372211 0.220511 0.577504 0.335190 0.000000 0.337868 0.000000 0.000000 0.098926 0.296129 0.459026 0.493981 0.493981 0.493981 0.592908 0.493981 0.324507 0.000000 0.114679 0.412833 0.545861 0.560538 0.229359 0.592257 0.411025 0.275988 0.433186 0.443699 0.601949 0.621823 0.338683 0.494198 0.395272 0.494198 0.493981 0.572845 0.425218 0.616474 0.207993 0.560417 0.344653 0.666047 0.000000 0.574924 0.000000 0.000000 0.207436 0.634006 0.112002 0.000000 0.114679 0.217018 0.592908 0.493981 0.197853 0.234105 0.098926 0.490690 0.786576 0.207993 0.228719 0.230263 0.439687 0.678921 0.098926 0.000000 0.452723 0.592478 0.433186 0.553023 0.452723 0.217018 0.395272 0.592908 0.296779 0.143419 0.143419 0.133525 0.639635 0.555701 0.000000 0.231397 0.194157 0.566618 0.566919 0.000000 0.098926 0.357114 0.119426 0.344943 0.411025 0.592908 0.494198 0.493981 0.468848 0.222630 0.493764 0.483858 0.528437 0.433211 0.385957 0.605304 0.572788 0.000000 0.557468 0.197853 0.335190 0.133572 0.224003 0.000000 0.343399 0.493981 0.493981 0.242392 0.375917 0.538572 0.197853 0.098926 0.468848 0.468678 0.452111 0.541181 0.632171 0.322672 0.662307 0.000000 0.324507 0.000000 0.376343 0.133723 0.119426 0.395489 0.592908 0.494198 0.242392 0.493376 0.468848 0.494198 0.535098 0.528266 0.395489 0.374304 0.220714 0.390663 0.567492 0.226681 0.000000 0.000000 0.541181 0.553023 0.231428 0.493981 0.494198 0.528437 0.493981 0.494198 0.468678 0.296779 0.098926 0.463464 0.089144 0.228719 0.119426 0.226681 0.435540 0.344653 0.231428 0.089144 0.324507 0.532036 0.285811 0.395272 0.395055 0.494198 0.468848 0.000000 0.098926 0.493981 0.493981 0.197853 0.404638 0.233436 0.197853 0.197853 0.098926 0.376871 0.341360 0.338772 0.452723 0.367173 0.259625 0.494198 0.395272 0.671756 0.619426 0.775752 0.671756 0.592908 0.197853 0.197853 0.098926 0.000000 0.089144 0.345437 0.324507 0.000000 0.324507 0.460116 0.582890 0.441022 0.333355 0.493981 0.493981 0.515429 0.457034 0.666362 0.324163 0.619426 0.612202 0.482503 0.468848 0.342114 0.494198 0.459026 0.450684 0.119426 0.459026 0.493849 0.223188 0.178343 0.000000 0.582394 0.606444 0.395272 0.460756 0.000000 0.458981 0.529008 0.612628 0.619426 0.801455 0.197853 0.493981 0.241919 0.518495 0.241919 0.503347 0.000000 0.348525 0.112002 0.000000 