Releaseoutput64/1/RelativeDensity_140.asc
ncols  20
nrows  20
xllcorner  0
yllcorner  0
cellsize  30
NODATA_value  -9999
0.000000 0.000000 0.000000 0.000000 0.000000 0.000000 0.000000 0.000000 0.000000 0.000000 0.000000 0.000000 0.000000 0.000000 0.000000 0.000000 0.114679 0.114679 0.000000 0.000000 0.000000 0.000000 0.000000 0.000000 0.000000 0.000000 0.000000 0.000000 0.000000 0.000000 0.000000 0.000000 0.000000 0.000000 0.000000 0.000000 0.114679 0.000000 0.000000 0.000000 0.000000 0.000000 0.114679 0.000000 0.114679 0.000000 0.000000 0.000000 0.000000 0.000000 0.000000 0.000000 0.000000 0.114679 0.000000 0.000000 0.000000 0.114679 0.114679 0.000000 0.000000 0.000000 0.114679 0.000000 0.114679 0.114679 0.114679 0.114679 0.000000 0.000000 0.114679 0.114679 0.000000 0.114679 0.000000 0.000000 0.000000 0.000000 0.000000 0.000000 0.000000 0.114679 0.114679 0.114679 0.000000 0.114679 0.114679 0.000000 0.000000 0.000000 0.000000 0.000000 0.000000 0.000000 0.000000 0.000000 0.546907 0.465502 0.119426 0.355065 0.000000 0.114679 0.114679 0.000000 0.114679 0.114679 0.000000 0.000000 0.000000 0.000000 0.000000 0.000000 0.000000 0.231397 0.108509 0.238852 0.118262 0.000000 0.000000 0.118262 0.114679 0.000000 0.000000 0.000000 0.000000 0.000000 0.000000 0.000000 0.553802 0.000000 0.593616 0.664210 0.000000 0.577883 0.573664 0.118262 0.586184 0.452167 0.356825 0.044591 0.000000 0.000000 0.000000 0.000000 0.000000 0.000000 0.000000 0.559193 0.118262 0.280731 0.231397 0.593627 0.349659 0.000000 0.351202 0.000000 0.000000 0.000000 0.000000 0.522004 0.000000 0.000000 0.000000 0.000000 0.000000 0.343399 0.000000 0.118262 0.445219 0.575206 0.583596 0.236523 0.000000 0.118262 0.237688 0.349022 0.464338 0.581960 0.638057 0.351697 0.000000 0.000000 0.000000 0.000000 0.629517 0.334775 0.666384 0.224003 0.583764 0.355065 0.696644 0.000000 0.592032 0.000000 0.000000 0.114679 0.569265 0.116718 0.000000 0.118262 0.229359 0.000000 0.000000 0.000000 0.239221 0.000000 0.531279 0.716195 0.224003 0.236144 0.237020 0.098926 0.587316 0.000000 0.000000 0.469579 0.620961 0.349022 0.579512 0.469579 0.229359 0.000000 0.000000 0.000000 0.044565 0.044565 0.133709 0.572149 0.581056 0.000000 0.237688 0.214956 0.587336 0.587316 0.000000 0.000000 0.362221 0.120960 0.355281 0.118262 0.000000 0.000000 0.000000 0.517515 0.222875 0.000000 0.540387 0.472976 0.354785 0.000000 0.609388 0.590918 0.000000 0.581937 0.000000 0.349659 0.133723 0.233436 0.000000 0.354405 0.000000 0.000000 0.044579 0.178288 0.000000 0.000000 0.000000 0.517515 0.517464 0.469115 0.522004 0.676640 0.342265 0.694349 0.000000 0.343399 0.000000 0.337779 0.133769 0.120960 0.000000 0.000000 0.000000 0.044579 0.098926 0.517515 0.000000 0.531279 0.584926 0.000000 0.336614 0.231428 0.355949 0.587843 0.234979 0.000000 0.000000 0.620243 0.579512 0.237677 0.000000 0.000000 0.584978 0.000000 0.000000 0.517464 0.000000 0.000000 0.475744 0.089178 0.236144 0.120960 0.234979 0.241262 0.355065 0.237677 0.089178 0.343399 0.452111 0.242444 0.000000 0.000000 0.000000 0.517515 0.000000 0.000000 0.000000 0.000000 0.000000 0.114679 0.238852 0.000000 0.000000 0.000000 0.423766 0.353241 0.351699 0.469579 0.372625 0.218353 0.000000 0.000000 0.749518 0.668957 0.757524 0.537013 0.000000 0.000000 0.000000 0.000000 0.000000 0.089178 0.355570 0.343399 0.000000 0.343399 0.473832 0.596704 0.462794 0.348525 0.000000 0.000000 0.556955 0.472001 0.568885 0.239714 0.668957 0.664444 0.537013 0.517515 0.374686 0.000000 0.522004 0.468415 0.120960 0.522004 0.308410 0.232941 0.044591 0.000000 0.496595 0.660952 0.000000 0.474211 0.000000 0.120302 0.565364 0.588220 0.668957 0.668957 0.000000 0.000000 0.243642 0.287035 0.243642 0.114679 0.000000 0.357322 0.116718 0.000000 