Releaseoutput64/1/TotalCarbon_50.asc
ncols  20
nrows  20
xllcorner  0
yllcorner  0
cellsize  30
NODATA_value  -9999
0.000000 0.000000 0.000000 0.000000 0.000000 0.000000 0.000000 0.000000 0.000000 0.000000 0.000000 0.000000 0.000000 0.000000 0.000000 0.000000 10.302093 10.302093 9.836278 0.000000 0.000000 0.000000 0.000000 0.000000 0.000000 0.000000 0.000000 0.000000 0.000000 0.000000 0.000000 0.000000 0.000000 0.000000 0.000000 0.000000 12.100933 9.644926 0.000000 0.000000 0.000000 0.000000 12.100933 11.443766 12.100933 0.000000 0.000000 0.000000 0.000000 0.000000 0.000000 0.000000 0.000000 10.493445 12.100933 12.100933 11.443766 11.909580 10.302093 11.443766 0.000000 12.100933 12.100933 8.037437 12.100933 10.493445 10.302093 10.493445 11.443766 9.644926 12.100933 12.100933 11.443766 12.100933 0.000000 0.000000 0.000000 0.000000 0.000000 0.000000 12.100933 12.100933 12.100933 12.100933 9.644926 12.100933 12.100933 11.443766 8.037437 10.302093 0.000000 0.000000 0.000000 0.000000 0.000000 0.000000 12.568809 14.082701 13.065307 8.219533 9.644926 12.100933 12.100933 11.909580 10.302093 12.100933 0.000000 0.000000 0.000000 0.000000 0.000000 0.000000 14.100109 13.684295 12.109068 14.083445 13.636515 0.000000 0.000000 14.342744 10.302093 0.000000 0.000000 0.000000 0.000000 0.000000 0.000000 0.000000 12.697104 0.000000 14.118468 9.748682 0.000000 10.265648 12.536921 3.246281 12.436113 12.896832 15.028502 12.667947 0.000000 0.000000 0.000000 0.000000 14.986054 13.672872 0.000000 10.044893 14.326723 14.404458 5.394418 14.118468 12.597016 11.577016 11.778946 0.000000 14.263718 14.258971 11.897674 6.928398 13.672872 13.699821 13.672872 14.100109 13.672872 11.051279 13.627662 3.246281 13.421596 11.299767 11.662418 14.457604 11.818641 11.953660 11.848999 8.782701 9.350385 12.292497 11.089149 10.309261 14.100109 12.359690 14.986054 14.291461 8.386671 11.910847 12.917501 12.343460 7.111098 8.219533 11.399772 15.048060 9.884584 0.000000 11.317867 14.072171 8.795429 13.029004 10.034990 11.485900 1.314334 13.672872 14.291461 12.685681 13.394893 13.546259 8.411185 10.612989 12.343460 13.718831 12.483598 13.049487 9.884584 10.950041 0.000000 10.498402 12.094569 8.782701 8.313466 10.071735 1.314334 13.672872 13.672872 12.385650 11.447388 11.822654 12.413632 11.824175 12.888233 12.073346 14.205532 12.946983 11.959130 9.884584 9.594262 11.133954 11.857046 12.032016 11.326010 9.330944 13.614451 13.672872 14.986054 6.060441 11.847019 12.407250 8.411185 7.859281 13.221988 12.367394 9.789847 13.521148 11.683549 9.884584 10.526453 10.671775 10.838560 10.660660 9.884709 9.954033 13.672872 14.100109 12.123489 12.474793 11.824313 12.693120 13.068386 7.988920 8.411185 6.756205 6.928398 11.225307 10.017157 9.201481 11.460898 5.976082 11.141394 9.647056 11.025436 11.567239 13.672872 14.100109 12.301269 13.046879 10.293493 8.341597 12.301269 8.386671 8.411185 11.516507 9.168044 1.953837 14.621763 6.599296 14.676020 11.606940 11.949947 5.129558 7.751216 8.983428 14.585767 13.672872 8.386671 11.388374 11.388374 8.411185 12.987080 11.269546 9.135657 1.602246 10.664302 11.944763 12.210429 14.209828 8.219533 10.821006 1.602246 9.950826 7.258548 11.267940 13.672872 13.672872 12.359690 7.859281 11.460898 11.153428 12.701557 12.301269 12.760916 8.536261 12.402656 10.710366 11.049135 11.133954 6.928398 11.127233 11.560292 10.592864 12.222651 9.177686 14.100109 12.359690 7.470628 9.492120 9.409870 7.509366 11.388374 12.760916 12.877033 12.877033 13.068386 1.602246 11.258987 5.976082 9.906583 5.976082 9.954033 9.135657 8.313466 9.931808 14.291461 14.291461 9.492120 11.128410 13.512653 12.538722 9.492120 9.492120 9.094369 7.789693 7.597301 11.388374 6.928398 9.779177 12.580541 4.926691 10.533812 9.754855 10.007122 12.524192 10.600253 9.492120 14.986054 12.123171 13.714625 13.603067 10.581130 12.457380 9.492120 7.470628 12.760916 12.701557 4.745923 10.457386 4.745923 10.451219 11.705423 11.931895 12.547984 11.838405 