Releaseoutput64/1/TotalBio_130.asc
ncols  20
nrows  20
xllcorner  0
yllcorner  0
cellsize  30
NODATA_value  -9999
0.000000 0.000000 0.000000 0.000000 0.000000 0.000000 0.000000 0.000000 0.000000 0.000000 0.000000 0.000000 0.000000 0.000000 0.000000 0.000000 4.979513 4.979513 0.000000 0.000000 0.000000 0.000000 0.000000 0.000000 0.000000 0.000000 0.000000 0.000000 0.000000 0.000000 0.000000 0.000000 0.000000 0.000000 0.000000 0.000000 4.979513 0.000000 0.000000 0.000000 0.000000 0.000000 4.979513 0.000000 4.979513 0.000000 0.000000 0.000000 0.000000 0.000000 0.000000 0.000000 0.000000 4.979513 0.000000 0.000000 0.000000 4.979513 4.979513 0.000000 0.000000 0.000000 4.979513 0.000000 4.979513 4.979513 4.979513 4.979513 0.000000 0.000000 4.979513 4.979513 0.000000 4.979513 0.000000 0.000000 0.000000 0.000000 0.000000 0.000000 0.000000 4.979513 4.979513 4.979513 0.000000 4.979513 4.979513 0.000000 0.000000 0.000000 0.000000 0.000000 0.000000 0.000000 0.000000 0.000000 23.274714 20.527839 5.407643 15.936940 0.000000 4.979513 4.979513 0.000000 4.979513 4.979513 0.000000 0.000000 0.000000 0.000000 0.000000 0.000000 12.374932 10.140684 4.449810 19.065240 5.300947 0.000000 0.000000 9.425924 4.979513 0.000000 0.000000 0.000000 0.000000 0.000000 0.000000 0.000000 24.232070 0.000000 26.722857 27.820788 0.000000 25.306842 30.100654 5.300947 26.049531 21.566126 16.090506 1.691551 0.000000 0.000000 0.000000 0.000000 12.374932 8.249954 0.000000 23.667091 5.300947 12.259921 10.140684 26.720492 15.441630 0.000000 15.581406 0.000000 0.000000 0.000000 12.374932 20.619671 12.374932 12.374932 12.374932 12.374932 12.374932 14.886606 0.000000 5.300947 18.843161 25.073252 25.841262 10.601894 24.749863 13.550901 10.708590 15.395706 20.421143 25.670158 28.398760 15.623289 8.249954 8.249954 8.249954 12.374932 24.092844 13.184713 28.116762 9.491846 25.828786 15.936940 30.661686 0.000000 26.588708 0.000000 0.000000 4.979513 28.999329 5.161171 0.000000 5.300947 9.959025 12.374932 12.374932 0.000000 10.850731 0.000000 20.457723 30.161177 9.491846 10.568814 10.649783 5.803061 26.173460 0.000000 0.000000 20.891156 26.871499 15.395706 25.442538 20.891156 9.959025 8.249954 12.374932 0.000000 1.688828 1.688828 5.067957 24.806583 25.582314 0.000000 10.708590 8.796292 26.152585 26.173460 0.000000 0.000000 16.588181 5.549784 15.950730 13.550901 12.374932 8.249954 12.374932 19.346921 8.449364 16.499908 20.715141 17.660769 19.286429 1.691795 23.958334 26.474020 0.000000 25.678231 0.000000 15.441630 5.069428 10.322342 0.000000 15.869761 12.374932 12.374932 1.690300 6.758256 12.374932 0.000000 0.000000 19.346921 19.341522 20.862156 24.254792 28.905515 14.792792 30.470116 0.000000 14.886606 0.000000 16.618347 5.074209 5.549784 4.124977 12.374932 8.249954 1.690300 16.486198 19.346921 8.249954 20.457723 22.401293 4.124977 16.511651 10.153566 17.701331 26.198110 10.462118 0.000000 0.000000 24.254792 25.442538 10.710955 12.374932 8.249954 22.406691 12.374932 8.249954 19.341522 0.000000 0.000000 21.452624 3.382658 10.568814 5.549784 10.462118 11.038396 15.936940 10.710955 3.382658 14.886606 19.383400 9.914084 8.249954 12.374932 8.249954 19.346921 0.000000 0.000000 12.374932 12.374932 0.000000 17.354444 10.815286 0.000000 0.000000 0.000000 16.984551 15.763064 15.629296 20.891156 15.889939 11.210704 8.249954 8.249954 30.339988 28.248918 31.004366 21.808633 12.374932 0.000000 0.000000 0.000000 0.000000 3.382658 15.976457 14.886606 0.000000 14.886606 21.277404 27.002408 20.281367 15.347816 12.374932 12.374932 23.502996 21.117908 30.336448 10.896798 28.248918 27.880654 21.808633 19.346921 14.020249 8.249954 20.619671 20.784459 5.549784 20.619671 12.982981 10.280459 5.075140 0.000000 20.075938 27.584541 8.249954 21.310483 0.000000 17.863544 24.196794 27.916976 28.248918 32.330464 0.000000 12.374932 11.260907 13.297430 11.260907 21.479421 0.000000 16.138396 5.161171 0.000000 