Releaseoutput64/1/TotalCarbon_150.asc
ncols  20
nrows  20
xllcorner  0
yllcorner  0
cellsize  30
NODATA_value  -9999
0.000000 0.000000 0.000000 0.000000 0.000000 0.000000 0.000000 0.000000 0.000000 0.000000 0.000000 0.000000 0.000000 0.000000 0.000000 0.000000 2.650473 2.650473 0.000000 0.000000 0.000000 0.000000 0.000000 0.000000 0.000000 0.000000 0.000000 0.000000 0.000000 0.000000 0.000000 0.000000 0.000000 0.000000 0.000000 0.000000 2.650473 0.000000 0.000000 0.000000 0.000000 0.000000 2.650473 0.000000 2.650473 0.000000 0.000000 0.000000 0.000000 0.000000 0.000000 0.000000 0.000000 2.650473 0.000000 0.000000 0.000000 2.650473 2.650473 0.000000 0.000000 0.000000 2.650473 0.000000 2.650473 2.650473 2.650473 2.650473 0.000000 0.000000 2.650473 2.650473 0.000000 2.650473 0.000000 0.000000 0.000000 0.000000 0.000000 0.000000 0.000000 2.650473 2.650473 2.650473 0.000000 2.650473 2.650473 0.000000 0.000000 0.000000 0.000000 0.000000 0.000000 0.000000 0.000000 0.000000 12.270325 10.779660 2.774892 8.240592 0.000000 2.650473 2.650473 0.000000 2.650473 2.650473 0.000000 0.000000 0.000000 0.000000 0.000000 0.000000 0.000000 5.354295 2.489756 5.549784 2.744306 0.000000 0.000000 2.744306 2.650473 0.000000 0.000000 0.000000 0.000000 0.000000 0.000000 0.000000 8.263504 0.000000 13.782403 12.791157 0.000000 13.370145 13.260043 2.744306 13.587485 8.192434 8.286538 0.000000 0.000000 0.000000 0.000000 0.000000 0.000000 0.000000 0.000000 12.881986 2.744306 6.324611 5.354295 13.782553 8.098601 0.000000 8.139086 0.000000 0.000000 0.000000 0.000000 11.919079 0.000000 0.000000 0.000000 0.000000 0.000000 7.934880 0.000000 2.744306 10.253618 13.300257 13.520600 5.488612 0.000000 2.744306 5.519198 8.082333 10.749074 13.476841 13.778387 8.151949 0.000000 0.000000 0.000000 0.000000 11.790750 6.807546 10.153566 5.161171 13.523967 8.240592 16.127857 0.000000 13.741211 0.000000 0.000000 2.650473 13.144998 2.703822 0.000000 2.744306 5.300947 0.000000 0.000000 0.000000 5.559533 0.000000 9.565845 15.474037 5.161171 5.478714 5.501747 0.000000 13.617975 0.000000 0.000000 10.886357 13.330843 8.082333 13.412412 10.886357 5.300947 0.000000 0.000000 0.000000 0.845554 0.845554 2.536883 13.220470 13.452896 0.000000 5.519198 4.928727 13.617649 13.617975 0.000000 0.000000 8.428379 2.815227 8.246053 2.744306 0.000000 0.000000 0.000000 9.210164 4.228556 0.000000 10.945600 8.365014 8.232918 0.000000 12.071990 13.711482 0.000000 13.476615 0.000000 8.098601 2.537105 5.407643 0.000000 8.223020 0.000000 0.000000 0.845775 3.382658 0.000000 0.000000 0.000000 9.210164 10.055314 10.874676 11.919079 15.605351 7.905477 16.068282 0.000000 7.934880 0.000000 5.549784 0.845897 2.815227 0.000000 0.000000 0.000000 0.845775 0.000000 9.210164 0.000000 9.565845 11.790750 0.000000 5.519198 5.355478 8.263504 13.630934 5.448128 0.000000 0.000000 14.143984 13.412412 5.519048 0.000000 0.000000 10.945600 0.000000 0.000000 10.055314 0.000000 0.000000 11.048145 0.845897 5.478714 2.815227 5.448128 5.613153 8.240592 5.519048 0.845897 7.934880 10.431078 0.000000 0.000000 0.000000 0.000000 9.210164 0.000000 0.000000 0.000000 0.000000 0.000000 2.650473 5.549784 0.000000 0.000000 0.000000 9.694174 8.192434 8.152221 10.886357 5.549784 2.774892 0.000000 0.000000 17.168739 15.405332 17.376363 12.306021 0.000000 0.000000 0.000000 0.000000 0.000000 0.845897 8.253606 7.934880 0.000000 7.934880 10.997912 13.863372 10.708590 8.069198 0.000000 0.000000 12.824747 10.950146 10.896255 5.572506 15.405332 15.288537 12.306021 9.210164 6.985259 0.000000 11.919079 10.855771 2.815227 11.919079 2.797926 5.394780 0.000000 0.000000 10.371845 15.197708 0.000000 11.007810 0.000000 2.797926 13.042703 13.640561 15.405332 15.405332 0.000000 0.000000 5.675826 0.000000 5.675826 2.650473 0.000000 8.299673 2.703822 0.000000 