Releaseoutput64/1/TotalBio_80.asc
ncols  20
nrows  20
xllcorner  0
yllcorner  0
cellsize  30
NODATA_value  -9999
0.000000 0.000000 0.000000 0.000000 0.000000 0.000000 0.000000 0.000000 0.000000 0.000000 0.000000 0.000000 0.000000 0.000000 0.000000 0.000000 22.939708 22.939708 23.870518 0.000000 0.000000 0.000000 0.000000 0.000000 0.000000 0.000000 0.000000 0.000000 0.000000 0.000000 0.000000 0.000000 0.000000 0.000000 0.000000 0.000000 22.939708 23.793041 0.000000 0.000000 0.000000 0.000000 22.939708 23.870518 23.017183 0.000000 0.000000 0.000000 0.000000 0.000000 0.000000 0.000000 0.000000 23.017183 23.870518 23.870518 23.870518 22.939708 22.939708 23.870518 0.000000 19.905010 23.017183 19.827535 23.017183 19.051677 22.939708 18.974200 23.870518 23.793041 23.017183 23.017183 23.870518 23.017183 0.000000 0.000000 0.000000 0.000000 0.000000 0.000000 19.827535 23.017183 18.974200 23.017183 23.793041 23.017183 22.939708 19.827535 19.827535 19.827535 0.000000 0.000000 0.000000 0.000000 0.000000 0.000000 25.565858 26.205798 24.888785 20.764029 23.793041 18.974200 23.017183 23.793041 18.974200 23.017183 0.000000 0.000000 0.000000 0.000000 0.000000 0.000000 27.429250 31.272998 26.581798 28.455971 28.334768 0.000000 0.000000 24.263706 22.939708 0.000000 0.000000 0.000000 0.000000 0.000000 0.000000 0.000000 29.178823 0.000000 26.056735 25.972813 0.000000 21.001222 26.990282 8.192812 30.683041 29.361585 25.193738 23.740805 0.000000 0.000000 0.000000 0.000000 27.429250 31.472232 0.000000 24.343183 32.795326 30.075136 14.901543 31.368218 19.078793 20.507258 22.830129 0.000000 28.568687 24.267915 23.749934 20.072792 27.506726 31.026930 31.472232 27.429250 27.506726 29.017437 24.640448 8.192812 29.545052 28.627811 31.200309 22.152633 22.979492 19.793612 26.460400 23.109850 29.743644 23.760483 25.420239 19.574320 27.429250 27.642317 31.472232 23.463743 18.626007 22.751846 29.761781 29.593526 22.515799 20.764029 29.930208 24.550241 23.618061 0.000000 20.482721 30.991908 28.146968 24.232586 12.333800 20.466710 6.224346 31.472232 23.463743 24.351543 21.422279 20.342290 14.583024 29.780718 25.468549 32.159026 24.777035 25.402886 23.618061 24.311660 0.000000 23.577706 30.633929 23.109850 21.556216 22.917156 6.224346 19.633827 31.472232 24.162037 17.858791 26.013041 27.003298 29.168473 29.912816 20.597465 24.834526 20.903110 27.693427 23.618061 20.438975 20.293215 18.829925 21.438290 20.712543 23.502305 23.386267 23.599334 27.429250 17.750750 20.506468 19.285168 16.944721 17.049284 31.517577 23.469497 21.868762 32.297919 24.588489 23.618061 20.103709 19.002298 17.069680 23.917284 20.545506 20.389009 27.506726 23.463743 21.784727 26.765028 21.109588 28.326242 28.472002 17.675673 17.675673 19.619488 17.941125 29.262222 25.845655 23.572261 20.395228 17.496883 20.302408 24.092138 17.319749 25.393950 27.642317 27.429250 23.386267 25.886801 23.018440 16.800418 19.556351 15.364245 18.521444 19.769419 21.561575 6.976866 30.695044 22.690321 28.262172 24.413674 16.420529 17.941125 22.285433 20.962144 31.472232 31.472232 14.583024 19.420760 19.556351 18.471175 28.180482 20.386036 22.203661 3.353738 16.239180 22.268288 28.300420 29.853682 20.764029 25.018837 3.353738 22.281109 21.072711 22.385688 23.676810 23.541219 23.599334 16.894453 24.506495 20.342290 19.420760 19.420760 28.350779 14.601919 18.787916 20.128246 24.340716 20.293215 20.393104 26.024287 21.433470 19.441902 18.030205 17.956176 27.429250 31.472232 17.629605 27.296740 24.878618 25.632168 23.386267 20.196530 24.351543 20.317752 24.385272 3.353738 16.646008 17.496883 16.420529 17.496883 20.727553 22.203661 20.731738 20.598832 23.463743 23.463743 27.296740 24.461673 30.821504 24.155222 27.296740 27.128476 20.868965 13.646972 15.213167 23.386267 14.118495 22.548891 21.238937 15.234307 22.647018 19.492154 22.637727 26.278789 19.650191 25.800431 27.506726 24.916979 28.718964 26.054210 29.177875 32.965862 27.296740 25.800431 28.350779 19.420760 10.601894 23.698514 10.601894 18.431834 20.463512 27.347544 27.665470 20.534679 