Releaseoutput64/1/TotalBio_90.asc
ncols  20
nrows  20
xllcorner  0
yllcorner  0
cellsize  30
NODATA_value  -9999
0.000000 0.000000 0.000000 0.000000 0.000000 0.000000 0.000000 0.000000 0.000000 0.000000 0.000000 0.000000 0.000000 0.000000 0.000000 0.000000 23.850035 23.850035 24.301643 0.000000 0.000000 0.000000 0.000000 0.000000 0.000000 0.000000 0.000000 0.000000 0.000000 0.000000 0.000000 0.000000 0.000000 0.000000 0.000000 0.000000 23.850035 24.257898 0.000000 0.000000 0.000000 0.000000 23.850035 24.301643 23.893782 0.000000 0.000000 0.000000 0.000000 0.000000 0.000000 0.000000 0.000000 23.893782 24.301643 24.301643 24.301643 23.850035 23.850035 24.301643 0.000000 20.258661 23.893782 20.214914 23.893782 19.850799 23.850035 19.807052 24.301643 24.257898 23.893782 23.893782 24.301643 23.893782 0.000000 0.000000 0.000000 0.000000 0.000000 0.000000 20.214914 23.893782 19.807052 23.893782 24.257898 23.893782 23.850035 20.214914 20.214914 20.214914 0.000000 0.000000 0.000000 0.000000 0.000000 0.000000 27.854671 28.226659 25.305139 21.792169 24.257898 19.807052 23.893782 24.257898 19.807052 23.893782 0.000000 0.000000 0.000000 0.000000 0.000000 0.000000 28.112199 32.387149 19.013254 29.551809 24.834211 0.000000 0.000000 24.863267 23.850035 0.000000 0.000000 0.000000 0.000000 0.000000 0.000000 0.000000 29.246556 0.000000 27.914755 22.494746 0.000000 23.393302 27.359614 8.574787 25.260641 31.185962 26.226643 23.897421 0.000000 0.000000 0.000000 0.000000 28.112199 32.198928 0.000000 25.879724 25.047275 30.999686 15.928372 33.350377 12.166476 20.597465 24.139932 0.000000 28.757212 24.525704 24.230320 16.823622 28.155945 31.942114 32.198928 28.112199 28.155945 23.190060 12.336683 8.574787 29.430350 26.981620 29.078531 18.813704 23.793041 20.535073 27.271197 20.341191 32.506411 25.990160 27.666364 20.862854 28.112199 24.190438 32.198928 24.069216 19.397514 23.630090 27.256202 26.769852 20.547520 21.792169 23.976561 24.684194 25.806640 0.000000 20.583754 24.126054 28.335773 12.331499 12.374932 16.783610 7.270242 32.198928 24.069216 24.572164 13.735958 20.504644 16.938553 29.680165 26.769852 29.386685 25.533545 25.897647 25.806640 24.550241 0.000000 25.240513 33.413695 20.341191 23.149998 25.371602 7.270242 20.103709 32.198928 24.465633 18.036147 22.122877 25.558343 30.456925 23.994409 8.249954 25.616262 13.645834 21.409192 25.806640 20.559217 20.477222 15.301854 17.536103 13.510868 16.423807 24.025470 24.146692 24.069216 18.252888 20.675837 19.905010 19.339130 19.397514 29.063770 23.744321 22.688958 26.305427 20.572927 25.806640 20.370691 20.389009 17.261575 20.461526 16.486198 21.527232 28.155945 24.069216 22.056854 22.955540 21.672786 28.620645 28.702640 19.540877 19.540877 21.178806 20.689549 30.974469 18.896689 23.643783 20.534679 19.078793 20.482721 23.260544 17.401100 21.581700 20.181185 28.112199 24.025470 18.008373 19.769419 16.768483 20.059963 17.251987 19.339130 20.181185 18.839454 7.858096 27.695592 25.158768 25.017553 24.607698 16.486198 20.689549 24.538365 17.492670 32.198928 28.112199 16.938553 19.982486 20.059963 16.226957 28.538651 20.529181 18.510601 3.367438 17.039174 17.522392 20.906287 30.525085 21.792169 17.454422 3.367438 23.476645 21.167277 15.161259 24.190438 24.112962 24.146692 19.227444 20.534679 20.504644 19.982486 19.982486 28.634356 15.531641 19.419197 20.384401 20.433476 20.477222 19.620554 22.845731 14.387286 21.101825 18.661569 18.514621 28.112199 32.198928 22.463578 25.203470 23.664436 28.723752 24.025470 20.422649 24.572164 20.490933 20.548390 3.367438 17.698368 19.078793 16.486198 19.078793 22.148178 23.671771 19.068453 20.261747 24.069216 24.069216 21.078493 25.925646 29.467412 24.725277 25.203470 24.901123 18.338601 16.455049 17.541292 24.025470 15.635438 20.329567 21.557163 16.848159 23.435230 16.307464 19.087909 22.264035 21.079834 27.114785 24.190438 22.220330 24.708731 26.764329 32.575682 31.399344 25.203470 29.026100 28.634356 19.982486 10.815286 24.269523 10.815286 19.497148 20.572927 26.401791 20.491247 12.347510 