Releaseoutput64/1/TotalBasal_AgeRange_110.asc
ncols  20
nrows  20
xllcorner  0
yllcorner  0
cellsize  30
NODATA_value  -9999
0.000000 0.000000 0.000000 0.000000 0.000000 0.000000 0.000000 0.000000 0.000000 0.000000 0.000000 0.000000 0.000000 0.000000 0.000000 0.000000 2.320577 2.320577 2.295931 0.000000 0.000000 0.000000 0.000000 0.000000 0.000000 0.000000 0.000000 0.000000 0.000000 0.000000 0.000000 0.000000 0.000000 0.000000 0.000000 0.000000 2.320577 2.294884 0.000000 0.000000 0.000000 0.000000 2.320577 2.295931 2.321625 0.000000 0.000000 0.000000 0.000000 0.000000 0.000000 0.000000 0.000000 2.321625 2.295931 2.295931 2.295931 2.320577 2.320577 2.295931 0.000000 1.913451 2.321625 1.912403 2.321625 1.939144 2.320577 1.938097 2.295931 2.294884 2.321625 2.321625 2.295931 2.321625 0.000000 0.000000 0.000000 0.000000 0.000000 0.000000 1.912403 2.321625 1.938097 2.321625 2.294884 2.321625 2.320577 1.912403 1.912403 1.912403 0.000000 0.000000 0.000000 0.000000 0.000000 0.000000 2.200890 2.855218 0.844594 1.348322 2.294884 1.938097 2.321625 2.294884 1.938097 2.321625 0.000000 0.000000 0.000000 0.000000 0.000000 0.000000 2.672783 1.222064 0.345691 2.448302 1.979708 0.000000 0.000000 1.211823 2.320577 0.000000 0.000000 0.000000 0.000000 0.000000 0.000000 0.000000 2.110954 0.000000 2.266577 2.205662 0.000000 2.091936 2.478426 0.447690 2.183030 1.985604 1.366682 1.332223 0.000000 0.000000 0.000000 0.000000 2.289254 2.293226 0.000000 2.994043 0.447690 1.939732 1.222064 2.750858 1.286226 0.000000 1.586257 0.000000 0.767056 1.533065 1.141813 1.933439 2.290302 2.290302 2.673830 2.289254 2.673830 1.218743 0.383528 0.447690 1.514678 2.063969 2.160063 0.895381 2.283625 1.591379 2.342011 1.664351 2.461457 2.418981 2.546890 1.308414 2.292179 2.293226 2.675707 2.290302 2.938124 2.166557 2.636157 1.143943 2.155466 1.348322 2.547332 0.383528 2.251041 0.000000 0.000000 1.174183 2.776628 0.430362 0.000000 0.447690 0.816348 3.056311 2.290302 0.764961 0.926772 0.766009 2.298176 3.037581 1.143943 1.274956 0.901663 1.807304 2.631249 1.149537 0.000000 1.752151 2.359843 1.664351 2.515607 2.213218 0.816348 1.909698 3.056311 1.530970 1.047268 1.430797 1.227975 2.414531 2.124762 0.000000 1.292285 0.686781 2.195670 2.200887 0.383528 0.766009 1.429464 0.479082 1.349353 1.591379 2.289254 2.292179 2.290302 2.554595 1.792199 1.904897 2.375581 2.658078 2.291816 1.712720 3.542974 2.665548 0.383528 2.138509 1.532018 1.286226 1.995700 1.627780 0.000000 1.339118 2.673830 2.290302 1.813946 2.274864 2.189443 1.532018 1.149537 2.557916 2.555464 1.750030 1.806330 2.335628 1.208105 2.525407 0.767056 1.218743 1.150585 1.581994 0.847291 0.862610 1.911574 2.672783 1.908650 1.046889 1.901547 2.174388 1.908650 2.578222 2.655626 1.911574 1.568619 0.841274 1.639055 2.201265 0.878052 1.150585 0.000000 1.806330 2.107433 0.909443 2.673830 2.292179 2.554595 1.906774 1.908650 2.555464 1.914498 0.382481 1.822153 0.564793 1.274956 0.479082 0.878052 2.482401 1.348322 1.292972 0.564793 1.602271 2.589895 1.319674 2.293226 2.291350 2.292179 2.557916 0.767056 0.766009 1.906774 1.906774 1.532018 1.549987 1.204835 1.532018 0.764961 0.766009 1.677020 2.375502 1.592540 1.752151 1.769625 1.120928 2.292179 2.293226 2.330104 2.258554 2.710311 2.710311 2.289254 1.148489 0.764961 0.766009 0.767056 0.564793 1.352494 1.218743 0.000000 1.218743 1.800185 2.301234 1.677072 1.275588 2.290302 2.290302 1.878346 1.781138 2.581048 2.446930 2.258554 2.217137 2.330104 2.430807 2.019000 2.289254 1.549911 2.146950 1.246138 1.549911 2.738623 0.855864 1.130384 0.666231 2.879101 2.182621 2.293226 1.804137 0.000000 2.279311 1.956970 2.486403 2.258554 2.867103 1.532018 1.906774 0.978809 2.549930 0.978809 1.930591 0.383528 1.372964 1.197418 0.000000 