Releaseoutput64/1/TotalBio_120.asc
ncols  20
nrows  20
xllcorner  0
yllcorner  0
cellsize  30
NODATA_value  -9999
0.000000 0.000000 0.000000 0.000000 0.000000 0.000000 0.000000 0.000000 0.000000 0.000000 0.000000 0.000000 0.000000 0.000000 0.000000 0.000000 25.370808 25.370808 20.624885 0.000000 0.000000 0.000000 0.000000 0.000000 0.000000 0.000000 0.000000 0.000000 0.000000 0.000000 0.000000 0.000000 0.000000 0.000000 0.000000 0.000000 25.370808 24.749863 0.000000 0.000000 0.000000 0.000000 25.370808 20.624885 21.245831 0.000000 0.000000 0.000000 0.000000 0.000000 0.000000 0.000000 0.000000 21.245831 20.624885 20.624885 20.624885 25.370808 25.370808 20.624885 0.000000 16.499908 21.245831 20.624885 21.245831 17.120854 25.370808 21.245831 20.624885 24.749863 21.245831 21.245831 20.624885 21.245831 0.000000 0.000000 0.000000 0.000000 0.000000 0.000000 20.624885 21.245831 21.245831 21.245831 24.749863 21.245831 25.370808 20.624885 20.624885 20.624885 0.000000 0.000000 0.000000 0.000000 0.000000 0.000000 22.382388 32.147237 5.300947 15.535482 24.749863 21.245831 21.245831 24.749863 21.245831 21.245831 0.000000 0.000000 0.000000 0.000000 0.000000 0.000000 24.708731 9.725436 4.081545 27.074381 13.411125 0.000000 0.000000 9.272437 25.370808 0.000000 0.000000 0.000000 0.000000 0.000000 0.000000 0.000000 23.796747 0.000000 26.097421 25.890179 0.000000 24.263998 28.778622 5.161171 25.221831 21.080135 15.729985 3.382902 0.000000 0.000000 0.000000 0.000000 24.708731 16.472487 0.000000 31.004366 5.161171 16.095736 9.725436 26.091414 14.886606 0.000000 15.068265 0.000000 0.000000 4.124977 12.333800 18.468982 20.583754 20.583754 20.583754 24.708731 20.583754 14.175246 0.000000 5.161171 17.702667 23.967885 24.972701 10.322342 24.667600 17.508681 12.153912 18.961943 19.632529 26.422972 27.766366 15.120196 20.597465 16.472487 20.597465 20.583754 22.212400 16.995814 26.353000 8.899620 24.933476 15.535482 29.502865 0.000000 25.931253 0.000000 0.000000 8.870900 27.380372 4.979513 0.000000 5.161171 9.491846 24.708731 20.583754 8.249954 10.649783 4.124977 19.100227 33.814745 8.899620 10.280459 10.387156 18.153212 30.381063 4.124977 0.000000 20.239485 25.798768 18.961943 24.430384 20.239485 9.491846 16.472487 24.708731 12.374932 5.811129 5.811129 5.061133 27.754866 24.612042 0.000000 10.462118 8.091686 25.354731 25.401551 0.000000 4.124977 16.384868 5.488612 15.548327 17.508681 24.708731 20.597465 20.583754 17.762590 8.440261 20.570043 18.840008 20.531115 18.866615 15.758277 23.800648 25.769979 0.000000 24.750610 8.249954 14.886606 5.063809 9.959025 0.000000 15.441630 20.583754 20.583754 9.938783 14.999916 22.275548 8.249954 4.124977 17.762590 17.752768 20.212875 21.581155 27.265917 14.060791 29.267623 0.000000 14.175246 0.000000 16.380174 5.072514 5.488612 16.486198 24.708731 20.597465 9.938783 20.545506 17.762590 20.597465 20.781512 20.521293 16.486198 16.240398 9.750757 17.314839 25.413538 10.140684 0.000000 0.000000 21.581155 24.430384 10.468125 20.583754 20.597465 20.531115 20.583754 20.597465 17.752768 12.374932 4.124977 20.972125 3.381407 10.280459 5.488612 10.140684 19.146209 15.535482 10.468125 3.381407 14.175246 23.085992 11.556360 16.472487 16.458777 20.597465 17.762590 0.000000 4.124977 20.583754 20.583754 8.249954 17.079723 10.601894 8.249954 8.249954 4.124977 15.356809 15.301854 15.133079 20.239485 15.675216 11.079227 20.597465 16.472487 27.599808 26.445203 32.049618 27.599808 24.708731 8.249954 8.249954 4.124977 0.000000 3.381407 15.581406 14.175246 0.000000 14.175246 20.742577 26.460737 19.450871 14.772152 20.583754 20.583754 21.995393 20.540722 29.529267 14.094544 26.445203 25.998778 19.883142 17.762590 12.959310 20.597465 18.468982 20.099709 5.488612 18.468982 20.385153 9.907094 6.766004 0.000000 23.704535 25.630513 16.472487 20.784459 0.000000 19.433237 22.841275 27.134089 26.445203 33.715444 8.249954 20.583754 11.191703 20.755790 11.191703 21.190989 0.000000 15.794799 4.979513 0.000000 