Releaseoutput64/1/TotalCarbon_0.asc
ncols  20
nrows  20
xllcorner  0
yllcorner  0
cellsize  30
NODATA_value  -9999
0.000000 0.000000 0.000000 0.000000 0.000000 0.000000 0.000000 0.000000 0.000000 0.000000 0.000000 0.000000 0.000000 0.000000 0.000000 0.000000 0.434781 0.434781 0.434781 0.000000 0.000000 0.000000 0.000000 0.000000 0.000000 0.000000 0.000000 0.000000 0.000000 0.000000 0.000000 0.000000 0.000000 0.000000 0.000000 0.000000 0.434781 0.434781 0.000000 0.000000 0.000000 0.000000 0.434781 0.434781 0.434781 0.000000 0.000000 0.000000 0.000000 0.000000 0.000000 0.000000 0.000000 0.434781 0.434781 0.434781 0.434781 0.434781 0.434781 0.434781 0.000000 0.434781 0.434781 0.434781 0.434781 0.434781 0.434781 0.434781 0.434781 0.434781 0.434781 0.434781 0.434781 0.434781 0.000000 0.000000 0.000000 0.000000 0.000000 0.000000 0.434781 0.434781 0.434781 0.434781 0.434781 0.434781 0.434781 0.434781 0.434781 0.434781 0.000000 0.000000 0.000000 0.000000 0.000000 0.000000 3.225700 0.894139 9.254312 2.690659 0.434781 0.434781 0.434781 0.434781 0.434781 0.434781 0.000000 0.000000 0.000000 0.000000 0.000000 0.000000 0.412579 7.284293 17.062075 1.457559 4.664813 0.000000 0.000000 20.708573 0.434781 0.000000 0.000000 0.000000 0.000000 0.000000 0.000000 0.000000 2.545785 0.000000 3.084136 5.259136 0.000000 4.675957 4.702278 0.995144 4.929216 2.545785 5.422143 4.349598 0.000000 0.000000 0.000000 0.000000 0.412579 0.412579 0.000000 4.702278 8.174245 3.321559 1.088814 3.084136 10.102879 11.640446 4.929216 0.000000 5.382503 3.122077 3.075728 0.622320 0.412579 0.412579 0.412579 0.412579 0.412579 6.840169 10.779463 0.995144 8.174245 4.938911 4.938911 4.929216 0.006341 1.776248 4.349598 2.666601 0.516339 12.365291 2.765762 2.422595 0.412579 0.412579 0.412579 0.412579 0.926561 4.958374 3.120395 5.660646 1.632484 2.690659 2.332465 9.254312 4.672866 0.000000 12.902655 6.840169 2.652700 23.154741 11.864952 4.266879 0.009671 0.412579 0.412579 4.958374 11.257184 4.958374 0.926561 2.652700 5.660646 5.382503 9.254312 6.371278 4.672866 3.696169 0.000000 2.422595 4.675957 2.666601 1.456199 2.422595 0.009671 0.412579 0.412579 4.958374 4.958374 4.958374 4.958374 3.321559 10.102879 23.154741 5.399125 19.341037 6.290377 4.672866 11.640446 5.149881 9.028103 9.028103 6.098150 1.308768 0.412579 0.412579 0.412579 0.926561 4.958374 2.800741 0.926561 0.926561 5.911337 6.371278 0.657367 6.290377 8.933045 4.672866 2.698089 8.652638 3.985858 2.088288 8.652638 2.422595 0.412579 0.412579 4.958374 4.958374 2.800741 4.958374 4.958374 0.926561 0.926561 1.401427 0.622320 4.938911 4.675957 1.906120 8.259940 1.855687 4.266879 4.975534 8.415615 5.857479 0.412579 0.412579 2.800741 4.958374 2.800741 0.926561 2.800741 0.926561 0.926561 1.308768 4.975534 0.203416 6.038386 0.659316 11.506843 5.474575 11.864952 0.622320 1.456199 9.028103 0.412579 0.412579 0.926561 2.800741 2.800741 0.926561 4.958374 4.958374 1.643334 0.593289 2.088288 9.028103 7.302436 4.664813 2.690659 9.028103 0.593289 2.088288 1.456199 5.000451 0.412579 0.412579 0.412579 0.926561 4.958374 4.958374 2.800741 2.800741 4.958374 0.485978 4.975534 3.132110 5.149881 5.149881 0.622320 5.177487 6.098150 2.088288 8.415615 4.975534 0.412579 0.412579 2.430524 2.430524 2.430524 2.430524 2.800741 4.958374 4.958374 4.958374 4.958374 0.593289 2.422595 1.855687 11.864952 1.855687 2.422595 1.643334 1.456199 7.008719 0.412579 0.412579 2.430524 7.371196 1.707020 6.923348 2.430524 2.430524 2.430524 0.926561 0.926561 2.800741 0.622320 2.422595 5.857479 0.622320 5.000451 8.652638 9.120273 7.032976 0.132425 2.430524 0.412579 9.462748 7.787465 2.989688 2.281858 2.239525 2.430524 2.430524 4.958374 2.800741 2.527056 5.000451 2.527056 0.485978 11.864952 7.371196 2.736664 9.389012 