Releaseoutput64/1/TotalBA_100.asc
ncols  20
nrows  20
xllcorner  0
yllcorner  0
cellsize  30
NODATA_value  -9999
0.000000 0.000000 0.000000 0.000000 0.000000 0.000000 0.000000 0.000000 0.000000 0.000000 0.000000 0.000000 0.000000 0.000000 0.000000 0.000000 2.283228 2.283228 2.285502 0.000000 0.000000 0.000000 0.000000 0.000000 0.000000 0.000000 0.000000 0.000000 0.000000 0.000000 0.000000 0.000000 0.000000 0.000000 0.000000 0.000000 2.283228 2.283625 0.000000 0.000000 0.000000 0.000000 2.283228 2.285502 2.285105 0.000000 0.000000 0.000000 0.000000 0.000000 0.000000 0.000000 0.000000 2.285105 2.285502 2.285502 2.285502 2.283228 2.283228 2.285502 0.000000 1.904897 2.285105 1.903021 2.285105 1.904501 2.283228 1.902624 2.285502 2.283625 2.285105 2.285105 2.285502 2.285105 0.000000 0.000000 0.000000 0.000000 0.000000 0.000000 1.903021 2.285105 1.902624 2.285105 2.283625 2.285105 2.283228 1.903021 1.903021 1.903021 0.000000 0.000000 0.000000 0.000000 0.000000 0.000000 2.481218 2.758092 1.597227 1.299199 2.283625 1.902624 2.285105 2.283625 1.902624 2.285105 0.000000 0.000000 0.000000 0.000000 0.000000 0.000000 2.656054 2.321447 0.687803 2.791701 1.956531 0.000000 0.000000 1.573624 2.283228 0.000000 0.000000 0.000000 0.000000 0.000000 0.000000 0.000000 2.434549 0.000000 2.189312 2.288687 0.000000 2.350357 2.666728 0.430362 2.465733 2.306227 2.088846 2.096922 0.000000 0.000000 0.000000 0.000000 2.273574 3.038535 0.000000 2.710311 1.197418 2.284405 1.170862 2.666971 1.218743 0.767056 2.573359 0.000000 1.915546 2.295103 2.282346 1.702995 2.275450 2.656054 2.657931 2.656054 2.657931 1.517601 0.382481 0.430362 2.155129 2.699369 2.823482 1.910483 2.263522 1.949002 2.308102 1.595535 2.794274 2.305371 2.814157 1.246710 2.278801 2.280677 3.038535 2.275450 2.737839 2.122125 2.439387 2.224447 2.046641 1.299199 2.408446 1.149537 2.516618 0.000000 1.150585 1.526820 2.869794 0.408174 0.000000 1.580946 0.760415 3.038535 2.275450 1.144737 0.901663 0.763085 2.633206 3.232948 2.224447 2.005402 1.636297 1.795613 2.516618 2.296150 0.000000 1.672213 2.998993 1.595535 2.365144 2.119903 0.760415 1.898196 3.038535 1.524293 1.043130 1.425611 1.607359 2.273541 2.390653 0.000000 2.411117 0.612020 2.098218 2.516618 1.149537 1.530141 1.403668 0.471301 1.299602 1.565473 2.273574 2.278801 2.275450 2.355359 1.787018 1.889619 2.177697 2.737839 2.238561 2.090447 3.506643 2.556547 0.766009 2.516618 1.909698 1.985800 1.990006 1.581309 0.383528 1.286226 2.657931 2.275450 1.807429 2.266299 2.175578 1.909698 1.529094 2.669995 2.387700 1.671433 1.828634 2.528545 1.888800 2.382764 1.148489 1.134072 1.914498 1.549182 1.613576 2.004366 1.901547 2.656054 1.896320 1.042468 1.883669 2.769207 1.896320 2.707207 2.455544 1.901547 1.531853 0.793381 1.974440 2.485519 1.222064 1.914498 0.383528 2.212163 1.984937 0.879475 3.038535 2.656054 2.633206 1.892969 1.896320 2.387700 2.290302 0.764132 1.762386 0.564224 1.238345 0.854829 0.838536 2.458537 1.299199 1.261956 0.564224 1.900081 2.346020 1.307511 2.280677 2.277326 2.278801 2.392149 1.148489 0.763085 1.892969 1.892969 1.526170 1.511968 1.561578 1.526170 1.528265 1.530141 1.882678 2.316528 1.532117 2.055741 2.125796 1.101491 2.278801 2.280677 2.284190 2.356170 2.373462 2.821152 2.273574 1.143689 1.144737 1.146613 0.764961 0.564224 1.303555 1.134072 0.383528 1.134072 1.733916 2.233688 1.956970 1.206414 2.275450 2.275450 2.356170 1.710514 2.478737 2.422479 2.356170 2.564733 2.284190 2.213513 1.906007 2.273574 1.320514 2.035091 2.003319 1.320514 2.714085 1.577626 2.280484 1.048678 2.808099 1.962624 2.280677 1.738776 1.150585 2.641444 2.948072 2.389931 2.356170 2.564733 1.526170 1.892969 0.969935 2.535516 0.969935 1.889222 0.766009 1.713835 1.556664 0.767056 