Releaseoutput64/1/TotalBA_30.asc
ncols  20
nrows  20
xllcorner  0
yllcorner  0
cellsize  30
NODATA_value  -9999
0.000000 0.000000 0.000000 0.000000 0.000000 0.000000 0.000000 0.000000 0.000000 0.000000 0.000000 0.000000 0.000000 0.000000 0.000000 0.000000 1.627618 1.892288 1.835236 0.000000 0.000000 0.000000 0.000000 0.000000 0.000000 0.000000 0.000000 0.000000 0.000000 0.000000 0.000000 0.000000 0.000000 0.000000 0.000000 0.000000 1.892288 1.570566 0.000000 0.000000 0.000000 0.000000 1.892288 1.892288 1.892288 0.000000 0.000000 0.000000 0.000000 0.000000 0.000000 0.000000 0.000000 1.892288 1.892288 1.892288 1.835236 1.431297 1.627618 1.835236 0.000000 1.892288 1.892288 1.835236 1.892288 1.892288 1.892288 1.892288 1.835236 1.835236 1.892288 1.892288 1.892288 1.892288 0.000000 0.000000 0.000000 0.000000 0.000000 0.000000 1.892288 1.695967 1.892288 1.892288 1.892288 1.892288 1.892288 1.892288 1.570566 1.892288 0.000000 0.000000 0.000000 0.000000 0.000000 0.000000 2.282721 2.293829 2.746837 1.250698 1.570566 1.695967 1.892288 1.431297 1.627618 1.892288 0.000000 0.000000 0.000000 0.000000 0.000000 0.000000 2.417884 2.231599 2.337197 2.498639 2.694320 0.000000 0.000000 2.831794 1.627618 0.000000 0.000000 0.000000 0.000000 0.000000 0.000000 0.000000 2.455814 0.000000 1.912625 1.715562 0.000000 2.580020 2.238551 0.492622 2.363849 2.442013 2.714867 3.022642 0.000000 0.000000 0.000000 0.000000 2.420374 2.420374 0.000000 2.238551 2.582077 2.462895 0.763686 1.912625 2.255870 2.260738 2.563216 0.000000 2.750958 2.068086 2.105387 0.905875 2.420374 2.376693 2.420374 2.374646 2.420374 2.266820 2.297385 0.492622 2.154564 2.257546 2.578598 2.620268 1.835774 2.097541 2.922918 1.282716 1.141564 2.537820 2.108428 1.709129 2.420374 2.420374 2.420374 2.419931 2.218781 2.720054 1.852629 2.272651 0.927850 1.250698 1.520883 2.683389 1.448262 0.000000 2.547172 2.588007 1.885673 2.581313 2.131735 2.034615 0.114105 2.376693 2.420374 2.343611 2.507139 2.296471 2.218781 1.885673 2.272651 2.630312 2.291179 2.530130 1.448262 2.238911 0.000000 1.559270 2.441102 1.282716 1.181773 1.366366 0.114105 2.420374 2.420374 2.733541 2.596882 2.411959 2.644720 1.561994 2.255870 2.581313 2.624358 2.798094 2.115079 1.448262 2.067834 2.133920 1.998357 2.204102 1.926692 1.897481 2.349535 2.376693 2.420374 2.218781 2.659792 2.042625 2.218781 2.218781 2.300245 2.906776 2.814626 2.307087 2.373998 1.448262 2.177062 1.616655 2.620977 2.032427 2.164004 1.709129 2.453525 2.384733 2.703286 2.619472 2.157554 2.411959 2.411959 2.218781 2.218781 0.927486 0.905875 2.316341 2.114951 1.155470 2.182645 0.868952 2.077713 2.297207 2.510761 2.152278 2.453082 2.385176 1.883669 2.845328 2.157554 2.218781 1.954724 2.218781 2.218781 1.881250 2.411807 0.231018 2.770964 0.772771 2.731967 2.158522 2.083404 0.905875 1.181773 2.075351 2.376693 2.420374 2.218781 2.239678 2.239678 2.218781 2.508377 2.414706 1.207985 0.487601 2.032427 2.310186 2.341792 2.497092 1.250698 1.732588 0.487601 1.818477 1.181773 2.470129 2.376693 2.420374 2.420374 2.218781 2.215639 2.531734 2.283358 1.998405 2.295772 1.631655 2.304553 2.152978 2.182251 2.102118 0.905875 2.321014 1.904821 2.062306 2.635314 2.242023 2.341495 2.420374 1.164973 1.164973 1.164973 1.164973 2.168622 2.447700 2.343611 2.644720 2.411959 0.487601 1.709129 0.868952 2.233263 0.868952 1.709129 1.207985 1.181773 2.086733 2.420374 2.420374 1.164973 2.370728 2.289069 3.205943 1.164973 1.164973 1.164973 2.218781 2.218781 2.283358 0.905875 1.709129 2.178830 0.905875 2.454729 1.977495 2.719226 2.244153 2.596841 1.164973 2.453525 2.251249 2.326654 2.559508 1.852903 2.149260 1.164973 1.164973 2.596882 2.124210 0.760415 2.522172 0.760415 1.631655 2.126629 2.165038 2.165958 2.403526 