Releaseoutput64/1/TotalBio_110.asc
ncols  20
nrows  20
xllcorner  0
yllcorner  0
cellsize  30
NODATA_value  -9999
0.000000 0.000000 0.000000 0.000000 0.000000 0.000000 0.000000 0.000000 0.000000 0.000000 0.000000 0.000000 0.000000 0.000000 0.000000 0.000000 25.006142 25.006142 24.681309 0.000000 0.000000 0.000000 0.000000 0.000000 0.000000 0.000000 0.000000 0.000000 0.000000 0.000000 0.000000 0.000000 0.000000 0.000000 0.000000 0.000000 25.006142 24.667600 0.000000 0.000000 0.000000 0.000000 25.006142 24.681309 25.019854 0.000000 0.000000 0.000000 0.000000 0.000000 0.000000 0.000000 0.000000 25.019854 24.681309 24.681309 24.681309 25.006142 25.006142 24.681309 0.000000 20.570043 25.019854 20.556332 25.019854 20.908587 25.006142 20.894876 24.681309 24.667600 25.019854 25.019854 24.681309 25.019854 0.000000 0.000000 0.000000 0.000000 0.000000 0.000000 20.556332 25.019854 20.894876 25.019854 24.667600 25.019854 25.006142 20.556332 20.556332 20.556332 0.000000 0.000000 0.000000 0.000000 0.000000 0.000000 21.282623 31.140514 9.286148 15.018624 24.667600 20.894876 25.019854 24.667600 20.894876 25.019854 0.000000 0.000000 0.000000 0.000000 0.000000 0.000000 28.718964 13.320710 3.635121 26.718333 21.452000 0.000000 0.000000 13.191219 25.006142 0.000000 0.000000 0.000000 0.000000 0.000000 0.000000 0.000000 23.206162 0.000000 25.286645 23.518263 0.000000 22.940191 27.109580 4.979513 24.159592 20.439039 15.259972 11.631805 0.000000 0.000000 0.000000 0.000000 24.593987 24.645946 0.000000 32.049618 4.979513 19.832166 13.320710 30.762375 14.175246 0.000000 16.100630 0.000000 8.249954 16.486198 12.260188 20.084451 24.607698 24.607698 28.732675 24.593987 28.732675 13.277278 4.124977 4.979513 16.334037 22.571926 23.874606 9.959025 24.520375 17.264238 24.207166 18.239681 26.875010 25.223967 26.945210 14.471358 24.632235 24.645946 28.757212 24.607698 24.185648 16.581574 28.360985 12.288067 23.786227 15.018624 28.032868 4.124977 25.087292 0.000000 0.000000 12.686054 30.111517 4.745923 0.000000 4.979513 8.899620 32.843941 24.607698 8.222533 10.387156 8.236244 17.533615 31.542152 12.288067 14.032071 10.046870 18.067890 29.168837 12.361221 0.000000 19.398939 24.443884 18.239681 27.587198 24.560110 8.899620 20.520969 32.843941 16.458777 9.917529 14.042506 9.173700 26.262996 23.370979 0.000000 14.265661 7.272979 24.328812 24.422914 4.124977 8.236244 16.116233 5.407643 15.026382 17.264238 24.593987 24.632235 24.607698 20.060671 12.548681 20.458184 20.822896 22.513195 22.445730 15.716458 23.568503 29.604437 4.124977 23.572985 16.472487 14.175246 17.428521 17.741800 0.000000 14.886606 28.732675 24.607698 18.158640 19.082385 22.174272 16.472487 12.361221 20.104103 20.086257 19.383400 18.486530 25.230920 13.142603 27.753445 8.249954 13.277278 12.374932 16.056432 5.069428 9.532620 20.545506 28.718964 20.507258 9.908685 20.414437 15.979126 20.507258 19.206068 22.495349 20.545506 15.874774 9.242716 16.811304 24.403773 9.725436 12.374932 0.000000 18.486530 23.137389 10.153566 28.732675 24.632235 20.060671 20.482721 20.507258 20.086257 20.583754 4.111267 20.346181 3.379128 14.032071 5.407643 9.725436 27.181077 15.018624 14.278543 3.379128 17.402255 27.727985 11.467816 24.645946 24.621408 24.632235 20.104103 8.249954 8.236244 20.482721 20.482721 16.472487 16.709998 12.014136 16.472487 8.222533 8.236244 17.557395 24.646697 16.188474 19.398939 15.393240 10.895261 24.632235 24.645946 24.323427 24.229624 28.404972 28.404972 24.593987 12.347510 8.222533 8.236244 8.249954 3.379128 15.068265 13.277278 0.000000 13.277278 20.047777 25.753824 18.391466 14.040571 24.607698 24.607698 20.148078 19.797626 28.473367 21.359793 24.229624 23.706676 24.323427 18.506182 15.886747 24.593987 15.959474 23.667091 13.657597 15.959474 24.261880 9.429323 6.764065 5.816772 23.045604 23.260251 24.645946 20.099709 0.000000 23.377662 21.144256 26.121491 24.229624 30.453970 16.472487 20.482721 11.099568 20.652041 11.099568 20.796727 4.124977 15.347816 12.995877 0.000000 