Releaseoutput64/1/TotalBio_70.asc
ncols  20
nrows  20
xllcorner  0
yllcorner  0
cellsize  30
NODATA_value  -9999
0.000000 0.000000 0.000000 0.000000 0.000000 0.000000 0.000000 0.000000 0.000000 0.000000 0.000000 0.000000 0.000000 0.000000 0.000000 0.000000 25.506548 25.506548 23.115083 0.000000 0.000000 0.000000 0.000000 0.000000 0.000000 0.000000 0.000000 0.000000 0.000000 0.000000 0.000000 0.000000 0.000000 0.000000 0.000000 0.000000 21.676632 22.979492 0.000000 0.000000 0.000000 0.000000 21.676632 23.115083 25.642139 0.000000 0.000000 0.000000 0.000000 0.000000 0.000000 0.000000 0.000000 25.642139 23.115083 23.115083 23.115083 21.676632 25.506548 23.115083 0.000000 25.642139 25.642139 19.149576 21.812224 25.642139 25.506548 25.642139 23.115083 22.979492 25.642139 25.642139 23.115083 25.642139 0.000000 0.000000 0.000000 0.000000 0.000000 0.000000 19.149576 25.642139 25.642139 25.642139 22.979492 25.642139 21.676632 19.149576 19.149576 25.506548 0.000000 0.000000 0.000000 0.000000 0.000000 0.000000 27.130496 27.372697 24.306476 19.527982 22.979492 25.642139 25.642139 22.979492 25.506548 25.642139 0.000000 0.000000 0.000000 0.000000 0.000000 0.000000 26.248294 29.907144 25.840038 26.848197 27.423961 0.000000 0.000000 31.664703 25.506548 0.000000 0.000000 0.000000 0.000000 0.000000 0.000000 0.000000 30.356101 0.000000 28.780635 22.458225 0.000000 18.278651 26.693180 7.721850 27.831395 31.125053 28.017724 27.292229 0.000000 0.000000 0.000000 0.000000 26.248294 30.213801 0.000000 23.972711 31.727662 28.862063 13.691465 28.935318 21.621860 24.311660 29.347322 0.000000 28.233421 27.642317 27.003535 18.426033 26.383885 29.463269 30.213801 26.248294 26.383885 28.697819 28.438272 7.721850 26.525003 27.131494 28.866739 29.242704 25.183762 22.746362 25.386068 21.501209 26.479713 29.390491 24.103614 21.145099 26.248294 26.616120 30.213801 22.418378 17.877901 23.108240 27.067535 28.115082 19.994218 19.527982 27.899249 28.354644 21.124835 0.000000 20.302408 29.147521 24.846571 23.619431 20.510142 22.402393 5.054112 30.213801 22.418378 27.792917 24.815283 24.098593 18.283635 26.769325 24.003815 30.530823 23.821407 27.774440 21.124835 23.889878 0.000000 21.591523 27.459891 21.501209 21.215508 21.937981 5.054112 26.248294 30.213801 23.628711 25.341026 25.597839 26.626614 27.723277 31.304072 24.632235 27.936099 19.913899 29.479956 21.124835 20.224931 19.968117 18.052922 21.117377 23.506366 22.087992 25.880467 26.616120 26.248294 14.723862 20.204429 18.220636 17.877901 16.795841 29.519071 27.073625 20.603213 29.575217 24.379944 21.124835 23.599334 21.447045 24.475167 24.850690 20.414437 19.002298 30.213801 26.248294 22.882065 26.207778 20.139024 27.807286 28.064099 17.860115 17.860115 17.796255 15.774860 28.257946 26.195301 21.987987 20.147455 15.724002 19.982486 22.914094 17.174082 24.927108 26.616120 26.248294 22.282787 25.377702 24.882822 14.300342 22.282787 13.506660 16.205448 19.052933 19.811829 5.992860 29.292496 19.809813 31.204714 24.069216 24.553125 16.180594 22.004217 20.142821 30.213801 30.213801 17.877901 18.452872 18.685106 16.372320 27.550472 20.133086 20.397208 3.328934 15.245954 21.708287 27.230015 28.873306 19.527982 24.132865 3.328934 19.599889 20.888404 21.176990 22.786205 22.553970 22.650613 16.778054 24.234184 20.055610 18.452872 18.452872 27.851032 13.320097 22.068360 19.677573 23.943792 24.011101 18.928899 24.083802 20.000401 21.426554 17.223432 17.151264 26.248294 30.213801 16.547226 24.783679 21.774305 20.563192 22.282787 27.851032 27.928508 20.011864 28.064099 3.328934 22.560895 15.724002 20.428147 15.724002 23.083843 20.397208 21.824456 19.036300 22.418378 22.418378 24.783679 22.712308 27.646388 23.416831 24.783679 22.287953 21.448810 16.599605 17.016916 22.282787 14.866260 19.580241 20.762902 14.460526 21.426886 18.359409 21.962298 26.068772 17.810793 22.263416 26.383885 23.160366 28.500403 24.937493 26.758396 29.931657 24.783679 23.854420 27.851032 18.452872 10.322342 22.745090 10.322342 16.917777 24.393654 25.542569 26.371801 20.395228 