Releaseoutput64/1/TotalBio_140.asc
ncols  20
nrows  20
xllcorner  0
yllcorner  0
cellsize  30
NODATA_value  -9999
0.000000 0.000000 0.000000 0.000000 0.000000 0.000000 0.000000 0.000000 0.000000 0.000000 0.000000 0.000000 0.000000 0.000000 0.000000 0.000000 5.161171 5.161171 0.000000 0.000000 0.000000 0.000000 0.000000 0.000000 0.000000 0.000000 0.000000 0.000000 0.000000 0.000000 0.000000 0.000000 0.000000 0.000000 0.000000 0.000000 5.161171 0.000000 0.000000 0.000000 0.000000 0.000000 5.161171 0.000000 5.161171 0.000000 0.000000 0.000000 0.000000 0.000000 0.000000 0.000000 0.000000 5.161171 0.000000 0.000000 0.000000 5.161171 5.161171 0.000000 0.000000 0.000000 5.161171 0.000000 5.161171 5.161171 5.161171 5.161171 0.000000 0.000000 5.161171 5.161171 0.000000 5.161171 0.000000 0.000000 0.000000 0.000000 0.000000 0.000000 0.000000 5.161171 5.161171 5.161171 0.000000 5.161171 5.161171 0.000000 0.000000 0.000000 0.000000 0.000000 0.000000 0.000000 0.000000 0.000000 23.984590 21.111901 5.488612 16.245635 0.000000 5.161171 5.161171 0.000000 5.161171 5.161171 0.000000 0.000000 0.000000 0.000000 0.000000 0.000000 0.000000 10.462118 4.745923 10.977225 5.407643 0.000000 0.000000 5.407643 5.161171 0.000000 0.000000 0.000000 0.000000 0.000000 0.000000 0.000000 24.553853 0.000000 27.201240 29.357965 0.000000 26.117141 25.831151 5.407643 26.687412 20.241210 16.365070 1.691795 0.000000 0.000000 0.000000 0.000000 0.000000 0.000000 0.000000 24.845632 5.407643 12.481110 10.462118 27.200697 15.869761 0.000000 15.976457 0.000000 0.000000 0.000000 0.000000 22.400859 0.000000 0.000000 0.000000 0.000000 0.000000 15.441630 0.000000 5.407643 19.769648 25.935482 26.518637 10.815286 0.000000 5.407643 10.896255 15.830244 21.030932 26.396692 28.881869 16.009537 0.000000 0.000000 0.000000 0.000000 25.674223 13.428068 29.547175 9.959025 26.519544 16.245635 31.562594 0.000000 27.095291 0.000000 0.000000 5.161171 25.530382 5.300947 0.000000 5.407643 10.322342 0.000000 0.000000 0.000000 11.003495 0.000000 21.592677 31.552852 9.959025 10.789559 10.850731 4.124977 26.773857 0.000000 0.000000 21.391452 27.708246 15.830244 26.225182 21.391452 10.322342 0.000000 0.000000 0.000000 1.690300 1.690300 5.071707 25.728097 26.331878 0.000000 10.896255 9.382492 26.766559 26.773857 0.000000 0.000000 16.741487 5.595852 16.258374 5.407643 0.000000 0.000000 0.000000 20.694710 8.454365 0.000000 22.293600 19.005882 16.222930 0.000000 24.067378 27.013031 0.000000 26.398978 0.000000 15.869761 5.072514 10.601894 0.000000 16.197202 0.000000 0.000000 1.691107 6.762814 0.000000 0.000000 0.000000 20.694710 20.691744 21.364380 22.400859 30.201343 15.366668 31.410225 0.000000 15.441630 0.000000 15.102202 5.075140 5.595852 0.000000 0.000000 0.000000 1.691107 4.124977 20.694710 0.000000 21.592677 23.982428 0.000000 15.021232 10.468125 16.303898 26.801461 10.708590 0.000000 0.000000 26.482404 26.225182 10.896798 0.000000 0.000000 23.985395 0.000000 0.000000 20.691744 0.000000 0.000000 21.818781 3.383345 10.789559 5.595852 10.708590 11.145636 16.245635 10.896798 3.383345 15.441630 20.212875 9.941749 0.000000 0.000000 0.000000 20.694710 0.000000 0.000000 0.000000 0.000000 0.000000 5.161171 10.977225 0.000000 0.000000 0.000000 18.319314 16.116233 16.011902 21.391452 16.052608 9.613589 0.000000 0.000000 32.566711 29.685406 33.096414 23.370979 0.000000 0.000000 0.000000 0.000000 0.000000 3.383345 16.278171 15.441630 0.000000 15.441630 21.685814 27.414633 20.924235 15.794799 0.000000 0.000000 24.705894 21.561686 25.542157 11.038097 29.685406 29.389293 23.370979 20.694710 14.921370 0.000000 22.400859 21.310483 5.595852 22.400859 13.058350 10.568814 1.691795 0.000000 20.455312 29.155704 0.000000 21.711542 0.000000 5.549784 25.260880 26.824823 29.685406 29.685406 0.000000 0.000000 11.312801 11.633543 11.312801 5.161171 0.000000 16.400515 5.300947 0.000000 