Releaseoutput64/1/TotalBA_40.asc
ncols  20
nrows  20
xllcorner  0
yllcorner  0
cellsize  30
NODATA_value  -9999
0.000000 0.000000 0.000000 0.000000 0.000000 0.000000 0.000000 0.000000 0.000000 0.000000 0.000000 0.000000 0.000000 0.000000 0.000000 0.000000 2.216558 1.687219 1.635856 0.000000 0.000000 0.000000 0.000000 0.000000 0.000000 0.000000 0.000000 0.000000 0.000000 0.000000 0.000000 0.000000 0.000000 0.000000 0.000000 0.000000 1.999727 2.117357 0.000000 0.000000 0.000000 0.000000 1.999727 1.900526 1.999727 0.000000 0.000000 0.000000 0.000000 0.000000 0.000000 0.000000 0.000000 1.735057 1.999727 1.999727 1.900526 1.951888 2.216558 1.900526 0.000000 1.999727 1.999727 1.323348 1.999727 1.735057 1.687219 1.735057 1.900526 1.588018 1.999727 1.999727 1.900526 1.999727 0.000000 0.000000 0.000000 0.000000 0.000000 0.000000 1.999727 2.264397 1.999727 1.999727 1.588018 1.999727 1.999727 1.900526 2.117357 1.687219 0.000000 0.000000 0.000000 0.000000 0.000000 0.000000 2.499692 2.546402 2.318896 1.422991 2.117357 2.264397 1.999727 1.951888 2.216558 1.999727 0.000000 0.000000 0.000000 0.000000 0.000000 0.000000 2.595498 2.388690 2.507570 2.686326 2.692454 0.000000 0.000000 2.531625 2.216558 0.000000 0.000000 0.000000 0.000000 0.000000 0.000000 0.000000 2.571938 0.000000 2.339692 1.626116 0.000000 2.421835 2.555034 0.564686 2.361044 2.703306 2.593084 2.793217 0.000000 0.000000 0.000000 0.000000 2.711686 2.515365 0.000000 2.313000 2.756600 2.826169 0.922408 2.339692 2.592945 2.080554 2.633146 0.000000 2.524844 2.456664 2.176717 1.252382 2.515365 2.472200 2.515365 2.595498 2.515365 1.900890 2.460606 0.564686 2.336743 2.320582 2.637965 2.732347 2.355849 2.339490 2.717815 1.507999 1.530828 2.223691 2.294658 1.944028 2.628649 2.711686 2.711686 2.676488 2.570662 2.808005 2.224501 2.187045 1.179829 1.422991 1.919706 2.679736 1.675112 0.000000 2.014638 2.563903 2.379774 2.723543 1.837027 2.015147 0.198402 2.515365 2.711686 2.531800 2.401540 2.665265 2.570662 2.352601 2.187045 2.764521 2.204102 2.548384 1.675112 2.378965 0.000000 1.996602 2.271715 1.507999 1.493001 1.635762 0.198402 2.515365 2.515365 2.572988 2.435943 2.171273 2.832878 2.003279 2.592945 2.573684 2.640683 2.649319 2.411079 1.675112 1.719714 2.230976 2.230885 2.170817 2.169117 1.897873 2.479311 2.515365 2.711686 2.570662 2.870949 2.296226 2.570662 2.570662 2.805719 2.674853 3.187122 2.322820 2.365513 1.675112 2.152390 1.860111 2.725488 2.151153 2.343195 2.143395 2.515365 2.595498 2.554911 2.776342 2.282931 2.417866 2.314969 2.570662 2.570662 1.134576 1.252382 2.355072 1.701859 1.500942 2.050299 1.027792 1.965814 2.375555 2.718440 2.047328 2.515365 2.595498 2.201405 2.796413 2.282931 2.258154 2.201405 2.568013 2.570662 2.041659 2.256277 0.313471 2.901859 1.058814 2.592255 2.040943 2.179790 1.252382 1.425898 1.959837 2.630101 2.515365 2.570662 2.446101 2.446101 2.570662 2.321696 2.201528 1.506764 0.521196 2.140211 2.116665 2.178831 2.777200 1.422991 1.911505 0.521196 1.991085 1.393800 2.588518 2.711686 2.515365 2.711686 2.421480 2.514036 2.236876 2.364575 2.201405 2.501545 1.669767 2.634567 2.170467 1.947008 1.966307 1.252382 2.470599 2.140672 2.033875 2.632096 1.965901 2.595498 2.711686 1.698235 1.698235 1.698235 1.698235 2.446101 2.470091 2.531800 2.466198 2.314969 0.521196 2.086343 1.027792 2.006382 1.027792 2.143395 1.506764 1.343142 1.815928 2.676488 2.676488 1.698235 2.282892 2.597673 2.715948 1.698235 1.698235 1.698235 2.108972 2.303852 2.446101 1.252382 1.944028 2.169071 1.225209 2.478041 1.870575 2.631414 2.389140 3.169311 1.698235 2.711686 2.401392 2.482112 2.783682 1.885660 2.597600 1.698235 1.698235 2.435943 2.364575 0.816348 2.546852 0.816348 2.012530 2.318890 2.060622 2.319756 2.527066 