Releaseoutput64/1/TotalBA_50.asc
ncols  20
nrows  20
xllcorner  0
yllcorner  0
cellsize  30
NODATA_value  -9999
0.000000 0.000000 0.000000 0.000000 0.000000 0.000000 0.000000 0.000000 0.000000 0.000000 0.000000 0.000000 0.000000 0.000000 0.000000 0.000000 2.024909 2.024909 1.905304 0.000000 0.000000 0.000000 0.000000 0.000000 0.000000 0.000000 0.000000 0.000000 0.000000 0.000000 0.000000 0.000000 0.000000 0.000000 0.000000 0.000000 2.367672 1.875050 0.000000 0.000000 0.000000 0.000000 2.367672 2.217812 2.367672 0.000000 0.000000 0.000000 0.000000 0.000000 0.000000 0.000000 0.000000 2.055163 2.367672 2.367672 2.217812 2.337417 2.024909 2.217812 0.000000 2.367672 2.367672 1.562541 2.367672 2.055163 2.024909 2.055163 2.217812 1.875050 2.367672 2.367672 2.217812 2.367672 0.000000 0.000000 0.000000 0.000000 0.000000 0.000000 2.367672 2.367672 2.367672 2.367672 1.875050 2.367672 2.367672 2.217812 1.562541 2.024909 0.000000 0.000000 0.000000 0.000000 0.000000 0.000000 2.935425 2.830644 2.472164 1.576948 1.875050 2.367672 2.367672 2.337417 2.024909 2.367672 0.000000 0.000000 0.000000 0.000000 0.000000 0.000000 2.799956 2.675141 2.286310 2.748761 2.619793 0.000000 0.000000 2.728507 2.024909 0.000000 0.000000 0.000000 0.000000 0.000000 0.000000 0.000000 2.701346 0.000000 2.739083 2.107597 0.000000 2.075401 2.747411 0.627722 2.699533 2.687533 2.889277 2.644947 0.000000 0.000000 0.000000 0.000000 2.946399 2.681729 0.000000 2.410937 2.725681 2.879339 1.067771 2.739083 2.476193 2.178353 2.549674 0.000000 2.714498 2.720676 2.330662 1.629739 2.681729 2.731608 2.681729 2.799956 2.681729 2.226967 2.559894 0.627722 2.676684 2.338101 2.270934 3.076787 2.382026 2.349286 2.514216 1.709803 1.905773 2.596633 2.344185 2.064696 2.799956 2.417059 2.946399 2.830211 2.642574 2.996889 2.596836 2.372242 1.441511 1.576948 2.420255 2.843467 1.917284 0.000000 2.137635 2.723550 2.057632 2.458817 1.875118 2.208814 0.299718 2.681729 2.830211 2.412275 2.520295 2.675745 2.652624 2.403323 2.372242 2.668874 2.374663 2.663128 1.917284 2.080554 0.000000 2.156538 2.521778 1.709803 1.854152 2.089509 0.299718 2.681729 2.681729 2.365657 2.286365 2.345160 2.771545 2.464162 2.558981 2.254972 2.709343 2.452454 2.329288 1.917284 1.807050 2.109094 2.221453 2.248625 2.188185 1.871765 2.721863 2.681729 2.946399 2.110794 2.903361 2.477704 2.652624 2.453557 2.863226 2.598863 3.225058 2.639693 2.194767 1.917284 2.014145 2.074410 2.403948 2.122499 1.852004 1.961279 2.681729 2.799956 2.530287 2.918804 2.472569 2.413989 2.472784 2.543373 2.652624 1.335472 1.629739 2.300813 1.991474 1.899246 2.160276 1.195512 2.110809 2.103170 2.552750 2.176793 2.681729 2.799956 2.457194 2.827016 2.076336 2.937214 2.457194 2.642574 2.652624 2.278142 2.169116 0.403475 2.920086 1.357375 2.822967 2.220473 2.235958 1.286976 1.700605 1.703913 2.878050 2.681729 2.642574 2.260873 2.260873 2.652624 2.588410 2.130021 1.786090 0.540695 2.075648 2.235165 2.328682 2.712019 1.576948 2.052627 0.540695 1.998127 1.605091 2.695848 2.681729 2.681729 2.417059 2.453557 2.160276 2.111944 2.525542 2.457194 2.424452 1.737877 2.745269 2.042686 2.095253 2.109094 1.629739 2.541673 2.362885 2.112036 2.800459 1.881888 2.799956 2.417059 1.800455 2.177708 2.150536 1.806405 2.260873 2.424452 2.442529 2.442529 2.472784 0.540695 2.262411 1.195512 1.855354 1.195512 1.961279 1.786090 1.854152 2.086626 2.830211 2.830211 2.177708 2.148533 2.786274 2.862109 2.177708 2.177708 2.078507 2.738147 2.378739 2.260873 1.629739 2.041654 2.395962 1.229924 2.530004 1.876515 2.395989 2.476026 3.114475 2.177708 2.946399 2.465288 2.573684 2.759321 2.264821 2.668355 2.177708 1.800455 2.424452 2.525542 0.860724 2.658481 0.860724 2.098717 2.198117 2.361839 2.457561 2.218794 