Releaseoutput64/1/TotalBasal_AgeRange_90.asc
ncols  20
nrows  20
xllcorner  0
yllcorner  0
cellsize  30
NODATA_value  -9999
0.000000 0.000000 0.000000 0.000000 0.000000 0.000000 0.000000 0.000000 0.000000 0.000000 0.000000 0.000000 0.000000 0.000000 0.000000 0.000000 2.231959 2.231959 2.266872 0.000000 0.000000 0.000000 0.000000 0.000000 0.000000 0.000000 0.000000 0.000000 0.000000 0.000000 0.000000 0.000000 0.000000 0.000000 0.000000 0.000000 2.231959 2.263522 0.000000 0.000000 0.000000 0.000000 2.231959 2.266872 2.235310 0.000000 0.000000 0.000000 0.000000 0.000000 0.000000 0.000000 0.000000 2.235310 2.266872 2.266872 2.266872 2.231959 2.231959 2.266872 0.000000 1.889619 2.235310 1.886268 2.235310 1.858056 2.231959 1.854706 2.266872 2.263522 2.235310 2.235310 2.266872 2.235310 0.000000 0.000000 0.000000 0.000000 0.000000 0.000000 1.886268 2.235310 1.854706 2.235310 2.263522 2.235310 2.231959 1.886268 1.886268 1.886268 0.000000 0.000000 0.000000 0.000000 0.000000 0.000000 2.985344 2.633712 2.342984 2.004175 2.263522 1.854706 2.235310 2.263522 1.854706 2.235310 0.000000 0.000000 0.000000 0.000000 0.000000 0.000000 2.626275 3.021001 1.789484 2.735091 2.307418 0.000000 0.000000 2.309619 2.231959 0.000000 0.000000 0.000000 0.000000 0.000000 0.000000 0.000000 2.711710 0.000000 2.538412 2.236335 0.000000 2.194485 2.714806 0.791702 2.337901 3.013874 2.412528 2.474123 0.000000 0.000000 0.000000 0.000000 2.626275 3.006879 0.000000 2.656165 2.323720 2.999224 1.490031 3.020351 1.134072 1.915546 2.492278 0.000000 2.675707 2.284028 2.261352 1.705998 2.629626 2.987115 3.006879 2.626275 2.629626 2.179710 1.147661 0.791702 2.774533 2.535549 2.693593 1.863979 2.227820 1.910515 2.646374 1.892954 3.029353 2.547063 2.672360 1.935645 2.626275 2.258322 3.006879 2.249022 2.519966 2.829894 2.596102 2.520123 1.910125 2.004175 2.236728 2.296150 2.374429 0.000000 1.914498 2.253086 2.848672 1.147264 1.150585 1.555616 0.691382 3.006879 2.249022 2.287573 1.252769 1.908443 2.413246 2.950672 2.520123 2.723191 2.359915 2.541953 2.374429 2.285904 0.000000 2.338040 3.247839 1.892954 2.177695 2.347037 0.691382 1.877718 3.006879 2.279422 1.802761 2.183365 2.749408 2.867703 2.242451 0.767056 2.366582 1.297123 1.975346 2.374429 1.912622 1.906347 1.369823 1.611651 1.236072 1.528034 2.245671 2.254972 2.249022 2.563105 2.544704 1.862467 2.511923 2.519966 2.936774 2.462563 3.448140 2.418036 1.913670 2.374429 1.898196 1.899034 1.979750 1.905151 1.533065 1.985800 2.629626 2.249022 2.179289 2.634424 2.150915 2.665253 2.671527 2.763461 2.763461 1.956700 2.114153 2.963742 1.781684 2.208253 1.910746 1.797229 1.906774 2.270916 1.993605 1.989112 1.883669 2.626275 2.245671 1.801609 1.852004 2.532716 1.874368 2.537272 2.511923 1.883669 1.865200 0.734636 2.678543 2.329849 2.321447 2.290302 1.533065 2.114153 2.340124 1.608330 3.006879 2.626275 2.413246 1.868417 1.874368 2.207648 2.658978 1.910319 1.685588 0.563187 1.574702 1.610603 1.938966 2.808001 2.004175 1.605406 0.563187 2.201432 2.063333 1.669634 2.258322 2.252372 2.254972 2.639435 1.910746 1.908443 1.868417 1.868417 2.666300 1.459601 1.909341 1.899244 1.902997 1.906347 1.938620 2.240372 1.456197 1.953464 2.088988 1.840554 2.626275 3.006879 2.272442 2.448115 2.372871 2.879969 2.245671 1.902168 2.287573 1.907395 1.911793 0.563187 1.624459 1.797229 1.533065 1.797229 2.032633 2.146655 1.797488 1.887679 2.249022 2.249022 2.064586 2.388335 2.729305 2.773819 2.448115 2.472278 1.888914 2.408690 2.357507 2.245671 1.601315 1.894487 1.987236 1.707875 2.675475 1.518826 2.276459 2.196278 2.711943 2.651960 2.258322 2.038412 2.298027 2.607183 3.097338 3.030317 2.448115 2.855806 2.666300 1.868417 0.958163 2.893608 0.958163 1.830904 1.913670 2.425125 1.907425 1.148489 