Releaseoutput64/1/TotalBA_130.asc
ncols  20
nrows  20
xllcorner  0
yllcorner  0
cellsize  30
NODATA_value  -9999
0.000000 0.000000 0.000000 0.000000 0.000000 0.000000 0.000000 0.000000 0.000000 0.000000 0.000000 0.000000 0.000000 0.000000 0.000000 0.000000 0.447690 0.447690 0.000000 0.000000 0.000000 0.000000 0.000000 0.000000 0.000000 0.000000 0.000000 0.000000 0.000000 0.000000 0.000000 0.000000 0.000000 0.000000 0.000000 0.000000 0.447690 0.000000 0.000000 0.000000 0.000000 0.000000 0.447690 0.000000 0.447690 0.000000 0.000000 0.000000 0.000000 0.000000 0.000000 0.000000 0.000000 0.447690 0.000000 0.000000 0.000000 0.447690 0.447690 0.000000 0.000000 0.000000 0.447690 0.000000 0.447690 0.447690 0.447690 0.447690 0.000000 0.000000 0.447690 0.447690 0.000000 0.447690 0.000000 0.000000 0.000000 0.000000 0.000000 0.000000 0.000000 0.447690 0.447690 0.447690 0.000000 0.447690 0.447690 0.000000 0.000000 0.000000 0.000000 0.000000 0.000000 0.000000 0.000000 0.000000 2.352524 1.835529 0.479082 1.416176 0.000000 0.447690 0.447690 0.000000 0.447690 0.447690 0.000000 0.000000 0.000000 0.000000 0.000000 0.000000 1.150585 0.908757 0.408174 1.725220 0.471301 0.000000 0.000000 0.854829 0.447690 0.000000 0.000000 0.000000 0.000000 0.000000 0.000000 0.000000 2.186645 0.000000 2.372242 2.532936 0.000000 2.268345 2.702138 0.471301 2.322951 2.068852 1.427570 0.282669 0.000000 0.000000 0.000000 0.000000 1.150585 0.767056 0.000000 2.146950 0.471301 1.222756 0.908757 2.372154 1.380058 0.000000 1.390293 0.000000 0.000000 0.000000 1.150585 1.915904 1.150585 1.150585 1.150585 1.150585 1.150585 1.339118 0.000000 0.471301 1.708420 2.251016 2.307045 0.942602 2.301169 1.238358 0.950383 1.376396 1.827748 2.295096 2.653819 1.393434 0.767056 0.767056 0.767056 1.150585 2.878557 1.841105 2.552159 0.860724 2.306830 1.416176 2.743368 0.000000 2.362180 0.000000 0.000000 0.447690 2.620485 0.461066 0.000000 0.471301 0.895381 1.150585 1.150585 0.000000 0.960705 0.000000 2.532866 2.863638 0.860724 0.940148 0.946034 0.665183 2.331476 0.000000 0.000000 1.862280 2.541466 1.376396 2.278579 1.862280 0.895381 0.767056 1.150585 0.000000 0.282296 0.282296 0.847089 2.231233 2.288814 0.000000 0.950383 0.806757 2.330528 2.331476 0.000000 0.000000 1.463776 0.489404 1.417335 1.238358 1.150585 0.767056 1.150585 2.448195 1.412195 1.534113 2.313960 2.166267 1.979309 0.282703 3.580703 2.354139 0.000000 2.295426 0.000000 1.380058 0.847291 0.922132 0.000000 1.411449 1.150585 1.150585 0.282498 1.129586 1.150585 0.000000 0.000000 2.448195 2.447454 1.859826 2.261595 2.613392 1.332025 2.728929 0.000000 1.339118 0.000000 1.623347 0.847947 0.489404 0.383528 1.150585 0.767056 0.282498 1.533065 2.448195 0.767056 2.532866 2.595888 0.383528 1.615566 0.909443 1.704387 2.333872 0.932367 0.000000 0.000000 2.261595 2.278579 0.950471 1.150585 0.767056 2.596629 1.150585 0.767056 2.447454 0.000000 0.000000 1.903308 0.565278 0.940148 0.489404 0.932367 0.974372 1.416176 0.950471 0.565278 1.339118 1.750030 1.047631 0.767056 1.150585 0.767056 2.448195 0.000000 0.000000 1.150585 1.150585 0.000000 1.598275 0.958163 0.000000 0.000000 0.000000 1.570213 1.403668 1.393724 1.862280 1.806171 1.144265 0.767056 0.767056 2.795506 2.564327 2.845660 2.007125 1.150585 0.000000 0.000000 0.000000 0.000000 0.565278 1.419230 1.339118 0.000000 1.339118 1.890531 2.392712 1.817513 1.372964 1.150585 1.150585 2.133966 1.878692 2.718516 0.964041 2.564327 2.536361 2.007125 2.448195 1.819835 0.767056 1.915904 1.854500 0.489404 1.915904 1.432787 0.918991 0.848075 0.000000 2.586949 2.514173 0.767056 1.892985 0.000000 1.635552 2.186466 2.618738 2.564327 2.944535 0.000000 1.150585 0.990483 1.613002 0.990483 1.981803 0.000000 1.431001 0.461066 0.000000 