Releaseoutput64/1/TotalCarbon_140.asc
ncols  20
nrows  20
xllcorner  0
yllcorner  0
cellsize  30
NODATA_value  -9999
0.000000 0.000000 0.000000 0.000000 0.000000 0.000000 0.000000 0.000000 0.000000 0.000000 0.000000 0.000000 0.000000 0.000000 0.000000 0.000000 2.580585 2.580585 0.000000 0.000000 0.000000 0.000000 0.000000 0.000000 0.000000 0.000000 0.000000 0.000000 0.000000 0.000000 0.000000 0.000000 0.000000 0.000000 0.000000 0.000000 2.580585 0.000000 0.000000 0.000000 0.000000 0.000000 2.580585 0.000000 2.580585 0.000000 0.000000 0.000000 0.000000 0.000000 0.000000 0.000000 0.000000 2.580585 0.000000 0.000000 0.000000 2.580585 2.580585 0.000000 0.000000 0.000000 2.580585 0.000000 2.580585 2.580585 2.580585 2.580585 0.000000 0.000000 2.580585 2.580585 0.000000 2.580585 0.000000 0.000000 0.000000 0.000000 0.000000 0.000000 0.000000 2.580585 2.580585 2.580585 0.000000 2.580585 2.580585 0.000000 0.000000 0.000000 0.000000 0.000000 0.000000 0.000000 0.000000 0.000000 11.992295 10.555950 2.744306 8.122817 0.000000 2.580585 2.580585 0.000000 2.580585 2.580585 0.000000 0.000000 0.000000 0.000000 0.000000 0.000000 0.000000 5.231059 2.372961 5.488612 2.703822 0.000000 0.000000 2.703822 2.580585 0.000000 0.000000 0.000000 0.000000 0.000000 0.000000 0.000000 12.276926 0.000000 13.600620 14.678982 0.000000 13.058570 12.915576 2.703822 13.343706 10.120605 8.182535 0.845897 0.000000 0.000000 0.000000 0.000000 0.000000 0.000000 0.000000 12.422816 2.703822 6.240555 5.231059 13.600348 7.934880 0.000000 7.988229 0.000000 0.000000 0.000000 0.000000 11.200429 0.000000 0.000000 0.000000 0.000000 0.000000 7.720815 0.000000 2.703822 9.884824 12.967741 13.259318 5.407643 0.000000 2.703822 5.448128 7.915122 10.515466 13.198346 14.440934 8.004768 0.000000 0.000000 0.000000 0.000000 12.837111 6.714034 14.773587 4.979513 13.259772 8.122817 15.781297 0.000000 13.547646 0.000000 0.000000 2.580585 12.765191 2.650473 0.000000 2.703822 5.161171 0.000000 0.000000 0.000000 5.501747 0.000000 10.796339 15.776426 4.979513 5.394780 5.425365 2.062489 13.386928 0.000000 0.000000 10.695726 13.854123 7.915122 13.112591 10.695726 5.161171 0.000000 0.000000 0.000000 0.845150 0.845150 2.535853 12.864049 13.165939 0.000000 5.448128 4.691246 13.383280 13.386928 0.000000 0.000000 8.370744 2.797926 8.129187 2.703822 0.000000 0.000000 0.000000 10.347355 4.227182 0.000000 11.146800 9.502941 8.111465 0.000000 12.033689 13.506516 0.000000 13.199489 0.000000 7.934880 2.536257 5.300947 0.000000 8.098601 0.000000 0.000000 0.845554 3.381407 0.000000 0.000000 0.000000 10.347355 10.345872 10.682190 11.200429 15.100672 7.683334 15.705112 0.000000 7.720815 0.000000 7.551101 2.537570 2.797926 0.000000 0.000000 0.000000 0.845554 2.062489 10.347355 0.000000 10.796339 11.991214 0.000000 7.510616 5.234063 8.151949 13.400730 5.354295 0.000000 0.000000 13.241202 13.112591 5.448399 0.000000 0.000000 11.992697 0.000000 0.000000 10.345872 0.000000 0.000000 10.909391 1.691673 5.394780 2.797926 5.354295 5.572818 8.122817 5.448399 1.691673 7.720815 10.106437 4.970874 0.000000 0.000000 0.000000 10.347355 0.000000 0.000000 0.000000 0.000000 0.000000 2.580585 5.488612 0.000000 0.000000 0.000000 9.159657 8.058116 8.005951 10.695726 8.026304 4.806795 0.000000 0.000000 16.283355 14.842703 16.548207 11.685489 0.000000 0.000000 0.000000 0.000000 0.000000 1.691673 8.139086 7.720815 0.000000 7.720815 10.842907 13.707316 10.462118 7.897399 0.000000 0.000000 12.352947 10.780843 12.771078 5.519048 14.842703 14.694647 11.685489 10.347355 7.460685 0.000000 11.200429 10.655241 2.797926 11.200429 6.529175 5.284407 0.845897 0.000000 10.227656 14.577852 0.000000 10.855771 0.000000 2.774892 12.630440 13.412412 14.842703 14.842703 0.000000 0.000000 5.656400 5.816772 5.656400 2.580585 0.000000 8.200258 2.650473 0.000000 