Releaseoutput64/1/TotalCarbon_80.asc
ncols  20
nrows  20
xllcorner  0
yllcorner  0
cellsize  30
NODATA_value  -9999
0.000000 0.000000 0.000000 0.000000 0.000000 0.000000 0.000000 0.000000 0.000000 0.000000 0.000000 0.000000 0.000000 0.000000 0.000000 0.000000 11.469854 11.469854 11.935259 0.000000 0.000000 0.000000 0.000000 0.000000 0.000000 0.000000 0.000000 0.000000 0.000000 0.000000 0.000000 0.000000 0.000000 0.000000 0.000000 0.000000 11.469854 11.896521 0.000000 0.000000 0.000000 0.000000 11.469854 11.935259 11.508592 0.000000 0.000000 0.000000 0.000000 0.000000 0.000000 0.000000 0.000000 11.508592 11.935259 11.935259 11.935259 11.469854 11.469854 11.935259 0.000000 9.952505 11.508592 9.913768 11.508592 9.525838 11.469854 9.487100 11.935259 11.896521 11.508592 11.508592 11.935259 11.508592 0.000000 0.000000 0.000000 0.000000 0.000000 0.000000 9.913768 11.508592 9.487100 11.508592 11.896521 11.508592 11.469854 9.913768 9.913768 9.913768 0.000000 0.000000 0.000000 0.000000 0.000000 0.000000 12.782929 13.102899 12.444392 10.382015 11.896521 9.487100 11.508592 11.896521 9.487100 11.508592 0.000000 0.000000 0.000000 0.000000 0.000000 0.000000 13.714625 15.636499 13.290899 14.227986 14.167384 0.000000 0.000000 12.131853 11.469854 0.000000 0.000000 0.000000 0.000000 0.000000 0.000000 0.000000 14.589411 0.000000 13.028368 12.986407 0.000000 10.500611 13.495141 4.096406 15.341521 14.680792 12.596869 11.870402 0.000000 0.000000 0.000000 0.000000 13.714625 15.736116 0.000000 12.171592 16.397663 15.037568 7.450772 15.684109 9.539397 10.253629 11.415064 0.000000 14.284343 12.133957 11.874967 10.036396 13.753363 15.513465 15.736116 13.714625 13.753363 14.508718 12.320224 4.096406 14.772526 14.313905 15.600155 11.076317 11.489746 9.896806 13.230200 11.554925 14.871822 11.880242 12.710119 9.787160 13.714625 13.821158 15.736116 11.731871 9.313003 11.375923 14.880891 14.796763 11.257900 10.382015 14.965104 12.275121 11.809030 0.000000 10.241360 15.495954 14.073484 12.116293 6.166900 10.233355 3.112173 15.736116 11.731871 12.175771 10.711139 10.171145 7.291512 14.890359 12.734274 16.079513 12.388518 12.701443 11.809030 12.155830 0.000000 11.788853 15.316965 11.554925 10.778108 11.458578 3.112173 9.816914 15.736116 12.081018 8.929396 13.006520 13.501649 14.584237 14.956408 10.298732 12.417263 10.451555 13.846713 11.809030 10.219487 10.146607 9.414963 10.719145 10.356271 11.751152 11.693133 11.799667 13.714625 8.875375 10.253234 9.642584 8.472361 8.524642 15.758789 11.734749 10.934381 16.148960 12.294245 11.809030 10.051854 9.501149 8.534840 11.958642 10.272753 10.194505 13.753363 11.731871 10.892364 13.382514 10.554794 14.163121 14.236001 8.837837 8.837837 9.809744 8.970562 14.631111 12.922827 11.786130 10.197614 8.748442 10.151204 12.046069 8.659874 12.696975 13.821158 13.714625 11.693133 12.943401 11.509220 8.400209 9.778176 7.682122 9.260722 9.884709 10.780788 3.488433 15.347522 11.345160 14.131086 12.206837 8.210265 8.970562 11.142717 10.481072 15.736116 15.736116 7.291512 9.710380 9.778176 9.235588 14.090241 10.193018 11.101831 1.676869 8.119590 11.134144 14.150210 14.926841 10.382015 12.509419 1.676869 11.140555 10.536356 11.192844 11.838405 11.770609 11.799667 8.447226 12.253247 10.171145 9.710380 9.710380 14.175390 7.300960 9.393958 10.064123 12.170358 10.146607 10.196552 13.012143 10.716735 9.720951 9.015103 8.978088 13.714625 15.736116 8.814802 13.648370 12.439309 12.816084 11.693133 10.098265 12.175771 10.158876 12.192636 1.676869 8.323004 8.748442 8.210265 8.748442 10.363776 11.101831 10.365869 10.299416 11.731871 11.731871 13.648370 12.230836 15.410752 12.077611 13.648370 13.564238 10.434482 6.823486 7.606584 11.693133 7.059247 11.274445 10.619469 7.617154 11.323509 9.746077 11.318863 13.139394 9.825095 12.900216 13.753363 12.458490 14.359482 13.027105 14.588938 16.482931 13.648370 12.900216 14.175390 9.710380 5.300947 11.849257 5.300947 9.215917 10.231756 13.673772 13.832735 10.267340 