Releaseoutput64/1/TotalBA_120.asc
ncols  20
nrows  20
xllcorner  0
yllcorner  0
cellsize  30
NODATA_value  -9999
0.000000 0.000000 0.000000 0.000000 0.000000 0.000000 0.000000 0.000000 0.000000 0.000000 0.000000 0.000000 0.000000 0.000000 0.000000 0.000000 2.348003 2.348003 1.917641 0.000000 0.000000 0.000000 0.000000 0.000000 0.000000 0.000000 0.000000 0.000000 0.000000 0.000000 0.000000 0.000000 0.000000 0.000000 0.000000 0.000000 2.348003 2.301169 0.000000 0.000000 0.000000 0.000000 2.348003 1.917641 1.964475 0.000000 0.000000 0.000000 0.000000 0.000000 0.000000 0.000000 0.000000 1.964475 1.917641 1.917641 1.917641 2.348003 2.348003 1.917641 0.000000 1.534113 1.964475 1.917641 1.964475 1.580946 2.348003 1.964475 1.917641 2.301169 1.964475 1.964475 1.917641 1.964475 0.000000 0.000000 0.000000 0.000000 0.000000 0.000000 1.917641 1.964475 1.964475 1.964475 2.301169 1.964475 2.348003 1.917641 1.917641 1.917641 0.000000 0.000000 0.000000 0.000000 0.000000 0.000000 2.285148 2.930300 0.471301 1.386631 2.301169 1.964475 1.964475 2.301169 1.964475 1.964475 0.000000 0.000000 0.000000 0.000000 0.000000 0.000000 2.298027 0.878052 0.380207 2.474620 1.228123 0.000000 0.000000 0.843547 2.348003 0.000000 0.000000 0.000000 0.000000 0.000000 0.000000 0.000000 2.154642 0.000000 2.326382 2.387332 0.000000 2.191030 2.603844 0.461066 2.261938 2.033096 1.401214 0.565311 0.000000 0.000000 0.000000 0.000000 2.298027 1.532018 0.000000 2.845660 0.461066 1.585017 0.878052 2.326092 1.339118 0.000000 1.352494 0.000000 0.000000 0.383528 1.147442 1.749171 1.914498 1.914498 1.914498 2.298027 1.914498 1.286226 0.000000 0.461066 1.621205 2.168842 2.242488 0.922132 2.294884 1.609556 1.215070 1.718474 1.769480 2.508390 2.607454 1.356447 1.915546 1.532018 1.915546 1.914498 2.729993 2.200005 2.417421 0.816348 2.240781 1.386631 2.657423 0.000000 2.313723 0.000000 0.000000 0.813890 2.499190 0.447690 0.000000 0.461066 0.860724 2.298027 1.914498 0.767056 0.946034 0.383528 2.425718 3.210726 0.816348 0.918991 0.926772 1.813858 2.721897 0.383528 0.000000 1.814372 2.461686 1.718474 2.203794 1.814372 0.860724 1.532018 2.298027 1.150585 0.665456 0.665456 0.846152 2.527042 2.217170 0.000000 0.932367 0.751965 2.271776 2.274207 0.000000 0.383528 1.449017 0.484968 1.387838 1.609556 2.298027 1.915546 1.914498 2.321819 1.410945 1.913451 2.166125 2.448733 1.948537 1.715957 3.565916 2.302481 0.000000 2.226656 0.767056 1.339118 0.846519 0.895381 0.000000 1.380058 1.914498 1.914498 1.049352 1.895504 2.197201 0.767056 0.383528 2.321819 2.320470 1.811843 2.053445 2.490379 1.277414 2.639394 0.000000 1.286226 0.000000 1.605876 0.847714 0.484968 1.533065 2.298027 1.915546 1.049352 1.911574 2.321819 1.915546 2.706978 2.447384 1.533065 1.595641 0.879475 1.676103 2.276125 0.908757 0.000000 0.000000 2.053445 2.203794 0.932658 1.914498 1.915546 2.448733 1.914498 1.915546 2.320470 1.150585 0.383528 1.868166 0.565106 0.918991 0.484968 0.908757 1.731106 1.386631 0.932658 0.565106 1.286226 2.101795 1.326519 1.532018 1.530970 1.915546 2.321819 0.000000 0.383528 1.914498 1.914498 0.767056 1.577804 0.942602 0.767056 0.767056 0.383528 1.444897 1.369823 1.357134 1.814372 1.790427 1.134575 1.915546 1.532018 2.585869 2.428271 2.994043 2.585869 2.298027 0.767056 0.767056 0.383528 0.000000 0.565106 1.390293 1.286226 0.000000 1.286226 1.851359 2.353134 1.756104 1.330307 1.914498 1.914498 2.020097 1.836215 2.659184 1.515876 2.428271 2.393755 1.859971 2.321819 1.734936 1.915546 1.749171 1.804137 0.484968 1.749171 2.373836 0.891428 1.130650 0.000000 2.931809 2.365788 1.532018 1.854500 0.000000 1.909226 2.085246 2.561249 2.428271 3.119653 0.767056 1.914498 0.985479 2.558028 0.985479 1.960284 0.000000 1.405854 0.447690 0.000000 