Releaseoutput64/1/TotalBA_60.asc
ncols  20
nrows  20
xllcorner  0
yllcorner  0
cellsize  30
NODATA_value  -9999
0.000000 0.000000 0.000000 0.000000 0.000000 0.000000 0.000000 0.000000 0.000000 0.000000 0.000000 0.000000 0.000000 0.000000 0.000000 0.000000 2.260423 2.260423 2.074655 0.000000 0.000000 0.000000 0.000000 0.000000 0.000000 0.000000 0.000000 0.000000 0.000000 0.000000 0.000000 0.000000 0.000000 0.000000 0.000000 0.000000 1.917660 2.056578 0.000000 0.000000 0.000000 0.000000 1.917660 2.417418 2.278500 0.000000 0.000000 0.000000 0.000000 0.000000 0.000000 0.000000 0.000000 2.278500 2.074655 2.074655 2.417418 1.917660 2.260423 2.417418 0.000000 2.278500 2.278500 1.713815 1.935737 2.278500 2.260423 2.278500 2.417418 2.056578 2.278500 2.278500 2.417418 2.278500 0.000000 0.000000 0.000000 0.000000 0.000000 0.000000 1.713815 2.278500 2.278500 2.278500 2.056578 2.278500 1.917660 2.417418 1.713815 2.260423 0.000000 0.000000 0.000000 0.000000 0.000000 0.000000 3.143524 2.685127 2.574948 1.712218 2.056578 2.278500 2.278500 2.056578 2.260423 2.278500 0.000000 0.000000 0.000000 0.000000 0.000000 0.000000 2.639162 2.746574 2.363474 2.344687 2.815029 0.000000 0.000000 2.868395 2.260423 0.000000 0.000000 0.000000 0.000000 0.000000 0.000000 0.000000 2.960291 0.000000 2.444030 2.058380 0.000000 1.537402 2.746247 0.681528 2.636249 3.064624 2.755767 2.743409 0.000000 0.000000 0.000000 0.000000 3.000002 2.687493 0.000000 2.296553 2.863521 2.705408 1.198358 2.837576 2.545251 2.235208 2.803707 0.000000 2.846516 2.510652 2.397126 1.932046 2.344731 2.855993 2.687493 2.639162 2.344731 2.575584 2.618000 0.681528 2.550083 2.736772 2.515443 2.902383 2.187558 2.014661 2.668845 1.887106 2.250758 2.896405 2.145850 2.173730 2.639162 2.687493 2.687493 2.657239 2.574377 2.709933 2.579919 2.532326 1.694680 1.712218 2.695568 2.952202 2.158827 0.000000 1.868417 2.954099 2.278831 2.152739 1.896722 2.363474 0.407691 2.687493 2.657239 2.531353 2.613995 2.549430 2.601550 2.659038 2.151722 2.716483 2.133740 2.592181 2.158827 2.178353 0.000000 2.223160 2.849560 1.887106 2.082414 2.168048 0.407691 2.687493 2.687493 2.143636 2.416099 2.450589 2.893871 2.735300 2.739796 2.278801 2.868036 1.799307 2.572821 2.158827 1.857954 1.823463 2.329067 2.301143 2.383637 1.927325 2.278322 2.374985 2.639162 2.528271 3.046849 2.560575 2.601550 2.368334 3.048526 2.715404 3.674846 2.929669 2.244508 2.158827 2.139349 1.884399 2.555404 2.161308 1.883669 1.660892 2.687493 2.639162 2.676958 2.843264 2.247073 2.533016 2.567507 2.424518 2.424518 1.522769 1.571206 2.747950 2.267439 1.805535 1.847491 1.364631 2.196430 2.270650 2.604539 2.260178 2.687493 2.639162 2.278322 2.426860 2.152390 2.611627 2.278322 2.574377 2.323703 2.014145 2.108398 0.495550 2.731399 1.646427 2.815665 2.202380 2.268026 1.598378 2.082414 1.799705 2.687493 2.687493 2.574377 2.278322 2.278322 2.601550 2.498526 1.845827 1.729171 0.551731 2.072347 2.319412 2.453663 2.918532 1.712218 2.163895 0.551731 1.673714 2.049725 2.107622 2.032222 2.344731 2.014145 2.218475 2.224744 2.196204 2.278322 2.278322 2.538967 1.766387 2.643836 1.784459 2.185990 2.194767 1.932046 2.495526 1.883608 2.207931 2.547364 2.016217 2.639162 2.687493 2.116436 2.425084 2.482137 1.895436 2.278322 2.538967 2.549430 2.549430 2.567507 0.551731 2.418992 1.364631 1.885545 1.364631 2.210428 1.729171 2.082414 1.792961 2.561068 2.657239 2.425084 1.975187 2.596924 2.599105 2.425084 2.425084 2.404233 2.378412 2.090487 2.278322 1.598378 2.204167 2.218152 1.472005 2.747775 1.631331 2.489526 2.526436 2.958942 2.425084 2.657239 2.390275 2.626275 2.331135 2.571828 2.694269 2.425084 2.272689 2.538967 2.590830 0.895381 2.647614 0.895381 1.453879 2.246385 2.490906 2.616747 1.881069 