Releaseoutput64/1/TotalBio_150.asc
ncols  20
nrows  20
xllcorner  0
yllcorner  0
cellsize  30
NODATA_value  -9999
0.000000 0.000000 0.000000 0.000000 0.000000 0.000000 0.000000 0.000000 0.000000 0.000000 0.000000 0.000000 0.000000 0.000000 0.000000 0.000000 5.300947 5.300947 0.000000 0.000000 0.000000 0.000000 0.000000 0.000000 0.000000 0.000000 0.000000 0.000000 0.000000 0.000000 0.000000 0.000000 0.000000 0.000000 0.000000 0.000000 5.300947 0.000000 0.000000 0.000000 0.000000 0.000000 5.300947 0.000000 5.300947 0.000000 0.000000 0.000000 0.000000 0.000000 0.000000 0.000000 0.000000 5.300947 0.000000 0.000000 0.000000 5.300947 5.300947 0.000000 0.000000 0.000000 5.300947 0.000000 5.300947 5.300947 5.300947 5.300947 0.000000 0.000000 5.300947 5.300947 0.000000 5.300947 0.000000 0.000000 0.000000 0.000000 0.000000 0.000000 0.000000 5.300947 5.300947 5.300947 0.000000 5.300947 5.300947 0.000000 0.000000 0.000000 0.000000 0.000000 0.000000 0.000000 0.000000 0.000000 24.540650 21.559321 5.549784 16.481185 0.000000 5.300947 5.300947 0.000000 5.300947 5.300947 0.000000 0.000000 0.000000 0.000000 0.000000 0.000000 0.000000 10.708590 4.979513 11.099568 5.488612 0.000000 0.000000 5.488612 5.300947 0.000000 0.000000 0.000000 0.000000 0.000000 0.000000 0.000000 16.527009 0.000000 27.564806 25.582314 0.000000 26.740289 26.520087 5.488612 27.174970 16.384868 16.573076 0.000000 0.000000 0.000000 0.000000 0.000000 0.000000 0.000000 0.000000 25.763972 5.488612 12.649222 10.708590 27.565105 16.197202 0.000000 16.278171 0.000000 0.000000 0.000000 0.000000 23.838158 0.000000 0.000000 0.000000 0.000000 0.000000 15.869761 0.000000 5.488612 20.507236 26.600513 27.041200 10.977225 0.000000 5.488612 11.038396 16.164666 21.498149 26.953682 27.556773 16.303898 0.000000 0.000000 0.000000 0.000000 23.581499 13.615092 20.307132 10.322342 27.047933 16.481185 32.255714 0.000000 27.482421 0.000000 0.000000 5.300947 26.289996 5.407643 0.000000 5.488612 10.601894 0.000000 0.000000 0.000000 11.119066 0.000000 19.131689 30.948075 10.322342 10.957427 11.003495 0.000000 27.235949 0.000000 0.000000 21.772714 26.661685 16.164666 26.824823 21.772714 10.601894 0.000000 0.000000 0.000000 1.691107 1.691107 5.073766 26.440940 26.905792 0.000000 11.038396 9.857453 27.235299 27.235949 0.000000 0.000000 16.856759 5.630454 16.492107 5.488612 0.000000 0.000000 0.000000 18.420328 8.457111 0.000000 21.891200 16.730029 16.465836 0.000000 24.143981 27.422964 0.000000 26.953230 0.000000 16.197202 5.074209 10.815286 0.000000 16.446040 0.000000 0.000000 1.691551 6.765317 0.000000 0.000000 0.000000 18.420328 20.110628 21.749352 23.838158 31.210702 15.810954 32.136563 0.000000 15.869761 0.000000 11.099568 1.691795 5.630454 0.000000 0.000000 0.000000 1.691551 0.000000 18.420328 0.000000 19.131689 23.581499 0.000000 11.038396 10.710955 16.527009 27.261869 10.896255 0.000000 0.000000 28.287968 26.824823 11.038097 0.000000 0.000000 21.891200 0.000000 0.000000 20.110628 0.000000 0.000000 22.096290 1.691795 10.957427 5.630454 10.896255 11.226305 16.481185 11.038097 1.691795 15.869761 20.862156 0.000000 0.000000 0.000000 0.000000 18.420328 0.000000 0.000000 0.000000 0.000000 0.000000 5.300947 11.099568 0.000000 0.000000 0.000000 19.388348 16.384868 16.304441 21.772714 11.099568 5.549784 0.000000 0.000000 34.337478 30.810664 34.752726 24.612042 0.000000 0.000000 0.000000 0.000000 0.000000 1.691795 16.507211 15.869761 0.000000 15.869761 21.995824 27.726743 21.417180 16.138396 0.000000 0.000000 25.649493 21.900293 21.792511 11.145013 30.810664 30.577074 24.612042 18.420328 13.970519 0.000000 23.838158 21.711542 5.630454 23.838158 5.595852 10.789559 0.000000 0.000000 20.743690 30.395416 0.000000 22.015620 0.000000 5.595852 26.085406 27.281122 30.810664 30.810664 0.000000 0.000000 11.351652 0.000000 11.351652 5.300947 0.000000 16.599346 5.407643 0.000000 