Releaseoutput64/1/TotalBio_60.asc
ncols  20
nrows  20
xllcorner  0
yllcorner  0
cellsize  30
NODATA_value  -9999
0.000000 0.000000 0.000000 0.000000 0.000000 0.000000 0.000000 0.000000 0.000000 0.000000 0.000000 0.000000 0.000000 0.000000 0.000000 0.000000 23.497397 23.497397 21.818316 0.000000 0.000000 0.000000 0.000000 0.000000 0.000000 0.000000 0.000000 0.000000 0.000000 0.000000 0.000000 0.000000 0.000000 0.000000 0.000000 0.000000 19.899715 21.586082 0.000000 0.000000 0.000000 0.000000 19.899715 25.415997 23.729631 0.000000 0.000000 0.000000 0.000000 0.000000 0.000000 0.000000 0.000000 23.729631 21.818316 21.818316 25.415997 19.899715 23.497397 25.415997 0.000000 23.729631 23.729631 17.988400 20.131951 23.729631 23.497397 23.729631 25.415997 21.586082 23.729631 23.729631 25.415997 23.729631 0.000000 0.000000 0.000000 0.000000 0.000000 0.000000 17.988400 23.729631 23.729631 23.729631 21.586082 23.729631 19.899715 25.415997 17.988400 23.497397 0.000000 0.000000 0.000000 0.000000 0.000000 0.000000 28.038415 27.487700 27.447522 18.082212 21.586082 23.729631 23.729631 21.586082 23.497397 23.729631 0.000000 0.000000 0.000000 0.000000 0.000000 0.000000 27.482857 28.656507 25.063416 24.493233 29.732197 0.000000 0.000000 30.431069 23.497397 0.000000 0.000000 0.000000 0.000000 0.000000 0.000000 0.000000 29.015750 0.000000 25.893373 19.077457 0.000000 15.326817 26.212092 7.155156 24.581182 30.333059 29.017519 26.569274 0.000000 0.000000 0.000000 0.000000 31.312772 28.097797 0.000000 19.704980 30.371038 27.269013 12.311269 30.113611 26.449054 23.889878 26.635374 0.000000 30.169373 26.616120 25.176567 17.203942 24.500117 29.520611 28.097797 27.482857 24.500117 25.730810 28.005984 7.155156 25.781091 27.079893 26.231310 29.035951 22.504826 21.070817 25.617789 19.650328 22.760918 28.191379 20.618640 22.414428 27.482857 28.097797 28.097797 27.715091 17.145918 21.476717 25.731793 26.484817 17.183709 18.082212 26.634060 31.490506 22.545422 0.000000 19.982486 30.902326 20.508776 22.873209 20.351482 24.836653 3.822630 28.097797 27.715091 26.887497 27.976420 27.119732 17.310418 24.590322 22.398087 28.536127 22.625581 25.804189 22.545422 23.154031 0.000000 22.527904 27.952452 19.650328 19.933379 21.302708 3.822630 28.097797 28.097797 22.708922 24.428951 24.874254 25.964477 27.164943 28.239147 24.457420 30.414912 18.950980 26.812135 22.545422 19.846895 19.401592 25.120131 24.752218 25.049389 19.952459 23.652941 24.882822 27.482857 15.147953 24.990393 26.485212 17.310418 15.971966 29.035677 26.198252 22.862140 30.540049 24.011101 22.545422 22.650613 19.524541 23.329888 22.303361 20.181185 17.360316 28.097797 27.482857 25.928198 25.240276 22.119252 26.906664 27.351967 15.831583 15.831583 15.739732 13.374026 27.225653 23.183798 17.775531 19.711303 13.838671 23.386267 21.327478 22.614191 24.219229 28.097797 27.482857 23.652941 24.498713 22.093015 15.172070 23.652941 17.145918 15.653937 21.052906 19.288603 4.949455 27.548900 16.593408 29.785921 23.463743 24.316989 13.538526 19.933379 19.149561 28.097797 28.097797 17.145918 23.652941 23.652941 17.310418 26.461361 19.692136 18.236140 3.284249 21.830497 24.994076 25.941637 31.064650 18.082212 23.023223 3.284249 16.824800 19.239266 19.302826 21.285141 24.500117 21.052906 14.657632 23.754287 23.386460 23.652941 23.652941 26.984140 17.986190 25.306684 18.898174 23.256086 23.367099 17.203942 23.413791 18.379527 22.841626 21.875943 19.985411 27.482857 28.097797 18.715425 22.380453 22.786188 15.873678 23.652941 26.984140 27.119732 27.119732 27.351967 3.284249 24.848690 13.838671 20.205723 13.838671 22.906751 18.236140 19.933379 17.297099 26.511541 27.715091 22.380453 20.687427 26.312708 22.465869 22.380453 22.380453 21.893554 13.833619 14.315485 23.652941 13.538526 22.194075 23.675775 12.578525 23.650470 17.041231 21.106249 25.697253 21.725600 22.380453 27.715091 25.100590 28.112199 23.203178 24.755476 26.385563 22.380453 19.916661 26.984140 26.867916 9.959025 21.241378 9.959025 14.771215 24.035638 25.646957 27.292471 20.147455 