Releaseoutput64/1/TotalCarbon_10.asc
ncols  20
nrows  20
xllcorner  0
yllcorner  0
cellsize  30
NODATA_value  -9999
0.000000 0.000000 0.000000 0.000000 0.000000 0.000000 0.000000 0.000000 0.000000 0.000000 0.000000 0.000000 0.000000 0.000000 0.000000 0.000000 2.844447 2.844447 2.844447 0.000000 0.000000 0.000000 0.000000 0.000000 0.000000 0.000000 0.000000 0.000000 0.000000 0.000000 0.000000 0.000000 0.000000 0.000000 0.000000 0.000000 2.844447 2.844447 0.000000 0.000000 0.000000 0.000000 2.844447 2.844447 2.844447 0.000000 0.000000 0.000000 0.000000 0.000000 0.000000 0.000000 0.000000 2.844447 2.844447 2.844447 2.844447 2.844447 2.844447 2.844447 0.000000 2.844447 2.844447 2.844447 2.844447 2.844447 2.844447 2.844447 2.844447 2.844447 2.844447 2.844447 2.844447 2.844447 0.000000 0.000000 0.000000 0.000000 0.000000 0.000000 2.844447 2.844447 2.844447 2.844447 2.844447 2.844447 2.844447 2.844447 2.844447 2.844447 0.000000 0.000000 0.000000 0.000000 0.000000 0.000000 5.171355 3.799903 11.753268 4.004286 2.844447 2.844447 2.844447 2.844447 2.844447 2.844447 0.000000 0.000000 0.000000 0.000000 0.000000 0.000000 2.411377 9.921251 11.169131 5.274745 7.944232 0.000000 0.000000 16.072404 2.844447 0.000000 0.000000 0.000000 0.000000 0.000000 0.000000 0.000000 4.408084 0.000000 4.799995 6.472911 0.000000 8.689109 5.632080 1.516049 7.210352 4.408084 8.988019 8.538589 0.000000 0.000000 0.000000 0.000000 2.411377 2.411377 0.000000 5.632080 10.811623 5.788326 1.894747 4.799995 11.170402 10.464801 7.210352 0.000000 9.253746 6.903679 4.600637 1.405258 2.411377 2.411377 2.411377 2.411377 2.411377 8.708574 11.261851 1.516049 10.893873 7.594202 7.594202 7.210352 0.283374 3.876677 8.538589 3.811493 1.568864 9.232077 5.031351 4.012431 2.411377 2.411377 2.411377 2.411377 1.705461 6.813009 5.053223 9.282797 2.339382 4.004286 3.436074 11.738801 5.482453 0.000000 8.783932 9.581126 4.049810 16.166401 10.735278 6.483595 0.049027 2.411377 2.411377 7.398673 12.707542 7.734529 1.705461 4.049810 9.282797 9.253746 11.469513 7.927010 5.482453 7.274592 0.000000 4.012431 8.689109 3.811493 2.126936 4.012431 0.049027 2.411377 2.411377 6.560292 7.881100 7.873474 7.881100 5.788326 9.562914 16.166401 8.481411 10.903706 8.597272 5.482453 9.151619 8.512757 9.879768 8.870098 6.789755 4.363990 2.411377 2.411377 2.411377 1.705461 6.421346 5.684550 1.705461 1.705461 7.807124 8.540773 2.219645 8.597272 11.832290 5.482453 6.043747 8.995636 7.648193 4.246891 8.995636 4.012431 2.411377 2.411377 7.881100 7.259728 5.194038 7.722068 7.876263 1.705461 1.705461 2.316387 1.405258 7.594202 8.689109 2.903729 9.737080 2.737963 6.963233 7.546924 9.814737 8.616772 2.411377 2.411377 5.002713 6.968205 5.194038 1.705461 4.450809 1.705461 1.705461 4.685484 7.546924 0.402587 8.352759 1.268445 12.911541 8.618666 9.127790 1.405258 2.126936 8.870098 2.411377 2.411377 1.705461 5.580532 5.684550 1.705461 6.560292 7.881100 2.722783 0.940354 4.246891 9.585462 10.090517 7.944232 4.004286 8.870098 0.940354 4.246891 2.126936 6.955980 2.411377 2.411377 2.411377 1.705461 7.881100 7.881100 5.684550 5.002713 7.492649 1.220782 7.546924 7.004539 8.512757 8.569053 1.405258 7.571363 8.888761 4.246891 9.688043 7.546924 2.411377 2.411377 3.337343 3.337343 3.337343 3.337343 5.580532 6.814009 7.881099 7.881100 7.881100 0.940354 4.012431 2.737963 10.260476 2.737963 4.012431 2.722783 2.126936 8.213488 2.411377 2.411377 3.337343 9.714752 3.340681 8.597453 3.337343 3.337343 3.337343 1.705461 1.705461 5.684550 1.405258 4.012431 8.199410 1.405258 6.955980 8.995636 10.119874 9.283326 0.789048 3.337343 2.411377 8.934156 10.438169 5.569611 5.088413 4.264343 3.337343 3.337343 7.873474 5.684550 3.112173 6.955980 3.112173 1.220782 9.127790 8.106716 5.011777 9.955924 