Releaseoutput64/1/TotalBio_50.asc
ncols  20
nrows  20
xllcorner  0
yllcorner  0
cellsize  30
NODATA_value  -9999
0.000000 0.000000 0.000000 0.000000 0.000000 0.000000 0.000000 0.000000 0.000000 0.000000 0.000000 0.000000 0.000000 0.000000 0.000000 0.000000 20.604186 20.604186 19.672555 0.000000 0.000000 0.000000 0.000000 0.000000 0.000000 0.000000 0.000000 0.000000 0.000000 0.000000 0.000000 0.000000 0.000000 0.000000 0.000000 0.000000 24.201866 19.289852 0.000000 0.000000 0.000000 0.000000 24.201866 22.887532 24.201866 0.000000 0.000000 0.000000 0.000000 0.000000 0.000000 0.000000 0.000000 20.986890 24.201866 24.201866 22.887532 23.819161 20.604186 22.887532 0.000000 24.201866 24.201866 16.074875 24.201866 20.986890 20.604186 20.986890 22.887532 19.289852 24.201866 24.201866 22.887532 24.201866 0.000000 0.000000 0.000000 0.000000 0.000000 0.000000 24.201866 24.201866 24.201866 24.201866 19.289852 24.201866 24.201866 22.887532 16.074875 20.604186 0.000000 0.000000 0.000000 0.000000 0.000000 0.000000 25.137618 28.165403 26.130613 16.439066 19.289852 24.201866 24.201866 23.819161 20.604186 24.201866 0.000000 0.000000 0.000000 0.000000 0.000000 0.000000 28.200217 27.368591 24.218136 28.166891 27.273029 0.000000 0.000000 28.685488 20.604186 0.000000 0.000000 0.000000 0.000000 0.000000 0.000000 0.000000 25.394209 0.000000 28.236936 19.497363 0.000000 20.531295 25.073841 6.492563 24.872226 25.793663 30.057004 25.335894 0.000000 0.000000 0.000000 0.000000 29.972108 27.345744 0.000000 20.089786 28.653446 28.808916 10.788836 28.236936 25.194033 23.154031 23.557891 0.000000 28.527435 28.517943 23.795347 13.856796 27.345744 27.399642 27.345744 28.200217 27.345744 22.102558 27.255323 6.492563 26.843192 22.599534 23.324836 28.915208 23.637281 23.907320 23.697998 17.565403 18.700771 24.584995 22.178299 20.618522 28.200217 24.719380 29.972108 28.582922 16.773343 23.821694 25.835001 24.686920 14.222196 16.439066 22.799544 30.096120 19.769168 0.000000 22.635735 28.144341 17.590858 26.058007 20.069979 22.971799 2.628669 27.345744 28.582922 25.371362 26.789786 27.092517 16.822370 21.225978 24.686920 27.437662 24.967196 26.098973 19.769168 21.900082 0.000000 20.996804 24.189137 17.565403 16.626932 20.143470 2.628669 27.345744 27.345744 24.771300 22.894775 23.645307 24.827264 23.648349 25.776467 24.146692 28.411065 25.893966 23.918260 19.769168 19.188524 22.267908 23.714092 24.064031 22.652020 18.661889 27.228902 27.345744 29.972108 12.120882 23.694039 24.814501 16.822370 15.718562 26.443975 24.734789 19.579695 27.042297 23.367099 19.769168 21.052906 21.343549 21.677119 21.321319 19.769419 19.908065 27.345744 28.200217 24.246978 24.949586 23.648626 25.386240 26.136771 15.977841 16.822370 13.512411 13.856796 22.450614 20.034313 18.402961 22.921796 11.952165 22.282787 19.294111 22.050872 23.134478 27.345744 28.200217 24.602537 26.093758 20.586986 16.683194 24.602537 16.773343 16.822370 23.033015 18.336087 3.907675 29.243526 13.198593 29.352039 23.213880 23.899894 10.259116 15.502431 17.966857 29.171533 27.345744 16.773343 22.776748 22.776748 16.822370 25.974159 22.539091 18.271314 3.204491 21.328605 23.889526 24.420857 28.419656 16.439066 21.642013 3.204491 19.901651 14.517096 22.535879 27.345744 27.345744 24.719380 15.718562 22.921796 22.306856 25.403113 24.602537 25.521831 17.072522 24.805312 21.420733 22.098271 22.267908 13.856796 22.254467 23.120584 21.185728 24.445303 18.355372 28.200217 24.719380 14.941257 18.984240 18.819740 15.018733 22.776748 25.521831 25.754066 25.754066 26.136771 3.204491 22.517973 11.952165 19.813165 11.952165 19.908065 18.271314 16.626932 19.863616 28.582922 28.582922 18.984240 22.256820 27.025306 25.077445 18.984240 18.984240 18.188738 15.579385 15.194601 22.776748 13.856796 19.558353 25.161082 9.853382 21.067623 19.509711 20.014244 25.048384 21.200506 18.984240 29.972108 24.246343 27.429250 27.206134 21.162260 24.914760 18.984240 14.941257 25.521831 25.403113 9.491846 20.914773 9.491846 20.902437 23.410845 23.863790 25.095968 23.676810 