Releaseoutput64/1/TotalBA_20.asc
ncols  20
nrows  20
xllcorner  0
yllcorner  0
cellsize  30
NODATA_value  -9999
0.000000 0.000000 0.000000 0.000000 0.000000 0.000000 0.000000 0.000000 0.000000 0.000000 0.000000 0.000000 0.000000 0.000000 0.000000 0.000000 1.289268 1.485588 1.458416 0.000000 0.000000 0.000000 0.000000 0.000000 0.000000 0.000000 0.000000 0.000000 0.000000 0.000000 0.000000 0.000000 0.000000 0.000000 0.000000 0.000000 1.485588 1.289268 0.000000 0.000000 0.000000 0.000000 1.485588 1.485588 1.485588 0.000000 0.000000 0.000000 0.000000 0.000000 0.000000 0.000000 0.000000 1.485588 1.485588 1.485588 1.458416 1.289268 1.485588 1.458416 0.000000 1.485588 1.370852 1.458416 1.370852 1.485588 1.485588 1.485588 1.458416 1.458416 1.485588 1.485588 1.485588 1.485588 0.000000 0.000000 0.000000 0.000000 0.000000 0.000000 1.485588 1.485588 1.485588 1.485588 1.485588 1.485588 1.485588 1.485588 1.289268 1.370852 0.000000 0.000000 0.000000 0.000000 0.000000 0.000000 1.945944 1.950912 2.634225 1.058467 1.289268 1.485588 1.485588 1.289268 1.289268 1.485588 0.000000 0.000000 0.000000 0.000000 0.000000 0.000000 1.991878 1.911124 2.399198 2.099991 2.096319 0.000000 0.000000 2.337730 1.485588 0.000000 0.000000 0.000000 0.000000 0.000000 0.000000 0.000000 1.779143 0.000000 1.483324 1.460699 0.000000 2.498150 1.788194 0.411709 2.282674 1.779143 2.205027 2.749720 0.000000 0.000000 0.000000 0.000000 1.991435 1.991878 0.000000 1.788194 2.557326 1.915552 0.593054 1.483324 2.274263 2.288201 2.282674 0.000000 2.631390 1.826339 1.721907 0.546382 1.991837 1.984143 1.948197 1.673126 1.991878 1.911152 2.825519 0.411709 2.517839 1.792184 2.153024 2.282674 0.698890 1.567370 2.765730 1.040955 0.759494 2.106546 1.603107 1.326591 1.991878 1.991878 1.991878 1.991878 1.214939 2.487747 1.473206 1.930371 0.703221 1.058467 1.071478 2.318192 1.248529 0.000000 2.328675 2.059560 1.364008 2.726469 2.001968 1.906947 0.054345 1.991878 1.991878 2.453792 2.621942 2.664663 1.214939 1.364008 1.930371 2.601151 2.521771 2.806829 1.248529 2.158748 0.000000 1.326591 2.185642 1.040955 0.763903 1.326591 0.054345 1.991878 1.991878 2.575019 2.336350 2.336350 2.336350 1.915552 2.274263 2.726469 2.151405 2.566721 2.163553 1.248529 2.131946 2.104544 2.036439 2.035723 2.073234 1.401472 1.795557 1.991878 1.991878 1.214939 2.629118 1.566349 1.214939 1.214939 2.080932 2.751382 2.152921 2.220605 2.675226 1.248529 2.191238 1.680545 2.537155 1.532662 1.993053 1.326591 1.991878 1.991435 2.575019 2.711752 1.946183 2.336350 2.336310 1.214939 1.214939 0.721478 0.546382 1.888355 2.264935 0.869064 2.377548 0.719292 1.957319 2.421085 2.515437 1.962489 1.991878 1.991878 1.687551 2.691074 1.946183 1.214939 1.687551 1.214939 1.214939 1.551624 2.401042 0.159909 2.284745 0.522155 2.658504 1.915719 2.219396 0.546382 0.763903 2.132843 1.991878 1.991878 1.214939 1.835808 1.833159 1.214939 2.662461 2.485532 0.909642 0.432283 1.505489 2.057795 2.091812 2.554784 1.058467 1.820334 0.432283 1.325750 0.763903 2.255520 1.984183 1.991878 1.991878 1.214939 2.362893 2.534665 1.833159 1.687551 2.451086 0.990733 2.394397 2.023502 2.104544 2.104544 0.546382 2.436832 1.923860 1.522611 2.599694 2.295196 1.991878 1.991878 0.874692 0.874692 0.874692 0.874692 1.835808 2.684507 2.453832 2.451086 2.336350 0.432283 1.326591 0.719292 2.023075 0.719292 1.326591 0.909642 0.763903 2.046269 1.991837 1.991837 0.874692 2.253212 1.592827 2.822348 0.874692 0.874692 0.874692 1.214939 1.214939 1.833159 0.546382 1.326591 1.829661 0.546382 2.170225 1.993053 2.789014 2.323923 1.466002 0.874692 1.991878 1.795997 2.270617 2.352053 1.970338 1.798354 0.874692 0.874692 2.336350 1.833159 0.691382 1.993552 0.691382 0.990733 2.219396 1.684405 1.728704 2.349903 