Releaseoutput64/1/TotalCarbon_130.asc
ncols  20
nrows  20
xllcorner  0
yllcorner  0
cellsize  30
NODATA_value  -9999
0.000000 0.000000 0.000000 0.000000 0.000000 0.000000 0.000000 0.000000 0.000000 0.000000 0.000000 0.000000 0.000000 0.000000 0.000000 0.000000 2.489756 2.489756 0.000000 0.000000 0.000000 0.000000 0.000000 0.000000 0.000000 0.000000 0.000000 0.000000 0.000000 0.000000 0.000000 0.000000 0.000000 0.000000 0.000000 0.000000 2.489756 0.000000 0.000000 0.000000 0.000000 0.000000 2.489756 0.000000 2.489756 0.000000 0.000000 0.000000 0.000000 0.000000 0.000000 0.000000 0.000000 2.489756 0.000000 0.000000 0.000000 2.489756 2.489756 0.000000 0.000000 0.000000 2.489756 0.000000 2.489756 2.489756 2.489756 2.489756 0.000000 0.000000 2.489756 2.489756 0.000000 2.489756 0.000000 0.000000 0.000000 0.000000 0.000000 0.000000 0.000000 2.489756 2.489756 2.489756 0.000000 2.489756 2.489756 0.000000 0.000000 0.000000 0.000000 0.000000 0.000000 0.000000 0.000000 0.000000 11.637357 10.263920 2.703822 7.968470 0.000000 2.489756 2.489756 0.000000 2.489756 2.489756 0.000000 0.000000 0.000000 0.000000 0.000000 0.000000 6.187466 5.070342 2.224905 9.532620 2.650473 0.000000 0.000000 4.712962 2.489756 0.000000 0.000000 0.000000 0.000000 0.000000 0.000000 0.000000 12.116035 0.000000 13.361428 13.910394 0.000000 12.653421 15.050327 2.650473 13.024766 10.783063 8.045253 0.845775 0.000000 0.000000 0.000000 0.000000 6.187466 4.124977 0.000000 11.833546 2.650473 6.129961 5.070342 13.360246 7.720815 0.000000 7.790703 0.000000 0.000000 0.000000 6.187466 10.309836 6.187466 6.187466 6.187466 6.187466 6.187466 7.443303 0.000000 2.650473 9.421581 12.536626 12.920631 5.300947 12.374932 6.775450 5.354295 7.697853 10.210572 12.835079 14.199380 7.811644 4.124977 4.124977 4.124977 6.187466 12.046422 6.592356 14.058381 4.745923 12.914393 7.968470 15.330843 0.000000 13.294354 0.000000 0.000000 2.489756 14.499665 2.580585 0.000000 2.650473 4.979513 6.187466 6.187466 0.000000 5.425365 0.000000 10.228861 15.080588 4.745923 5.284407 5.324892 2.901531 13.086730 0.000000 0.000000 10.445578 13.435750 7.697853 12.721269 10.445578 4.979513 4.124977 6.187466 0.000000 0.844414 0.844414 2.533978 12.403291 12.791157 0.000000 5.354295 4.398146 13.076293 13.086730 0.000000 0.000000 8.294090 2.774892 7.975365 6.775450 6.187466 4.124977 6.187466 9.673460 4.224682 8.249954 10.357570 8.830384 9.643214 0.845897 11.979167 13.237010 0.000000 12.839115 0.000000 7.720815 2.534714 5.161171 0.000000 7.934880 6.187466 6.187466 0.845150 3.379128 6.187466 0.000000 0.000000 9.673460 9.670761 10.431078 12.127396 14.452758 7.396396 15.235058 0.000000 7.443303 0.000000 8.309174 2.537105 2.774892 2.062489 6.187466 4.124977 0.845150 8.243099 9.673460 4.124977 10.228861 11.200646 2.062489 8.255826 5.076783 8.850666 13.099055 5.231059 0.000000 0.000000 12.127396 12.721269 5.355478 6.187466 4.124977 11.203346 6.187466 4.124977 9.670761 0.000000 0.000000 10.726312 1.691329 5.284407 2.774892 5.231059 5.519198 7.968470 5.355478 1.691329 7.443303 9.691700 4.957042 4.124977 6.187466 4.124977 9.673460 0.000000 0.000000 6.187466 6.187466 0.000000 8.677222 5.407643 0.000000 0.000000 0.000000 8.492275 7.881532 7.814648 10.445578 7.944969 5.605352 4.124977 4.124977 15.169994 14.124459 15.502183 10.904317 6.187466 0.000000 0.000000 0.000000 0.000000 1.691329 7.988229 7.443303 0.000000 7.443303 10.638702 13.501204 10.140684 7.673908 6.187466 6.187466 11.751498 10.558954 15.168224 5.448399 14.124459 13.940327 10.904317 9.673460 7.010125 4.124977 10.309836 10.392230 2.774892 10.309836 6.491490 5.140230 2.537570 0.000000 10.037969 13.792270 4.124977 10.655241 0.000000 8.931772 12.098397 13.958488 14.124459 16.165232 0.000000 6.187466 5.630454 6.648715 5.630454 10.739710 0.000000 8.069198 2.580585 0.000000 