Releaseoutput64/1/TotalCarbon_40.asc
ncols  20
nrows  20
xllcorner  0
yllcorner  0
cellsize  30
NODATA_value  -9999
0.000000 0.000000 0.000000 0.000000 0.000000 0.000000 0.000000 0.000000 0.000000 0.000000 0.000000 0.000000 0.000000 0.000000 0.000000 0.000000 10.903209 8.276845 8.173399 0.000000 0.000000 0.000000 0.000000 0.000000 0.000000 0.000000 0.000000 0.000000 0.000000 0.000000 0.000000 0.000000 0.000000 0.000000 0.000000 0.000000 9.884332 10.505458 0.000000 0.000000 0.000000 0.000000 9.884332 9.486581 9.884332 0.000000 0.000000 0.000000 0.000000 0.000000 0.000000 0.000000 0.000000 8.571150 9.884332 9.884332 9.486581 9.590026 10.903209 9.486581 0.000000 9.884332 9.884332 6.565911 9.884332 8.571150 8.276845 8.571150 9.486581 7.879094 9.884332 9.884332 9.486581 9.884332 0.000000 0.000000 0.000000 0.000000 0.000000 0.000000 9.884332 11.197514 9.884332 9.884332 7.879094 9.884332 9.884332 9.486581 10.505458 8.276845 0.000000 0.000000 0.000000 0.000000 0.000000 0.000000 10.321769 12.208115 12.097451 7.308755 10.505458 11.197514 9.884332 9.590026 10.903209 9.884332 0.000000 0.000000 0.000000 0.000000 0.000000 0.000000 12.412098 12.140735 13.198957 13.192398 13.775797 0.000000 0.000000 13.147778 10.903209 0.000000 0.000000 0.000000 0.000000 0.000000 0.000000 0.000000 11.304118 0.000000 11.721157 7.656494 0.000000 12.031517 11.061877 2.870615 10.493110 12.269473 13.275173 13.264885 0.000000 0.000000 0.000000 0.000000 13.106691 12.193796 0.000000 9.468129 14.101492 13.659487 4.577363 11.721157 13.036953 10.950041 12.078113 0.000000 13.098578 12.602594 10.752140 5.181932 12.193796 11.647510 12.193796 12.412098 12.193796 9.426295 12.993151 2.870615 11.687899 11.015549 13.265758 12.475864 10.954734 11.386650 12.543557 7.627014 7.236126 10.369729 10.205223 9.221838 12.448806 13.106691 13.106691 12.743111 7.708388 10.786885 10.987215 11.307453 5.654608 7.308755 8.779940 14.012409 8.556183 0.000000 10.539618 12.832372 10.333879 14.371792 9.787856 10.340170 0.795502 12.193796 13.106691 13.090748 12.657927 12.881373 7.708388 10.251629 11.307453 13.280540 11.439690 12.159313 8.556183 12.150755 0.000000 9.529709 10.560961 7.627014 6.480057 7.614751 0.795502 12.193796 12.193796 12.205567 12.138117 10.824934 12.789320 9.573373 13.036953 13.714625 13.509340 13.885244 12.271142 8.556183 9.035083 11.545330 11.612721 11.527940 10.960691 9.021584 11.717505 12.193796 13.106691 7.708388 11.374268 10.842415 7.708388 7.708388 12.447714 12.523609 9.194978 11.687375 12.397482 8.556183 11.046508 9.438171 11.143487 10.318989 12.280964 10.282499 12.193796 12.412098 12.089449 11.446381 10.281863 12.021999 12.071870 7.708388 7.708388 5.600538 5.181932 11.238200 8.419191 7.152263 10.758688 5.087700 10.218983 10.464062 11.800105 10.736526 12.193796 12.412098 10.366517 12.318672 10.281863 6.100900 10.366517 7.703552 7.708388 9.855780 9.528946 1.466395 14.195334 4.929451 13.335882 10.537968 11.586696 5.181932 6.252676 10.270150 12.668597 12.193796 7.708388 11.158049 11.158049 7.708388 11.420224 11.016287 7.457751 1.532259 10.505004 11.178834 11.323205 14.054751 7.308755 9.962680 1.532259 9.804218 6.082306 10.392784 13.106691 12.193796 13.106691 7.319938 12.623774 11.586213 11.242703 10.366517 12.899395 7.700907 11.569409 11.162625 10.121756 10.232148 5.181932 10.359848 10.283353 9.805120 11.264793 9.444497 12.412098 13.106691 7.275186 7.275186 7.275186 7.275186 11.158049 12.255438 13.090748 12.329469 12.071870 1.532259 10.079632 5.087700 10.520862 5.087700 10.282499 7.457751 5.822890 8.419260 12.743111 12.743111 7.275186 11.710804 11.805990 11.646649 7.275186 7.275186 7.275186 5.712450 6.920026 11.158049 5.181932 9.221838 11.157272 5.099682 9.916636 9.505967 11.213016 11.970181 10.204279 7.275186 13.106691 11.428675 13.124147 13.225742 8.569626 11.310156 7.275186 7.275186 12.138117 11.242703 4.449810 9.572185 4.449810 9.499747 12.128350 10.245463 11.459733 13.414594 