Releaseoutput64/1/TotalBio_100.asc
ncols  20
nrows  20
xllcorner  0
yllcorner  0
cellsize  30
NODATA_value  -9999
0.000000 0.000000 0.000000 0.000000 0.000000 0.000000 0.000000 0.000000 0.000000 0.000000 0.000000 0.000000 0.000000 0.000000 0.000000 0.000000 24.515192 24.515192 24.544913 0.000000 0.000000 0.000000 0.000000 0.000000 0.000000 0.000000 0.000000 0.000000 0.000000 0.000000 0.000000 0.000000 0.000000 0.000000 0.000000 0.000000 24.515192 24.520375 0.000000 0.000000 0.000000 0.000000 24.515192 24.544913 24.539729 0.000000 0.000000 0.000000 0.000000 0.000000 0.000000 0.000000 0.000000 24.539729 24.544913 24.544913 24.544913 24.515192 24.515192 24.544913 0.000000 20.458184 24.539729 20.433646 24.539729 20.452999 24.515192 20.428462 24.544913 24.520375 24.539729 24.539729 24.544913 24.539729 0.000000 0.000000 0.000000 0.000000 0.000000 0.000000 20.433646 24.539729 20.428462 24.539729 24.520375 24.539729 24.515192 20.433646 20.433646 20.433646 0.000000 0.000000 0.000000 0.000000 0.000000 0.000000 24.085128 29.852601 17.340733 14.362005 24.520375 20.428462 24.539729 24.520375 20.428462 24.539729 0.000000 0.000000 0.000000 0.000000 0.000000 0.000000 28.500403 25.017553 7.237150 30.305179 21.141915 0.000000 0.000000 17.025149 24.515192 0.000000 0.000000 0.000000 0.000000 0.000000 0.000000 0.000000 26.527349 0.000000 24.247437 23.800479 0.000000 25.415034 28.679434 4.745923 26.941084 23.722439 22.902971 19.852423 0.000000 0.000000 0.000000 0.000000 24.389137 32.611670 0.000000 28.404972 12.995877 23.438448 12.642622 29.629758 13.277278 8.249954 25.206690 0.000000 20.597465 24.670483 24.503881 17.270416 24.413674 28.500403 28.524941 28.500403 28.524941 16.291453 4.111267 4.745923 22.992123 29.093587 30.761067 19.433594 24.257898 21.043595 23.750343 17.332831 30.327279 23.717694 29.525424 13.645543 24.457420 24.481958 32.611670 24.413674 21.827433 16.052171 25.893001 23.756440 22.338336 14.362005 26.202098 12.361221 27.654683 0.000000 12.374932 16.404518 30.480775 4.449810 0.000000 17.120854 8.163090 32.611670 24.413674 12.298436 10.046870 8.197996 19.372647 33.249229 23.756440 21.790543 17.860935 17.915994 27.654683 24.684194 0.000000 18.328942 31.016005 17.332831 25.594065 23.308455 8.163090 20.370691 32.611670 16.371454 9.870449 13.981715 13.262435 24.421414 25.933610 0.000000 26.211634 6.361125 23.028035 27.654683 12.361221 16.447950 15.763064 5.300947 14.356904 16.918618 24.389137 24.457420 24.413674 17.716166 12.504895 20.258661 18.482123 21.827433 21.729634 19.766572 23.220288 28.142222 8.236244 27.654683 20.520969 21.527232 17.368823 17.122153 4.124977 14.175246 28.524941 24.413674 18.077277 18.992202 21.993515 20.520969 16.434240 19.848793 18.159964 18.340069 18.182637 26.893457 20.266119 25.885820 12.347510 12.166476 20.583754 15.614832 13.313763 21.787145 20.414437 28.500403 20.346153 9.854744 20.181185 19.305322 20.346153 19.117813 20.138604 20.414437 15.381242 8.614634 20.286635 27.203394 13.320710 20.583754 4.124977 22.307614 21.512520 9.750757 32.611670 28.500403 19.372647 20.302408 20.346153 18.159964 24.607698 8.211706 19.538715 3.374981 13.540589 9.425924 9.195733 26.858109 14.362005 13.862023 3.374981 20.402720 24.643878 11.310950 24.481958 24.438212 24.457420 18.192312 12.347510 8.197996 20.302408 20.302408 16.395992 16.210494 15.775553 16.395992 16.423413 16.447950 19.484078 23.855740 15.384077 22.453919 19.150488 10.635319 24.457420 24.481958 23.079864 24.698447 24.187929 29.167442 24.389137 12.284725 12.298436 12.322973 8.222533 3.374981 14.408835 12.166476 4.124977 12.166476 19.154758 24.839662 21.144256 13.126967 24.413674 24.413674 24.698447 18.853697 27.102896 21.030149 24.698447 26.640386 23.079864 15.992360 14.592168 24.389137 13.159149 22.176898 21.773434 13.159149 23.938786 17.077422 19.135467 9.927795 22.188706 20.478209 24.481958 19.217281 12.374932 27.217471 31.443384 24.827688 24.698447 26.640386 16.395992 20.302408 10.977225 20.467914 10.977225 20.253477 8.236244 18.897129 16.797320 8.249954 