Releaseoutput64/1/TotalCarbon_20.asc
ncols  20
nrows  20
xllcorner  0
yllcorner  0
cellsize  30
NODATA_value  -9999
0.000000 0.000000 0.000000 0.000000 0.000000 0.000000 0.000000 0.000000 0.000000 0.000000 0.000000 0.000000 0.000000 0.000000 0.000000 0.000000 5.305065 6.217960 6.135710 0.000000 0.000000 0.000000 0.000000 0.000000 0.000000 0.000000 0.000000 0.000000 0.000000 0.000000 0.000000 0.000000 0.000000 0.000000 0.000000 0.000000 6.217960 5.305065 0.000000 0.000000 0.000000 0.000000 6.217960 6.217960 6.217960 0.000000 0.000000 0.000000 0.000000 0.000000 0.000000 0.000000 0.000000 6.217960 6.217960 6.217960 6.135710 5.305065 6.217960 6.135710 0.000000 6.217960 5.743159 6.135710 5.743159 6.217960 6.217960 6.217960 6.135710 6.135710 6.217960 6.217960 6.217960 6.217960 0.000000 0.000000 0.000000 0.000000 0.000000 0.000000 6.217960 6.217960 6.217960 6.217960 6.217960 6.217960 6.217960 6.217960 5.305065 5.743159 0.000000 0.000000 0.000000 0.000000 0.000000 0.000000 7.500252 7.897015 13.040686 5.217920 5.305065 6.217960 6.217960 5.305065 5.305065 6.217960 0.000000 0.000000 0.000000 0.000000 0.000000 0.000000 7.509029 9.176389 12.258543 8.575592 9.744097 0.000000 0.000000 11.009772 6.217960 0.000000 0.000000 0.000000 0.000000 0.000000 0.000000 0.000000 7.071373 0.000000 6.897203 7.404008 0.000000 11.446228 7.282600 2.005238 9.734148 7.071373 10.151834 11.632343 0.000000 0.000000 0.000000 0.000000 7.508481 7.509029 0.000000 7.282600 12.506993 8.593620 2.805499 6.897203 11.415999 11.576697 9.734148 0.000000 12.301896 8.608004 7.205615 2.381292 7.509000 7.491289 7.362458 6.103622 7.509029 9.472916 14.093820 2.005238 12.362411 8.078278 9.993236 9.734148 2.345132 6.428667 11.302950 5.064167 3.191525 9.638333 6.552191 5.952055 7.509029 7.509029 7.509029 7.509029 3.297558 9.060885 7.098388 9.620978 3.221125 5.217920 4.822719 11.217806 6.353584 0.000000 10.710519 9.910292 5.713510 14.135648 10.451218 9.023493 0.164500 7.509029 7.509029 10.257166 13.450860 10.580522 3.297558 5.713510 9.620978 12.065135 12.546899 11.223112 6.353584 9.820181 0.000000 5.952055 9.838740 5.064167 3.199978 5.952055 0.164500 7.509029 7.509029 10.155891 10.143385 10.143385 10.143385 8.593620 11.415999 14.135648 9.979604 12.984652 10.636362 6.353584 10.569827 10.157975 10.203930 10.284289 9.067533 5.169746 6.596135 7.509029 7.509029 3.297558 9.086837 5.598896 3.297558 3.297558 8.741360 11.601415 5.385395 10.839229 13.285251 6.353584 9.411002 8.323048 8.757168 6.804401 9.930535 5.952055 7.509029 7.508481 10.155891 9.932323 6.644881 10.143385 10.143355 3.297558 3.297558 3.344086 2.381292 8.680053 10.777002 4.073325 11.703560 3.524605 8.952363 8.982650 10.665575 9.496386 7.509029 7.509029 5.874809 10.151788 6.644881 3.297558 5.874809 3.297558 3.297558 5.976376 8.755082 0.681681 10.423218 2.183059 13.246581 8.967182 11.276206 2.381292 3.199978 10.799433 7.509029 7.509029 3.297558 6.392093 6.387258 3.297558 9.418226 10.531835 4.118060 1.221130 6.722151 10.461541 10.628248 11.988423 5.217920 9.191945 1.221130 5.944367 3.199978 8.482562 7.491318 7.509029 7.509029 3.297558 10.413348 10.245358 6.387258 5.874809 10.618186 3.740564 9.469171 9.239397 10.157975 10.157975 2.381292 8.624894 8.970759 6.779888 10.561464 9.071421 7.509029 7.509029 4.198669 4.198669 4.198669 4.198669 6.392093 10.385072 10.257196 10.618186 10.143385 1.221130 5.952055 3.524605 10.363311 3.524605 5.952055 4.118060 3.199978 9.260642 7.509000 7.509000 4.198669 10.906255 6.241978 11.146073 4.198669 4.198669 4.198669 3.297558 3.297558 6.387258 2.381292 5.952055 8.633151 2.381292 7.536721 9.930535 11.308007 10.923885 3.554303 4.198669 7.509029 7.938949 11.473744 9.378743 8.720887 6.568463 4.198669 4.198669 10.143385 6.387258 3.635121 6.663314 3.635121 3.740564 11.276206 7.707365 7.799166 11.742428 