Releaseoutput64/1/TotalCarbon_90.asc
ncols  20
nrows  20
xllcorner  0
yllcorner  0
cellsize  30
NODATA_value  -9999
0.000000 0.000000 0.000000 0.000000 0.000000 0.000000 0.000000 0.000000 0.000000 0.000000 0.000000 0.000000 0.000000 0.000000 0.000000 0.000000 11.925017 11.925017 12.150822 0.000000 0.000000 0.000000 0.000000 0.000000 0.000000 0.000000 0.000000 0.000000 0.000000 0.000000 0.000000 0.000000 0.000000 0.000000 0.000000 0.000000 11.925017 12.128949 0.000000 0.000000 0.000000 0.000000 11.925017 12.150822 11.946891 0.000000 0.000000 0.000000 0.000000 0.000000 0.000000 0.000000 0.000000 11.946891 12.150822 12.150822 12.150822 11.925017 11.925017 12.150822 0.000000 10.129330 11.946891 10.107457 11.946891 9.925400 11.925017 9.903526 12.150822 12.128949 11.946891 11.946891 12.150822 11.946891 0.000000 0.000000 0.000000 0.000000 0.000000 0.000000 10.107457 11.946891 9.903526 11.946891 12.128949 11.946891 11.925017 10.107457 10.107457 10.107457 0.000000 0.000000 0.000000 0.000000 0.000000 0.000000 13.927335 14.113329 12.652570 10.896084 12.128949 9.903526 11.946891 12.128949 9.903526 11.946891 0.000000 0.000000 0.000000 0.000000 0.000000 0.000000 14.056099 16.193575 9.506627 14.775904 12.417106 0.000000 0.000000 12.431633 11.925017 0.000000 0.000000 0.000000 0.000000 0.000000 0.000000 0.000000 14.623278 0.000000 13.957377 11.247373 0.000000 11.696651 13.679807 4.287394 12.630321 15.592981 13.113322 11.948710 0.000000 0.000000 0.000000 0.000000 14.056099 16.099464 0.000000 12.939862 12.523637 15.499843 7.964186 16.675188 6.083238 10.298732 12.069966 0.000000 14.378606 12.262852 12.115160 8.411811 14.077972 15.971057 16.099464 14.056099 14.077972 11.595030 6.168342 4.287394 14.715175 13.490810 14.539266 9.406852 11.896521 10.267537 13.635599 10.170595 16.253205 12.995080 13.833182 10.431427 14.056099 12.095219 16.099464 12.034608 9.698757 11.815045 13.628101 13.384926 10.273760 10.896084 11.988280 12.342097 12.903320 0.000000 10.291877 12.063027 14.167886 6.165750 6.187466 8.391805 3.635121 16.099464 12.034608 12.286082 6.867979 10.252322 8.469277 14.840082 13.384926 14.693342 12.766773 12.948824 12.903320 12.275121 0.000000 12.620256 16.706848 10.170595 11.574999 12.685801 3.635121 10.051854 16.099464 12.232816 9.018074 11.061438 12.779171 15.228462 11.997204 4.124977 12.808131 6.822917 10.704596 12.903320 10.279608 10.238611 7.650927 8.768051 6.755434 8.211903 12.012735 12.073346 12.034608 9.126444 10.337918 9.952505 9.669565 9.698757 14.531885 11.872160 11.344479 13.152713 10.286464 12.903320 10.185345 10.194505 8.630787 10.230763 8.243099 10.763616 14.077972 12.034608 11.028427 11.477770 10.836393 14.310323 14.351320 9.770439 9.770439 10.589403 10.344774 15.487235 9.448345 11.821891 10.267340 9.539397 10.241360 11.630272 8.700550 10.790850 10.090593 14.056099 12.012735 9.004186 9.884709 8.384241 10.029981 8.625994 9.669565 10.090593 9.419727 3.929048 13.847796 12.579384 12.508777 12.303849 8.243099 10.344774 12.269183 8.746335 16.099464 14.056099 8.469277 9.991243 10.029981 8.113479 14.269326 10.264591 9.255300 1.683719 8.519587 8.761196 10.453143 15.262542 10.896084 8.727211 1.683719 11.738323 10.583638 7.580630 12.095219 12.056481 12.073346 9.613722 10.267340 10.252322 9.991243 9.991243 14.317178 7.765821 9.709598 10.192201 10.216738 10.238611 9.810277 11.422866 7.193643 10.550913 9.330784 9.257310 14.056099 16.099464 11.231789 12.601735 11.832218 14.361876 12.012735 10.211325 12.286082 10.245466 10.274195 1.683719 8.849184 9.539397 8.243099 9.539397 11.074089 11.835886 9.534226 10.130874 12.034608 12.034608 10.539246 12.962823 14.733706 12.362639 12.601735 12.450561 9.169300 8.227525 8.770646 12.012735 7.817719 10.164783 10.778581 8.424079 11.717615 8.153732 9.543954 11.132017 10.539917 13.557392 12.095219 11.110165 12.354366 13.382164 16.287841 15.699672 12.601735 14.513050 14.317178 9.991243 5.407643 12.134761 5.407643 9.748574 10.286464 13.200896 10.245624 6.173755 