Releaseoutput64/1/TotalBio_40.asc
ncols  20
nrows  20
xllcorner  0
yllcorner  0
cellsize  30
NODATA_value  -9999
0.000000 0.000000 0.000000 0.000000 0.000000 0.000000 0.000000 0.000000 0.000000 0.000000 0.000000 0.000000 0.000000 0.000000 0.000000 0.000000 21.806418 16.553689 16.346797 0.000000 0.000000 0.000000 0.000000 0.000000 0.000000 0.000000 0.000000 0.000000 0.000000 0.000000 0.000000 0.000000 0.000000 0.000000 0.000000 0.000000 19.768664 21.010916 0.000000 0.000000 0.000000 0.000000 19.768664 18.973163 19.768664 0.000000 0.000000 0.000000 0.000000 0.000000 0.000000 0.000000 0.000000 17.142299 19.768664 19.768664 18.973163 19.180053 21.806418 18.973163 0.000000 19.768664 19.768664 13.131822 19.768664 17.142299 16.553689 17.142299 18.973163 15.758188 19.768664 19.768664 18.973163 19.768664 0.000000 0.000000 0.000000 0.000000 0.000000 0.000000 19.768664 22.395028 19.768664 19.768664 15.758188 19.768664 19.768664 18.973163 21.010916 16.553689 0.000000 0.000000 0.000000 0.000000 0.000000 0.000000 20.643538 24.416231 24.194903 14.617509 21.010916 22.395028 19.768664 19.180053 21.806418 19.768664 0.000000 0.000000 0.000000 0.000000 0.000000 0.000000 24.824195 24.281471 26.397915 26.384795 27.551593 0.000000 0.000000 26.295556 21.806418 0.000000 0.000000 0.000000 0.000000 0.000000 0.000000 0.000000 22.608237 0.000000 23.442314 15.312988 0.000000 24.063033 22.123754 5.741230 20.986220 24.538946 26.550345 26.529770 0.000000 0.000000 0.000000 0.000000 26.213381 24.387592 0.000000 18.936258 28.202983 27.318975 9.154727 23.442314 26.073905 21.900082 24.156225 0.000000 26.197156 25.205188 21.504281 10.363864 24.387592 23.295021 24.387592 24.824195 24.387592 18.852589 25.986301 5.741230 23.375799 22.031098 26.531517 24.951727 21.909469 22.773300 25.087115 15.254028 14.472253 20.739458 20.410447 18.443676 24.897612 26.213381 26.213381 25.486222 15.416776 21.573769 21.974429 22.614907 11.309216 14.617509 17.559880 28.024818 17.112367 0.000000 21.079236 25.664744 20.667759 28.743584 19.575712 20.680340 1.591004 24.387592 26.213381 26.181495 25.315854 25.762746 15.416776 20.503259 22.614907 26.561080 22.879379 24.318627 17.112367 24.301509 0.000000 19.059417 21.121922 15.254028 12.960114 15.229502 1.591004 24.387592 24.387592 24.411134 24.276233 21.649869 25.578641 19.146745 26.073905 27.429250 27.018679 27.770488 24.542283 17.112367 18.070166 23.090660 23.225443 23.055881 21.921381 18.043168 23.435009 24.387592 26.213381 15.416776 22.748536 21.684831 15.416776 15.416776 24.895428 25.047218 18.389955 23.374750 24.794964 17.112367 22.093015 18.876342 22.286974 20.637977 24.561928 20.564998 24.387592 24.824195 24.178898 22.892761 20.563726 24.043998 24.143741 15.416776 15.416776 11.201076 10.363864 22.476401 16.838382 14.304525 21.517376 10.175401 20.437967 20.928124 23.600210 21.473052 24.387592 24.824195 20.733034 24.637344 20.563726 12.201801 20.733034 15.407104 15.416776 19.711559 19.057893 2.932790 28.390667 9.858901 26.671764 21.075936 23.173392 10.363864 12.505353 20.540299 25.337195 24.387592 15.416776 22.316098 22.316098 15.416776 22.840447 22.032574 14.915501 3.064517 21.010008 22.357668 22.646409 28.109502 14.617509 19.925359 3.064517 19.608437 12.164612 20.785568 26.213381 24.387592 26.213381 14.639875 25.247549 23.172425 22.485406 20.733034 25.798790 15.401814 23.138818 22.325250 20.243511 20.464296 10.363864 20.719696 20.566706 19.610240 22.529586 18.888994 24.824195 26.213381 14.550373 14.550373 14.550373 14.550373 22.316098 24.510876 26.181495 24.658938 24.143741 3.064517 20.159264 10.175401 21.041724 10.175401 20.564998 14.915501 11.645779 16.838521 25.486222 25.486222 14.550373 23.421609 23.611981 23.293299 14.550373 14.550373 14.550373 11.424900 13.840053 22.316098 10.363864 18.443676 22.314543 10.199364 19.833272 19.011934 22.426031 23.940361 20.408558 14.550373 26.213381 22.857349 26.248294 26.451485 17.139251 22.620313 14.550373 14.550373 24.276233 22.485406 8.899620 19.144369 8.899620 18.999495 24.256699 20.490927 22.919465 26.829188 