Releaseoutput64/1/TotalBio_20.asc
ncols  20
nrows  20
xllcorner  0
yllcorner  0
cellsize  30
NODATA_value  -9999
0.000000 0.000000 0.000000 0.000000 0.000000 0.000000 0.000000 0.000000 0.000000 0.000000 0.000000 0.000000 0.000000 0.000000 0.000000 0.000000 10.610131 12.435920 12.271420 0.000000 0.000000 0.000000 0.000000 0.000000 0.000000 0.000000 0.000000 0.000000 0.000000 0.000000 0.000000 0.000000 0.000000 0.000000 0.000000 0.000000 12.435920 10.610131 0.000000 0.000000 0.000000 0.000000 12.435920 12.435920 12.435920 0.000000 0.000000 0.000000 0.000000 0.000000 0.000000 0.000000 0.000000 12.435920 12.435920 12.435920 12.271420 10.610131 12.435920 12.271420 0.000000 12.435920 11.486317 12.271420 11.486317 12.435920 12.435920 12.435920 12.271420 12.271420 12.435920 12.435920 12.435920 12.435920 0.000000 0.000000 0.000000 0.000000 0.000000 0.000000 12.435920 12.435920 12.435920 12.435920 12.435920 12.435920 12.435920 12.435920 10.610131 11.486317 0.000000 0.000000 0.000000 0.000000 0.000000 0.000000 14.982003 15.794030 26.081371 10.435840 10.610131 12.435920 12.435920 10.610131 10.610131 12.435920 0.000000 0.000000 0.000000 0.000000 0.000000 0.000000 15.006495 18.345098 24.517086 17.151184 19.488194 0.000000 0.000000 22.019544 12.435920 0.000000 0.000000 0.000000 0.000000 0.000000 0.000000 0.000000 14.124245 0.000000 13.794406 14.808016 0.000000 22.892456 14.565201 4.010477 19.468295 14.124245 20.303668 23.264687 0.000000 0.000000 0.000000 0.000000 15.006495 15.006495 0.000000 14.565201 25.006337 17.168740 5.610998 13.794406 22.831997 23.153393 19.468295 0.000000 24.603792 17.216008 14.410875 4.761637 15.006495 14.971073 14.713354 12.195681 15.006495 18.945417 28.187641 4.010477 24.716076 16.156556 19.986471 19.468295 4.690264 12.857334 22.605900 10.128334 6.383050 19.272158 13.104383 11.904111 15.006495 15.006495 15.006495 15.006495 6.594168 18.121414 14.179222 19.241956 6.442250 10.435840 9.645439 22.435613 12.707168 0.000000 21.421039 19.820168 11.427019 28.271296 20.902437 18.046985 0.329000 15.006495 15.006495 20.514332 26.901719 21.160984 6.594168 11.427019 19.241956 24.130270 25.093797 22.446165 12.707168 19.640361 0.000000 11.904111 19.677481 10.128334 6.382404 11.904111 0.329000 15.006495 15.006495 20.311723 20.286710 20.286710 20.286710 17.168740 22.831997 28.271296 19.959208 25.969245 21.272724 12.707168 21.139655 20.315949 20.407861 20.568578 18.135067 10.339493 13.180706 15.006495 15.006495 6.594168 18.173318 11.197793 6.594168 6.594168 17.482719 23.202772 10.770791 21.678458 26.570501 12.707168 18.801159 16.646095 17.514335 13.607617 19.861071 11.904111 15.006495 15.006495 20.311723 19.864586 13.289763 20.286710 20.286710 6.594168 6.594168 6.688173 4.761637 17.360107 21.554005 8.146650 23.407121 7.049211 17.904726 17.961949 21.331151 18.992771 15.006495 15.006495 11.748462 20.303577 13.289763 6.594168 11.748462 6.594168 6.594168 11.952751 17.506814 1.363361 20.812012 4.366117 26.490850 17.926684 22.552412 4.761637 6.382404 21.598865 15.006495 15.006495 6.594168 12.784187 12.774515 6.594168 18.836392 21.063611 8.236119 2.442259 13.443117 20.923082 21.256497 23.976846 10.435840 18.383890 2.442259 11.887548 6.382404 16.954153 14.971073 15.006495 15.006495 6.594168 20.826636 20.490657 12.774515 11.748462 21.236313 7.481128 18.934992 18.478793 20.315949 20.315949 4.761637 17.241694 17.941519 13.558590 21.122928 18.139491 15.006495 15.006495 8.379785 8.379785 8.379785 8.379785 12.784187 20.770086 20.514332 21.236313 20.286710 2.442259 11.904111 7.049211 20.726623 7.049211 11.904111 8.236119 6.382404 18.521283 15.006495 15.006495 8.379785 21.811413 12.483957 22.292145 8.379785 8.379785 8.379785 6.594168 6.594168 12.774515 4.761637 11.904111 17.266302 4.761637 15.062472 19.861071 22.616014 21.847769 7.108607 8.379785 15.006495 15.877898 22.947489 18.757368 17.441774 13.136927 8.379785 8.379785 20.286710 12.774515 7.270242 13.315657 7.270242 7.481128 22.552412 15.407051 15.598331 23.484856 