Releaseoutput64/1/TotalBasal_AgeRange_70.asc
ncols  20
nrows  20
xllcorner  0
yllcorner  0
cellsize  30
NODATA_value  -9999
0.000000 0.000000 0.000000 0.000000 0.000000 0.000000 0.000000 0.000000 0.000000 0.000000 0.000000 0.000000 0.000000 0.000000 0.000000 0.000000 2.421459 2.421459 2.175503 0.000000 0.000000 0.000000 0.000000 0.000000 0.000000 0.000000 0.000000 0.000000 0.000000 0.000000 0.000000 0.000000 0.000000 0.000000 0.000000 0.000000 2.060619 2.165040 0.000000 0.000000 0.000000 0.000000 2.060619 2.175503 2.431922 0.000000 0.000000 0.000000 0.000000 0.000000 0.000000 0.000000 0.000000 2.431922 2.175503 2.175503 2.175503 2.060619 2.421459 2.175503 0.000000 2.431922 2.431922 1.804200 2.071082 2.431922 2.421459 2.431922 2.175503 2.165040 2.431922 2.431922 2.175503 2.431922 0.000000 0.000000 0.000000 0.000000 0.000000 0.000000 1.804200 2.431922 2.431922 2.431922 2.165040 2.431922 2.060619 1.804200 1.804200 2.421459 0.000000 0.000000 0.000000 0.000000 0.000000 0.000000 2.968503 2.625530 2.267226 1.828196 2.165040 2.431922 2.431922 2.165040 2.421459 2.431922 0.000000 0.000000 0.000000 0.000000 0.000000 0.000000 2.482112 2.824966 2.433887 2.528460 2.573062 0.000000 0.000000 2.965276 2.421459 0.000000 0.000000 0.000000 0.000000 0.000000 0.000000 0.000000 3.013318 0.000000 2.670828 2.328226 0.000000 1.785319 2.759379 0.726295 2.900132 3.073180 2.618196 2.800532 0.000000 0.000000 0.000000 0.000000 2.482112 2.853415 0.000000 2.621099 2.970182 2.832934 1.312601 2.684278 2.054874 2.267623 3.020966 0.000000 2.635576 2.590097 2.540257 1.968728 2.492575 2.794620 2.853415 2.482112 2.492575 2.800922 2.651257 0.726295 2.582832 2.642339 2.732094 2.864732 2.399341 2.146564 2.502341 2.040219 2.555375 2.930441 2.438854 2.019723 2.482112 2.510652 2.853415 2.121272 2.578325 2.889481 2.665953 2.673840 1.925491 1.828196 2.701998 2.644877 2.001181 0.000000 1.892969 2.763651 2.639768 2.212925 1.908869 2.116351 0.512838 2.853415 2.121272 2.601586 2.305146 2.251210 2.635377 2.791523 2.291360 2.875775 2.228164 2.750004 2.001181 2.235208 0.000000 2.054239 2.770252 2.040219 2.183529 2.133503 0.512838 2.482112 2.853415 2.215032 2.492305 2.512069 2.964684 2.772722 2.992821 2.292179 2.612491 1.887496 2.789510 2.001181 1.887019 1.867255 1.651378 1.954655 2.203705 2.095660 2.453572 2.510652 2.482112 2.321126 2.491748 1.731892 2.578325 2.380992 3.036378 2.784169 3.198851 2.799528 2.272850 2.001181 2.212844 2.041496 2.656661 2.368386 1.901547 1.791381 2.853415 2.482112 2.385585 2.935581 2.031897 2.602749 2.622513 2.685917 2.685917 1.690555 1.747283 2.822270 2.521769 2.171676 1.881069 1.525747 1.868417 2.396650 1.973049 2.314030 2.510652 2.482112 2.110809 2.498217 2.374985 2.371666 2.110809 2.149969 2.298280 1.796586 2.004545 0.584053 2.868565 1.909768 2.928766 2.249022 2.286123 1.804336 2.210389 1.878325 2.853415 2.853415 2.578325 1.749969 1.768046 2.431532 2.582984 1.879906 1.897796 0.557892 1.436389 1.999186 2.556739 2.683427 1.828196 2.251505 0.557892 1.915839 2.105745 2.260707 2.149812 2.131735 2.139349 2.488584 2.261673 1.873956 1.749969 1.749969 2.606099 1.284708 2.181172 1.844891 2.239272 2.244508 2.004482 2.400766 2.016124 2.041588 1.977805 1.735184 2.482112 2.853415 1.829751 2.549339 2.316876 2.282259 2.110809 2.606099 2.612050 1.870605 2.622513 0.557892 2.130172 1.525747 1.902595 1.525747 2.171589 1.897796 2.163762 1.937695 2.121272 2.121272 2.549339 2.138250 2.651242 2.673736 2.549339 2.367137 2.311035 2.740157 2.412384 2.110809 1.654477 1.895141 1.927476 1.597424 2.517977 1.739098 2.560528 2.555146 2.399992 2.365261 2.492575 2.178489 2.656054 2.466948 2.662414 2.979713 2.549339 2.563663 2.606099 1.749969 0.922132 2.771667 0.922132 1.627471 2.273898 2.408944 2.489618 1.900073 