Releaseoutput64/1/TotalCarbon_110.asc
ncols  20
nrows  20
xllcorner  0
yllcorner  0
cellsize  30
NODATA_value  -9999
0.000000 0.000000 0.000000 0.000000 0.000000 0.000000 0.000000 0.000000 0.000000 0.000000 0.000000 0.000000 0.000000 0.000000 0.000000 0.000000 12.503071 12.503071 12.340655 0.000000 0.000000 0.000000 0.000000 0.000000 0.000000 0.000000 0.000000 0.000000 0.000000 0.000000 0.000000 0.000000 0.000000 0.000000 0.000000 0.000000 12.503071 12.333800 0.000000 0.000000 0.000000 0.000000 12.503071 12.340655 12.509927 0.000000 0.000000 0.000000 0.000000 0.000000 0.000000 0.000000 0.000000 12.509927 12.340655 12.340655 12.340655 12.503071 12.503071 12.340655 0.000000 10.285022 12.509927 10.278166 12.509927 10.454293 12.503071 10.447438 12.340655 12.333800 12.509927 12.509927 12.340655 12.509927 0.000000 0.000000 0.000000 0.000000 0.000000 0.000000 10.278166 12.509927 10.447438 12.509927 12.333800 12.509927 12.503071 10.278166 10.278166 10.278166 0.000000 0.000000 0.000000 0.000000 0.000000 0.000000 10.641311 15.570257 4.643074 7.509312 12.333800 10.447438 12.509927 12.333800 10.447438 12.509927 0.000000 0.000000 0.000000 0.000000 0.000000 0.000000 14.359482 6.660355 1.817560 13.359167 10.726000 0.000000 0.000000 6.595609 12.503071 0.000000 0.000000 0.000000 0.000000 0.000000 0.000000 0.000000 11.603081 0.000000 12.643322 11.759131 0.000000 11.470095 13.554790 2.489756 12.079796 10.219519 7.629986 5.815902 0.000000 0.000000 0.000000 0.000000 12.296994 12.322973 0.000000 16.024809 2.489756 9.916083 6.660355 15.381187 7.087623 0.000000 8.050315 0.000000 4.124977 8.243099 6.130094 10.042226 12.303849 12.303849 14.366337 12.296994 14.366337 6.638639 2.062489 2.489756 8.167018 11.285963 11.937303 4.979513 12.260188 8.632119 12.103583 9.119841 13.437505 12.611984 13.472605 7.235679 12.316118 12.322973 14.378606 12.303849 12.092824 8.290787 14.180493 6.144034 11.893113 7.509312 14.016434 2.062489 12.543646 0.000000 0.000000 6.343027 15.055759 2.372961 0.000000 2.489756 4.449810 16.421971 12.303849 4.111267 5.193578 4.118122 8.766807 15.771076 6.144034 7.016035 5.023435 9.033945 14.584418 6.180610 0.000000 9.699470 12.221942 9.119841 13.793599 12.280055 4.449810 10.260484 16.421971 8.229388 4.958764 7.021253 4.586850 13.131498 11.685489 0.000000 7.132830 3.636489 12.164406 12.211457 2.062489 4.118122 8.058116 2.703822 7.513191 8.632119 12.296994 12.316118 12.303849 10.030336 6.274340 10.229092 10.411448 11.256598 11.222865 7.858229 11.784251 14.802219 2.062489 11.786493 8.236244 7.087623 8.714261 8.870900 0.000000 7.443303 14.366337 12.303849 9.079320 9.541193 11.087136 8.236244 6.180610 10.052052 10.043128 9.691700 9.243265 12.615460 6.571302 13.876723 4.124977 6.638639 6.187466 8.028216 2.534714 4.766310 10.272753 14.359482 10.253629 4.954343 10.207219 7.989563 10.253629 9.603034 11.247674 10.272753 7.937387 4.621358 8.405652 12.201887 4.862718 6.187466 0.000000 9.243265 11.568694 5.076783 14.366337 12.316118 10.030336 10.241360 10.253629 10.043128 10.291877 2.055633 10.173091 1.689564 7.016035 2.703822 4.862718 13.590539 7.509312 7.139271 1.689564 8.701128 13.863993 5.733908 12.322973 12.310704 12.316118 10.052052 4.124977 4.118122 10.241360 10.241360 8.236244 8.354999 6.007068 8.236244 4.111267 4.118122 8.778698 12.323348 8.094237 9.699470 7.696620 5.447631 12.316118 12.322973 12.161714 12.114812 14.202486 14.202486 12.296994 6.173755 4.111267 4.118122 4.124977 1.689564 7.534132 6.638639 0.000000 6.638639 10.023889 12.876912 9.195733 7.020285 12.303849 12.303849 10.074039 9.898813 14.236683 10.679896 12.114812 11.853338 12.161714 9.253091 7.943374 12.296994 7.979737 11.833546 6.828799 7.979737 12.130940 4.714661 3.382033 2.908386 11.522802 11.630126 12.322973 10.049854 0.000000 11.688831 10.572128 13.060746 12.114812 15.226985 8.236244 10.241360 5.549784 10.326020 5.549784 10.398364 2.062489 7.673908 6.497938 0.000000 