Releaseoutput64/1/TotalBio_0.asc
ncols  20
nrows  20
xllcorner  0
yllcorner  0
cellsize  30
NODATA_value  -9999
0.000000 0.000000 0.000000 0.000000 0.000000 0.000000 0.000000 0.000000 0.000000 0.000000 0.000000 0.000000 0.000000 0.000000 0.000000 0.000000 0.869561 0.869561 0.869561 0.000000 0.000000 0.000000 0.000000 0.000000 0.000000 0.000000 0.000000 0.000000 0.000000 0.000000 0.000000 0.000000 0.000000 0.000000 0.000000 0.000000 0.869561 0.869561 0.000000 0.000000 0.000000 0.000000 0.869561 0.869561 0.869561 0.000000 0.000000 0.000000 0.000000 0.000000 0.000000 0.000000 0.000000 0.869561 0.869561 0.869561 0.869561 0.869561 0.869561 0.869561 0.000000 0.869561 0.869561 0.869561 0.869561 0.869561 0.869561 0.869561 0.869561 0.869561 0.869561 0.869561 0.869561 0.869561 0.000000 0.000000 0.000000 0.000000 0.000000 0.000000 0.869561 0.869561 0.869561 0.869561 0.869561 0.869561 0.869561 0.869561 0.869561 0.869561 0.000000 0.000000 0.000000 0.000000 0.000000 0.000000 6.446993 1.787181 18.502042 5.381318 0.869561 0.869561 0.869561 0.869561 0.869561 0.869561 0.000000 0.000000 0.000000 0.000000 0.000000 0.000000 0.798814 14.567470 34.117716 2.898020 9.328530 0.000000 0.000000 41.385186 0.869561 0.000000 0.000000 0.000000 0.000000 0.000000 0.000000 0.000000 5.089343 0.000000 6.168273 10.515129 0.000000 9.347525 9.381666 1.990289 9.858433 5.089343 10.843176 8.691666 0.000000 0.000000 0.000000 0.000000 0.798814 0.798814 0.000000 9.381666 16.344082 6.638711 2.177629 6.168273 20.204662 23.279794 9.858433 0.000000 10.758423 6.243057 6.133437 1.242744 0.798814 0.798814 0.798814 0.798814 0.798814 13.675950 21.558922 1.990289 16.344082 9.871388 9.871388 9.858433 0.000000 3.533233 8.691666 5.332104 1.032679 24.703097 5.525092 4.842996 0.798814 0.798814 0.798814 0.798814 1.846943 9.889725 6.240771 11.319098 3.264968 5.381318 4.661788 18.502042 9.344634 0.000000 25.803116 13.675950 5.304452 46.307288 23.729904 8.529370 0.019343 0.798814 0.798814 9.889725 22.514367 9.889725 1.846943 5.304452 11.319098 10.758423 18.502042 12.740497 9.344634 7.370821 0.000000 4.842996 9.347525 5.332104 2.910184 4.842996 0.019343 0.798814 0.798814 9.889725 9.889725 9.889725 9.889725 6.638711 20.204662 46.307288 10.792765 38.679867 12.580754 9.344634 23.279794 10.298664 18.050720 18.050720 12.196300 2.576462 0.798814 0.798814 0.798814 1.846943 9.889725 5.508346 1.846943 1.846943 11.820479 12.740497 1.314730 12.580754 17.864045 9.344634 5.389537 17.300889 7.944550 4.166702 17.300889 4.842996 0.798814 0.798814 9.889725 9.889725 5.508346 9.889725 9.889725 1.846943 1.846943 2.801757 1.242744 9.871388 9.347525 3.805658 16.511103 3.710276 8.529370 9.946628 16.829035 11.712912 0.798814 0.798814 5.508346 9.889725 5.508346 1.846943 5.508346 1.846943 1.846943 2.576462 9.946628 0.405734 12.076675 1.318633 23.009260 10.942698 23.729904 1.242744 2.910184 18.050720 0.798814 0.798814 1.846943 5.508346 5.508346 1.846943 9.889725 9.889725 3.286668 1.186578 4.166702 18.050720 14.604872 9.328530 5.381318 18.050720 1.186578 4.166702 2.910184 10.000856 0.798814 0.798814 0.798814 1.846943 9.889725 9.889725 5.508346 5.508346 9.889725 0.959274 9.946628 6.242761 10.298664 10.298664 1.242744 10.344134 12.196300 4.166702 16.829035 9.946628 0.798814 0.798814 4.857888 4.857888 4.857888 4.857888 5.508346 9.889725 9.889725 9.889725 9.889725 1.186578 4.842996 3.710276 23.729904 3.710276 4.842996 3.286668 2.910184 14.016341 0.798814 0.798814 4.857888 14.733894 3.414012 13.841211 4.857888 4.857888 4.857888 1.846943 1.846943 5.508346 1.242744 4.842996 11.712912 1.242744 10.000856 17.300889 18.236158 14.065004 0.254686 4.857888 0.798814 18.909338 15.565057 5.933956 4.556185 4.460548 4.857888 4.857888 9.889725 5.508346 5.054112 10.000856 5.054112 0.959274 23.729904 14.733894 5.471284 18.773636 