Releaseoutput64/1/TotalBio_10.asc
ncols  20
nrows  20
xllcorner  0
yllcorner  0
cellsize  30
NODATA_value  -9999
0.000000 0.000000 0.000000 0.000000 0.000000 0.000000 0.000000 0.000000 0.000000 0.000000 0.000000 0.000000 0.000000 0.000000 0.000000 0.000000 5.688894 5.688894 5.688894 0.000000 0.000000 0.000000 0.000000 0.000000 0.000000 0.000000 0.000000 0.000000 0.000000 0.000000 0.000000 0.000000 0.000000 0.000000 0.000000 0.000000 5.688894 5.688894 0.000000 0.000000 0.000000 0.000000 5.688894 5.688894 5.688894 0.000000 0.000000 0.000000 0.000000 0.000000 0.000000 0.000000 0.000000 5.688894 5.688894 5.688894 5.688894 5.688894 5.688894 5.688894 0.000000 5.688894 5.688894 5.688894 5.688894 5.688894 5.688894 5.688894 5.688894 5.688894 5.688894 5.688894 5.688894 5.688894 0.000000 0.000000 0.000000 0.000000 0.000000 0.000000 5.688894 5.688894 5.688894 5.688894 5.688894 5.688894 5.688894 5.688894 5.688894 5.688894 0.000000 0.000000 0.000000 0.000000 0.000000 0.000000 10.341742 7.599807 23.506536 8.008573 5.688894 5.688894 5.688894 5.688894 5.688894 5.688894 0.000000 0.000000 0.000000 0.000000 0.000000 0.000000 4.791551 19.841910 22.337164 10.524127 15.888464 0.000000 0.000000 32.144014 5.688894 0.000000 0.000000 0.000000 0.000000 0.000000 0.000000 0.000000 8.802520 0.000000 9.599990 12.928270 0.000000 17.378219 11.246606 3.032099 14.420703 8.802520 17.963355 17.059625 0.000000 0.000000 0.000000 0.000000 4.791551 4.791551 0.000000 11.246606 21.622618 11.575684 3.789494 9.599990 22.340803 20.929602 14.420703 0.000000 18.507493 13.807358 9.190294 2.775392 4.791551 4.791551 4.791551 4.791551 4.791551 17.417136 22.520526 3.032099 21.787118 15.170852 15.170852 14.420703 0.566748 7.753354 17.059625 7.622987 3.137727 18.463855 10.045149 8.024862 4.791551 4.791551 4.791551 4.791551 3.410902 13.626007 10.105497 18.565595 4.678765 8.008573 6.854596 23.477603 10.964907 0.000000 17.567864 19.162241 8.082067 32.332802 21.470555 12.967191 0.098054 4.791551 4.791551 14.797334 25.415083 15.469046 3.410902 8.082067 18.565595 18.507493 22.939026 15.835111 10.964907 14.548886 0.000000 8.024862 17.378219 7.622987 4.252924 8.024862 0.098054 4.791551 4.791551 13.120572 15.762188 15.746937 15.762188 11.575684 19.125828 32.332802 16.962822 21.806617 17.194544 10.964907 18.303237 17.025514 19.759535 17.740196 13.579509 8.704202 4.791551 4.791551 4.791551 3.410902 12.842681 11.360199 3.410902 3.410902 15.614247 17.064527 4.434207 17.194544 23.663483 10.964907 12.085657 17.991272 15.295277 8.493744 17.991272 8.024862 4.791551 4.791551 15.762188 14.519443 10.327235 15.444124 15.752516 3.410902 3.410902 4.632774 2.775392 15.170852 17.378219 5.807459 19.474161 5.475927 13.926465 15.079252 19.629473 17.232447 4.791551 4.791551 9.943249 13.936399 10.327235 3.410902 8.839441 3.410902 3.410902 9.360663 15.079252 0.805173 16.702543 2.536890 25.822900 17.225769 18.255580 2.775392 4.252924 17.740196 4.791551 4.791551 3.410902 11.137901 11.360199 3.410902 13.120572 15.762188 5.445567 1.880709 8.493744 19.170925 20.181033 15.888464 8.008573 17.740196 1.880709 8.493744 4.252924 13.885648 4.791551 4.791551 4.791551 3.410902 15.762188 15.762188 11.360199 9.943249 14.985287 2.441564 15.079252 14.009078 17.025514 17.138107 2.775392 15.131151 17.777523 8.493744 19.376087 15.079252 4.791551 4.791551 6.656184 6.656184 6.656184 6.656184 11.137901 13.628006 15.762188 15.762188 15.762188 1.880709 8.024862 5.475927 20.520952 5.475927 8.024862 5.445567 4.252924 16.426977 4.791551 4.791551 6.656184 19.406971 6.655998 17.194906 6.656184 6.656184 6.656184 3.410902 3.410902 11.360199 2.775392 8.024862 16.387850 2.775392 13.885648 17.991272 20.239749 18.555682 1.578096 6.656184 4.791551 17.865021 20.876336 11.139198 10.159273 8.511132 6.656184 6.656184 15.746937 11.360199 6.224346 13.885648 6.224346 2.441564 18.255580 16.191996 10.006001 19.911849 