Releaseoutput64/1/TotalBasal_AgeRange_140.asc
ncols  20
nrows  20
xllcorner  0
yllcorner  0
cellsize  30
NODATA_value  -9999
0.000000 0.000000 0.000000 0.000000 0.000000 0.000000 0.000000 0.000000 0.000000 0.000000 0.000000 0.000000 0.000000 0.000000 0.000000 0.000000 0.461066 0.461066 0.000000 0.000000 0.000000 0.000000 0.000000 0.000000 0.000000 0.000000 0.000000 0.000000 0.000000 0.000000 0.000000 0.000000 0.000000 0.000000 0.000000 0.000000 0.461066 0.000000 0.000000 0.000000 0.000000 0.000000 0.461066 0.000000 0.461066 0.000000 0.000000 0.000000 0.000000 0.000000 0.000000 0.000000 0.000000 0.461066 0.000000 0.000000 0.000000 0.461066 0.461066 0.000000 0.000000 0.000000 0.461066 0.000000 0.461066 0.461066 0.461066 0.461066 0.000000 0.000000 0.461066 0.461066 0.000000 0.461066 0.000000 0.000000 0.000000 0.000000 0.000000 0.000000 0.000000 0.461066 0.461066 0.461066 0.000000 0.461066 0.461066 0.000000 0.000000 0.000000 0.000000 0.000000 0.000000 0.000000 0.000000 0.000000 2.405519 1.878401 0.484968 1.438773 0.000000 0.461066 0.461066 0.000000 0.461066 0.461066 0.000000 0.000000 0.000000 0.000000 0.000000 0.000000 0.000000 0.932367 0.430362 0.969935 0.479082 0.000000 0.000000 0.479082 0.461066 0.000000 0.000000 0.000000 0.000000 0.000000 0.000000 0.000000 2.210187 0.000000 2.407163 2.647532 0.000000 2.327986 2.306917 0.479082 2.369700 1.812993 1.447568 0.282703 0.000000 0.000000 0.000000 0.000000 0.000000 0.000000 0.000000 2.234499 0.479082 1.238938 0.932367 2.407172 1.411449 0.000000 1.419230 0.000000 0.000000 0.000000 0.000000 2.051500 0.000000 0.000000 0.000000 0.000000 0.000000 1.380058 0.000000 0.479082 1.778281 2.314610 2.357011 0.958163 0.000000 0.479082 0.964049 1.408396 1.872515 2.348456 2.689081 1.421684 0.000000 0.000000 0.000000 0.000000 3.000605 1.859774 2.659864 0.895381 2.357483 1.438773 2.809698 0.000000 2.399302 0.000000 0.000000 0.461066 2.284862 0.471301 0.000000 0.479082 0.922132 0.000000 0.000000 0.000000 0.971821 0.000000 2.620397 2.967221 0.895381 0.956269 0.960705 0.383528 2.375691 0.000000 0.000000 1.898871 2.603199 1.408396 2.336036 1.898871 0.922132 0.000000 0.000000 0.000000 0.282498 0.282498 0.847603 2.299340 2.343816 0.000000 0.964049 0.851509 2.375490 2.375691 0.000000 0.000000 1.474883 0.492739 1.439787 0.479082 0.000000 0.000000 0.000000 2.552914 1.412881 0.000000 2.435606 2.270619 1.437245 0.000000 3.590445 2.393505 0.000000 2.348475 0.000000 1.411449 0.847714 0.942602 0.000000 1.435350 0.000000 0.000000 0.282608 1.130212 0.000000 0.000000 0.000000 2.552914 2.552507 1.896707 2.051500 2.709628 1.374462 2.798350 0.000000 1.380058 0.000000 1.353464 0.848075 0.492739 0.000000 0.000000 0.000000 0.282608 0.383528 2.552914 0.000000 2.620397 2.717902 0.000000 1.347578 0.932658 1.443131 2.378040 0.950383 0.000000 0.000000 2.431707 2.336036 0.964041 0.000000 0.000000 2.718309 0.000000 0.000000 2.552507 0.000000 0.000000 1.929984 0.565372 0.956269 0.492739 0.950383 0.982144 1.438773 0.964041 0.565372 1.380058 1.811843 1.049759 0.000000 0.000000 0.000000 2.552914 0.000000 0.000000 0.000000 0.000000 0.000000 0.461066 0.969935 0.000000 0.000000 0.000000 1.671293 1.429464 1.421772 1.898871 1.818043 0.868496 0.000000 0.000000 2.963298 2.671434 3.002814 2.124762 0.000000 0.000000 0.000000 0.000000 0.000000 0.565372 1.441236 1.380058 0.000000 1.380058 1.920318 2.422724 1.864735 1.405854 0.000000 0.000000 2.223743 1.911176 2.284294 0.974323 2.671434 2.649246 2.124762 2.552914 1.890004 0.000000 2.051500 1.892985 0.492739 2.051500 1.438338 0.940148 0.282703 0.000000 2.615906 2.631917 0.000000 1.922213 0.000000 0.489404 2.265203 2.379847 2.671434 2.671434 0.000000 0.000000 0.994231 1.332462 0.994231 0.461066 0.000000 1.450110 0.471301 0.000000 