Releaseoutput64/1/TotalBA_80.asc
ncols  20
nrows  20
xllcorner  0
yllcorner  0
cellsize  30
NODATA_value  -9999
0.000000 0.000000 0.000000 0.000000 0.000000 0.000000 0.000000 0.000000 0.000000 0.000000 0.000000 0.000000 0.000000 0.000000 0.000000 0.000000 2.160791 2.160791 2.233770 0.000000 0.000000 0.000000 0.000000 0.000000 0.000000 0.000000 0.000000 0.000000 0.000000 0.000000 0.000000 0.000000 0.000000 0.000000 0.000000 0.000000 2.160791 2.227820 0.000000 0.000000 0.000000 0.000000 2.160791 2.233770 2.166741 0.000000 0.000000 0.000000 0.000000 0.000000 0.000000 0.000000 0.000000 2.166741 2.233770 2.233770 2.233770 2.160791 2.160791 2.233770 0.000000 1.862467 2.166741 1.856517 2.166741 1.795438 2.160791 1.789488 2.233770 2.227820 2.166741 2.166741 2.233770 2.166741 0.000000 0.000000 0.000000 0.000000 0.000000 0.000000 1.856517 2.166741 1.789488 2.166741 2.227820 2.166741 2.160791 1.856517 1.856517 1.856517 0.000000 0.000000 0.000000 0.000000 0.000000 0.000000 2.799242 2.476324 2.311597 1.925100 2.227820 1.789488 2.166741 2.227820 1.789488 2.166741 0.000000 0.000000 0.000000 0.000000 0.000000 0.000000 2.573684 2.933993 2.498948 2.651938 2.643330 0.000000 0.000000 2.263866 2.160791 0.000000 0.000000 0.000000 0.000000 0.000000 0.000000 0.000000 2.859410 0.000000 2.397332 2.603397 0.000000 2.005987 2.740802 0.762688 3.125243 2.874089 2.334466 2.461751 0.000000 0.000000 0.000000 0.000000 2.573684 2.950937 0.000000 2.576286 3.052593 2.928033 1.409700 2.870727 1.797229 1.908650 2.391004 0.000000 2.661281 2.264273 2.224332 2.074689 2.579634 2.916446 2.950937 2.573684 2.579634 2.790050 2.292800 0.762688 2.856748 2.722264 2.919566 2.187760 2.165040 1.853795 2.584919 2.169784 2.814853 2.372992 2.497958 1.836551 2.573684 2.590097 2.950937 2.202380 2.561035 2.747957 2.879895 2.797913 2.126150 1.925100 2.821668 2.285904 2.202458 0.000000 1.906774 2.910845 2.880530 2.261237 1.147442 1.905548 0.608549 2.950937 2.202380 2.270653 1.977435 1.895999 2.183781 3.006617 2.414385 3.002979 2.302222 2.503562 2.202458 2.267623 0.000000 2.210208 3.028169 2.169784 2.099755 2.157695 0.608549 1.841540 2.950937 2.256125 1.787403 2.547137 3.004800 2.809246 2.827799 1.915546 2.307448 1.976910 2.590611 2.202458 1.903423 1.892246 1.709271 1.978660 1.923317 2.205334 2.196430 2.212844 2.573684 2.648993 2.525723 1.814663 2.279775 2.294225 3.192384 2.441218 3.353032 3.012234 2.288828 2.202458 1.877718 1.791381 1.961339 2.236544 1.911574 1.899034 2.579634 2.202380 2.157441 2.988284 2.107422 2.642679 2.653857 2.571426 2.571426 1.835455 1.901281 2.873942 2.443032 2.257392 1.900073 1.671346 1.892969 2.487928 1.986253 2.349237 2.590097 2.573684 2.196430 2.539199 2.167889 2.659384 1.835590 2.351390 2.546585 1.852004 2.141244 0.664593 2.976686 2.138467 2.637473 2.275450 1.528046 1.901281 2.201759 1.941871 2.950937 2.950937 2.183781 1.825127 1.835590 2.670627 2.631502 1.899349 2.036003 0.561305 1.513599 2.040946 2.640397 2.757647 1.925100 2.320172 0.561305 2.143651 2.095199 2.356805 2.218794 2.208330 2.212844 2.403817 2.282553 1.895999 1.825127 1.825127 2.644556 1.386794 1.861930 1.879595 2.269824 1.892246 2.080132 2.551285 2.129881 1.825851 2.040731 1.797826 2.573684 2.950937 1.849873 2.706249 2.543806 2.689535 2.196430 1.884822 2.270653 1.894122 2.273252 0.561305 1.544520 1.671346 1.528046 1.671346 1.924727 2.036003 1.987733 2.063723 2.202380 2.202380 2.706249 2.275650 2.900011 2.730594 2.706249 2.773345 2.204625 2.125764 2.122557 2.196430 1.493590 2.129729 1.963406 1.598234 2.614301 1.829218 2.614915 2.571325 2.580712 2.622439 2.579634 2.313757 2.672783 2.553035 2.823893 3.217481 2.706249 2.622439 2.644556 1.825127 0.942602 2.848348 0.942602 1.747634 1.905300 2.555825 2.591455 1.910746 