Releaseoutput64/1/TotalCarbon_120.asc
ncols  20
nrows  20
xllcorner  0
yllcorner  0
cellsize  30
NODATA_value  -9999
0.000000 0.000000 0.000000 0.000000 0.000000 0.000000 0.000000 0.000000 0.000000 0.000000 0.000000 0.000000 0.000000 0.000000 0.000000 0.000000 12.685404 12.685404 10.312442 0.000000 0.000000 0.000000 0.000000 0.000000 0.000000 0.000000 0.000000 0.000000 0.000000 0.000000 0.000000 0.000000 0.000000 0.000000 0.000000 0.000000 12.685404 12.374932 0.000000 0.000000 0.000000 0.000000 12.685404 10.312442 10.622916 0.000000 0.000000 0.000000 0.000000 0.000000 0.000000 0.000000 0.000000 10.622916 10.312442 10.312442 10.312442 12.685404 12.685404 10.312442 0.000000 8.249954 10.622916 10.312442 10.622916 8.560427 12.685404 10.622916 10.312442 12.374932 10.622916 10.622916 10.312442 10.622916 0.000000 0.000000 0.000000 0.000000 0.000000 0.000000 10.312442 10.622916 10.622916 10.622916 12.374932 10.622916 12.685404 10.312442 10.312442 10.312442 0.000000 0.000000 0.000000 0.000000 0.000000 0.000000 11.191194 16.073618 2.650473 7.767741 12.374932 10.622916 10.622916 12.374932 10.622916 10.622916 0.000000 0.000000 0.000000 0.000000 0.000000 0.000000 12.354366 4.862718 2.040773 13.537190 6.705563 0.000000 0.000000 4.636219 12.685404 0.000000 0.000000 0.000000 0.000000 0.000000 0.000000 0.000000 11.898374 0.000000 13.048710 12.945089 0.000000 12.131999 14.389311 2.580585 12.610915 10.540067 7.864992 1.691451 0.000000 0.000000 0.000000 0.000000 12.354366 8.236244 0.000000 15.502183 2.580585 8.047868 4.862718 13.045707 7.443303 0.000000 7.534132 0.000000 0.000000 2.062489 6.166900 9.234491 10.291877 10.291877 10.291877 12.354366 10.291877 7.087623 0.000000 2.580585 8.851333 11.983942 12.486350 5.161171 12.333800 8.754341 6.076956 9.480971 9.816265 13.211486 13.883183 7.560098 10.298732 8.236244 10.298732 10.291877 11.106200 8.497907 13.176500 4.449810 12.466738 7.767741 14.751432 0.000000 12.965627 0.000000 0.000000 4.435450 13.690186 2.489756 0.000000 2.580585 4.745923 12.354366 10.291877 4.124977 5.324892 2.062489 9.550114 16.907372 4.449810 5.140230 5.193578 9.076606 15.190532 2.062489 0.000000 10.119742 12.899384 9.480971 12.215192 10.119742 4.745923 8.236244 12.354366 6.187466 2.905565 2.905565 2.530566 13.877433 12.306021 0.000000 5.231059 4.045843 12.677366 12.700775 0.000000 2.062489 8.192434 2.744306 7.774163 8.754341 12.354366 10.298732 10.291877 8.881295 4.220130 10.285022 9.420004 10.265557 9.433307 7.879139 11.900324 12.884990 0.000000 12.375305 4.124977 7.443303 2.531905 4.979513 0.000000 7.720815 10.291877 10.291877 4.969391 7.499958 11.137774 4.124977 2.062489 8.881295 8.876384 10.106437 10.790578 13.632958 7.030396 14.633812 0.000000 7.087623 0.000000 8.190087 2.536257 2.744306 8.243099 12.354366 10.298732 4.969391 10.272753 8.881295 10.298732 10.390756 10.260646 8.243099 8.120199 4.875378 8.657420 12.706769 5.070342 0.000000 0.000000 10.790578 12.215192 5.234063 10.291877 10.298732 10.265557 10.291877 10.298732 8.876384 6.187466 2.062489 10.486062 1.690703 5.140230 2.744306 5.070342 9.573105 7.767741 5.234063 1.690703 7.087623 11.542996 5.778180 8.236244 8.229388 10.298732 8.881295 0.000000 2.062489 10.291877 10.291877 4.124977 8.539861 5.300947 4.124977 4.124977 2.062489 7.678404 7.650927 7.566539 10.119742 7.837608 5.539613 10.298732 8.236244 13.799904 13.222601 16.024809 13.799904 12.354366 4.124977 4.124977 2.062489 0.000000 1.690703 7.790703 7.087623 0.000000 7.087623 10.371289 13.230369 9.725436 7.386076 10.291877 10.291877 10.997696 10.270361 14.764634 7.047272 13.222601 12.999389 9.941571 8.881295 6.479655 10.298732 9.234491 10.049854 2.744306 9.234491 10.192577 4.953547 3.383002 0.000000 11.852267 12.815257 8.236244 10.392230 0.000000 9.716619 11.420638 13.567044 13.222601 16.857722 4.124977 10.291877 5.595852 10.377895 5.595852 10.595495 0.000000 7.897399 2.489756 0.000000 