Releaseoutput64/1/TotalCarbon_100.asc
ncols  20
nrows  20
xllcorner  0
yllcorner  0
cellsize  30
NODATA_value  -9999
0.000000 0.000000 0.000000 0.000000 0.000000 0.000000 0.000000 0.000000 0.000000 0.000000 0.000000 0.000000 0.000000 0.000000 0.000000 0.000000 12.257596 12.257596 12.272457 0.000000 0.000000 0.000000 0.000000 0.000000 0.000000 0.000000 0.000000 0.000000 0.000000 0.000000 0.000000 0.000000 0.000000 0.000000 0.000000 0.000000 12.257596 12.260188 0.000000 0.000000 0.000000 0.000000 12.257596 12.272457 12.269864 0.000000 0.000000 0.000000 0.000000 0.000000 0.000000 0.000000 0.000000 12.269864 12.272457 12.272457 12.272457 12.257596 12.257596 12.272457 0.000000 10.229092 12.269864 10.216823 12.269864 10.226500 12.257596 10.214231 12.272457 12.260188 12.269864 12.269864 12.272457 12.269864 0.000000 0.000000 0.000000 0.000000 0.000000 0.000000 10.216823 12.269864 10.214231 12.269864 12.260188 12.269864 12.257596 10.216823 10.216823 10.216823 0.000000 0.000000 0.000000 0.000000 0.000000 0.000000 12.042564 14.926300 8.670367 7.181002 12.260188 10.214231 12.269864 12.260188 10.214231 12.269864 0.000000 0.000000 0.000000 0.000000 0.000000 0.000000 14.250202 12.508777 3.618575 15.152589 10.570957 0.000000 0.000000 8.512575 12.257596 0.000000 0.000000 0.000000 0.000000 0.000000 0.000000 0.000000 13.263675 0.000000 12.123718 11.900240 0.000000 12.707517 14.339717 2.372961 13.470542 11.861220 11.451485 9.926212 0.000000 0.000000 0.000000 0.000000 12.194568 16.305835 0.000000 14.202486 6.497938 11.719224 6.321311 14.814879 6.638639 4.124977 12.603345 0.000000 10.298732 12.335242 12.251940 8.635208 12.206837 14.250202 14.262470 14.250202 14.262470 8.145727 2.055633 2.372961 11.496061 14.546793 15.380533 9.716797 12.128949 10.521797 11.875171 8.666416 15.163640 11.858847 14.762712 6.822771 12.228710 12.240979 16.305835 12.206837 10.913716 8.026086 12.946501 11.878220 11.169168 7.181002 13.101049 6.180610 13.827341 0.000000 6.187466 8.202259 15.240388 2.224905 0.000000 8.560427 4.081545 16.305835 12.206837 6.149218 5.023435 4.098998 9.686323 16.624615 11.878220 10.895272 8.930468 8.957997 13.827341 12.342097 0.000000 9.164471 15.508003 8.666416 12.797033 11.654228 4.081545 10.185345 16.305835 8.185727 4.935224 6.990858 6.631217 12.210707 12.966805 0.000000 13.105817 3.180563 11.514017 13.827341 6.180610 8.223975 7.881532 2.650473 7.178452 8.459309 12.194568 12.228710 12.206837 8.858083 6.252448 10.129330 9.241061 10.913716 10.864817 9.883286 11.610144 14.071111 4.118122 13.827341 10.260484 10.763616 8.684412 8.561077 2.062489 7.087623 14.262470 12.206837 9.038638 9.496101 10.996758 10.260484 8.217120 9.924396 9.079982 9.170035 9.091319 13.446729 10.133059 12.942910 6.173755 6.083238 10.291877 7.807416 6.656882 10.893573 10.207219 14.250202 10.173077 4.927372 10.090593 9.652661 10.173077 9.558906 10.069302 10.207219 7.690621 4.307317 10.143318 13.601697 6.660355 10.291877 2.062489 11.153807 10.756260 4.875378 16.305835 14.250202 9.686323 10.151204 10.173077 9.079982 12.303849 4.105853 9.769358 1.687490 6.770295 4.712962 4.597866 13.429055 7.181002 6.931012 1.687490 10.201360 12.321939 5.655475 12.240979 12.219106 12.228710 9.096156 6.173755 4.098998 10.151204 10.151204 8.197996 8.105247 7.887777 8.197996 8.211706 8.223975 9.742039 11.927870 7.692039 11.226960 9.575244 5.317660 12.228710 12.240979 11.539932 12.349223 12.093965 14.583721 12.194568 6.142363 6.149218 6.161486 4.111267 1.687490 7.204418 6.083238 2.062489 6.083238 9.577379 12.419831 10.572128 6.563483 12.206837 12.206837 12.349223 9.426849 13.551448 10.515075 12.349223 13.320193 11.539932 7.996180 7.296084 12.194568 6.579575 11.088449 10.886717 6.579575 11.969393 8.538711 9.567733 4.963897 11.094353 10.239104 12.240979 9.608641 6.187466 13.608736 15.721692 12.413844 12.349223 13.320193 8.197996 10.151204 5.488612 10.233957 5.488612 10.126738 4.118122 9.448564 8.398660 4.124977 