Releaseoutput64/1/TotalBasal_AgeRange_10.asc
ncols  20
nrows  20
xllcorner  0
yllcorner  0
cellsize  30
NODATA_value  -9999
0.000000 0.000000 0.000000 0.000000 0.000000 0.000000 0.000000 0.000000 0.000000 0.000000 0.000000 0.000000 0.000000 0.000000 0.000000 0.000000 0.823677 0.823677 0.823677 0.000000 0.000000 0.000000 0.000000 0.000000 0.000000 0.000000 0.000000 0.000000 0.000000 0.000000 0.000000 0.000000 0.000000 0.000000 0.000000 0.000000 0.823677 0.823677 0.000000 0.000000 0.000000 0.000000 0.823677 0.823677 0.823677 0.000000 0.000000 0.000000 0.000000 0.000000 0.000000 0.000000 0.000000 0.823677 0.823677 0.823677 0.823677 0.823677 0.823677 0.823677 0.000000 0.823677 0.823677 0.823677 0.823677 0.823677 0.823677 0.823677 0.823677 0.823677 0.823677 0.823677 0.823677 0.823677 0.000000 0.000000 0.000000 0.000000 0.000000 0.000000 0.823677 0.823677 0.823677 0.823677 0.823677 0.823677 0.823677 0.823677 0.823677 0.823677 0.000000 0.000000 0.000000 0.000000 0.000000 0.000000 1.411339 1.115935 2.508407 0.842436 0.823677 0.823677 0.823677 0.823677 0.823677 0.823677 0.000000 0.000000 0.000000 0.000000 0.000000 0.000000 0.750971 2.123126 2.259864 1.514701 1.779292 0.000000 0.000000 3.576213 0.823677 0.000000 0.000000 0.000000 0.000000 0.000000 0.000000 0.000000 1.137606 0.000000 1.081620 1.272467 0.000000 2.000397 1.319039 0.321722 1.793872 1.137606 2.044036 2.232330 0.000000 0.000000 0.000000 0.000000 0.750971 0.750971 0.000000 1.319039 2.272445 1.347927 0.416629 1.081620 2.235772 2.179620 1.793872 0.000000 2.103802 1.583296 1.154889 0.325256 0.750971 0.750971 0.750971 0.750971 0.750971 1.824955 2.381907 0.321722 2.299619 1.694619 1.694619 1.793872 0.123116 0.985767 2.232330 0.800539 0.418022 2.031165 1.292783 0.918882 0.750971 0.750971 0.750971 0.750971 0.610095 1.790115 1.088771 1.943484 0.516035 0.842436 0.764012 2.525526 1.077849 0.000000 2.020179 2.038892 0.979490 3.214649 2.160152 1.481960 0.020101 0.750971 0.750971 2.021579 2.559375 2.098544 0.610095 0.979490 1.943484 2.103802 2.413635 2.197727 1.077849 1.842525 0.000000 0.918882 2.000397 0.800539 0.494514 0.918882 0.020101 0.750971 0.750971 1.871646 2.142225 2.136314 2.142225 1.347927 1.923263 3.214649 1.939049 2.226732 1.804637 1.077849 1.914950 1.914003 2.050135 1.821832 1.586918 1.368812 0.750971 0.750971 0.750971 0.610095 1.833873 1.997514 0.610095 0.610095 1.916672 2.218867 0.970192 1.804637 2.495625 1.077849 1.549636 1.858103 2.212880 1.019495 1.858103 0.918882 0.750971 0.750971 2.142225 1.983808 1.835609 2.089986 2.139575 0.610095 0.610095 0.522772 0.325256 1.694619 2.000397 0.630590 2.119754 0.569211 1.599345 2.063610 2.344743 1.984843 0.750971 0.750971 1.781006 1.945904 1.835609 0.610095 1.581939 0.610095 0.610095 1.434102 2.063610 0.101849 1.919426 0.323506 2.658900 1.920489 1.847644 0.325256 0.494514 1.821832 0.750971 0.750971 0.610095 1.974981 1.997514 0.610095 1.871646 2.142225 0.635900 0.348249 1.019495 2.002297 2.042640 1.779292 0.842436 1.821832 0.348249 1.019495 0.494514 1.951649 0.750971 0.750971 0.750971 0.610095 2.142225 2.142225 1.997514 1.781006 1.993043 0.329487 2.063610 1.739220 1.914003 1.927375 0.325256 2.152875 2.149250 1.019495 2.396805 2.063610 0.750971 0.750971 0.689407 0.689407 0.689407 0.689407 1.974981 1.896314 2.142223 2.142225 2.142225 0.348249 0.918882 0.569211 2.045416 0.569211 0.918882 0.635900 0.494514 1.889958 0.750971 0.750971 0.689407 2.085953 0.853387 2.331611 0.689407 0.689407 0.689407 0.610095 0.610095 1.997514 0.325256 0.918882 2.030201 0.325256 1.951649 1.858103 2.583853 2.120061 0.353615 0.689407 0.750971 2.000185 2.208147 1.531981 1.199038 1.278496 0.689407 0.689407 2.136315 1.997514 0.608549 1.951649 0.608549 0.329487 1.847644 1.773001 1.140932 2.062178 