Releaseoutput64/1/TotalBio_30.asc
ncols  20
nrows  20
xllcorner  0
yllcorner  0
cellsize  30
NODATA_value  -9999
0.000000 0.000000 0.000000 0.000000 0.000000 0.000000 0.000000 0.000000 0.000000 0.000000 0.000000 0.000000 0.000000 0.000000 0.000000 0.000000 15.012047 17.638411 17.232677 0.000000 0.000000 0.000000 0.000000 0.000000 0.000000 0.000000 0.000000 0.000000 0.000000 0.000000 0.000000 0.000000 0.000000 0.000000 0.000000 0.000000 17.638411 14.606313 0.000000 0.000000 0.000000 0.000000 17.638411 17.638411 17.638411 0.000000 0.000000 0.000000 0.000000 0.000000 0.000000 0.000000 0.000000 17.638411 17.638411 17.638411 17.232677 13.186258 15.012047 17.232677 0.000000 17.638411 17.638411 17.232677 17.638411 17.638411 17.638411 17.638411 17.232677 17.232677 17.638411 17.638411 17.638411 17.638411 0.000000 0.000000 0.000000 0.000000 0.000000 0.000000 17.638411 15.812622 17.638411 17.638411 17.638411 17.638411 17.638411 17.638411 14.606313 17.638411 0.000000 0.000000 0.000000 0.000000 0.000000 0.000000 18.281587 20.640168 28.190621 12.624583 14.606313 15.812622 17.638411 13.186258 15.012047 17.638411 0.000000 0.000000 0.000000 0.000000 0.000000 0.000000 20.730230 22.185406 24.343238 22.889900 26.301108 0.000000 0.000000 27.264810 15.012047 0.000000 0.000000 0.000000 0.000000 0.000000 0.000000 0.000000 20.450630 0.000000 18.517510 16.838825 0.000000 24.340876 18.481238 4.912015 20.870327 20.398723 25.670357 26.893344 0.000000 0.000000 0.000000 0.000000 21.383972 21.383972 0.000000 18.481238 25.640264 22.820528 7.425281 18.517510 22.551534 23.447035 22.991648 0.000000 27.421123 20.487678 19.390059 7.410200 21.383972 21.090831 21.383972 20.437089 21.383972 22.756641 23.937835 4.912015 21.265752 21.006749 24.727121 23.397383 15.193646 19.063574 24.847566 12.740442 10.283870 23.670819 18.196853 15.859298 21.383972 21.383972 21.383972 21.383972 12.321287 20.855526 18.149883 23.242860 8.662535 12.624583 13.531708 27.085482 14.735576 0.000000 24.694952 25.522429 15.869579 27.043796 22.553970 20.447639 0.811468 21.090831 21.383972 22.888648 26.006496 21.839760 12.321287 15.869579 23.242860 25.048745 23.377819 23.528076 14.735576 22.125201 0.000000 14.544964 22.654511 12.740442 9.914102 12.261618 0.811468 21.383972 21.383972 23.025325 23.131858 23.689224 23.720469 14.944543 22.551534 27.043796 25.564383 29.055220 21.263558 14.735576 21.163690 21.346338 20.421710 22.879379 18.928806 16.283176 19.929655 21.090831 21.383972 12.321287 21.053824 17.239159 12.321287 12.321287 19.649645 26.634594 15.279820 22.967660 24.286926 14.735576 21.092516 16.140881 20.086690 18.982507 22.367241 15.859298 21.457389 20.656813 22.642620 22.018979 17.410410 23.689224 23.689224 12.321287 12.321287 8.899144 7.410200 21.757281 20.823698 10.912188 22.475720 8.561096 20.664143 18.904882 21.338459 21.687960 21.457389 20.656813 15.782642 22.924078 17.410410 12.321287 16.439103 12.321287 12.321287 16.715781 18.724984 2.075815 26.269684 6.840843 27.578954 21.691934 21.939030 7.410200 9.914102 21.389230 21.090831 21.383972 12.321287 18.500370 18.500370 12.321287 21.386939 22.967243 11.481684 2.826245 18.982507 24.062278 24.160388 24.089649 12.624583 17.791550 2.826245 16.845924 9.914102 19.442130 21.090831 21.383972 21.383972 12.321287 21.863435 22.916508 18.793511 16.732245 22.300038 14.066340 19.629175 21.118719 21.961277 21.524675 7.410200 18.847316 17.956618 19.223741 21.373250 19.541284 20.363672 21.383972 10.607082 10.607082 10.607082 10.607082 17.843908 22.354957 22.888648 23.720469 23.689224 2.826245 15.859298 8.561096 23.253364 8.561096 15.859298 11.481684 9.914102 19.391296 21.383972 21.383972 10.607082 24.093279 19.079289 26.862693 10.607082 10.607082 10.607082 12.321287 12.321287 18.793511 7.410200 15.859298 21.832458 7.410200 18.549663 19.970796 21.963597 22.120777 14.790278 10.607082 21.457389 20.483373 24.267882 22.756634 16.649465 17.419462 10.607082 10.607082 23.131858 18.115346 8.163090 18.005065 8.163090 14.066340 21.914222 20.308202 20.311309 25.250648 