Releaseoutput64/1/TotalCarbon_30.asc
ncols  20
nrows  20
xllcorner  0
yllcorner  0
cellsize  30
NODATA_value  -9999
0.000000 0.000000 0.000000 0.000000 0.000000 0.000000 0.000000 0.000000 0.000000 0.000000 0.000000 0.000000 0.000000 0.000000 0.000000 0.000000 7.506023 8.819206 8.616339 0.000000 0.000000 0.000000 0.000000 0.000000 0.000000 0.000000 0.000000 0.000000 0.000000 0.000000 0.000000 0.000000 0.000000 0.000000 0.000000 0.000000 8.819206 7.303156 0.000000 0.000000 0.000000 0.000000 8.819206 8.819206 8.819206 0.000000 0.000000 0.000000 0.000000 0.000000 0.000000 0.000000 0.000000 8.819206 8.819206 8.819206 8.616339 6.593129 7.506023 8.616339 0.000000 8.819206 8.819206 8.616339 8.819206 8.819206 8.819206 8.819206 8.616339 8.616339 8.819206 8.819206 8.819206 8.819206 0.000000 0.000000 0.000000 0.000000 0.000000 0.000000 8.819206 7.906311 8.819206 8.819206 8.819206 8.819206 8.819206 8.819206 7.303156 8.819206 0.000000 0.000000 0.000000 0.000000 0.000000 0.000000 9.146279 10.320084 14.095310 6.312291 7.303156 7.906311 8.819206 6.593129 7.506023 8.819206 0.000000 0.000000 0.000000 0.000000 0.000000 0.000000 10.365115 11.092703 12.171619 11.444950 13.150554 0.000000 0.000000 13.632405 7.506023 0.000000 0.000000 0.000000 0.000000 0.000000 0.000000 0.000000 10.225864 0.000000 9.258755 8.419412 0.000000 12.170438 9.240619 2.456007 10.435163 10.199910 12.835178 13.446672 0.000000 0.000000 0.000000 0.000000 10.692535 10.692535 0.000000 9.240619 12.826166 11.415201 3.712640 9.258755 11.275767 11.723518 11.495824 0.000000 13.710561 10.243839 9.695030 3.713876 10.692535 10.545964 10.692535 10.219093 10.692535 11.382160 11.968918 2.456007 10.638910 10.503375 12.363561 11.698691 7.596823 9.531787 12.423783 6.370221 5.141935 11.836506 9.098427 7.929649 10.692535 10.692535 10.692535 10.691986 6.169420 10.427763 9.074941 11.621430 4.331267 6.312291 6.765854 13.542741 7.367788 0.000000 12.347476 12.763957 7.934790 13.521898 11.276985 10.223819 0.405734 10.545964 10.692535 11.444324 13.003248 10.919880 6.169420 7.934790 11.621430 12.524373 11.688909 11.764038 7.367788 11.062600 0.000000 7.272482 11.327255 6.370221 4.957051 6.130809 0.405734 10.692535 10.692535 11.512662 11.565929 11.844612 11.860234 7.477757 11.275767 13.521898 12.782191 14.528158 10.631779 7.367788 10.581845 10.673169 10.210855 11.439690 9.464403 8.141588 9.964827 10.545964 10.692535 6.169420 10.526912 8.619580 6.169420 6.169420 9.824823 13.317297 7.639910 11.483830 12.143463 7.367788 10.546258 8.070440 10.043345 9.492350 11.183620 7.929649 10.729243 10.328407 11.321310 11.009489 8.705205 11.844612 11.844612 6.169420 6.169420 4.449572 3.713876 10.878640 10.411849 5.456094 11.237860 4.280548 10.332071 9.452441 10.669230 10.843980 10.728694 10.328955 7.891321 11.462039 8.705205 6.169420 8.219552 6.169420 6.169420 8.357891 9.362492 1.037907 13.134842 3.420421 13.789477 10.845967 10.969515 3.713876 4.957051 10.694615 10.545964 10.692535 6.169420 9.250185 9.250185 6.169420 10.693469 11.483621 5.740842 1.413123 9.492350 12.031139 12.080194 12.044824 6.312291 8.895775 1.413123 8.430093 4.957051 9.721065 10.545964 10.692535 10.692535 6.169420 10.931717 11.458254 9.396756 8.366122 11.150019 7.033170 9.814588 10.559360 10.980639 10.762337 3.713876 9.423658 8.978309 9.612968 10.686625 9.770642 10.182384 10.692535 5.303541 5.303541 5.303541 5.303541 8.921954 11.177479 11.444324 11.860234 11.844612 1.413123 7.929649 4.280548 11.626682 4.280548 7.929649 5.740842 4.957051 9.695648 10.692535 10.692535 5.303541 12.046640 9.539644 13.431346 5.303541 5.303541 5.303541 6.169420 6.169420 9.396756 3.713876 7.929649 10.916229 3.713876 9.274832 9.985398 10.981799 11.060388 7.395139 5.303541 10.729243 10.241687 12.133941 11.378317 8.324733 8.709731 5.303541 5.303541 11.565929 9.057673 4.081545 9.002532 4.081545 7.033170 10.957111 10.154101 10.155654 12.625324 