Releaseoutput64/1/TotalCarbon_70.asc
ncols  20
nrows  20
xllcorner  0
yllcorner  0
cellsize  30
NODATA_value  -9999
0.000000 0.000000 0.000000 0.000000 0.000000 0.000000 0.000000 0.000000 0.000000 0.000000 0.000000 0.000000 0.000000 0.000000 0.000000 0.000000 12.753274 12.753274 11.557542 0.000000 0.000000 0.000000 0.000000 0.000000 0.000000 0.000000 0.000000 0.000000 0.000000 0.000000 0.000000 0.000000 0.000000 0.000000 0.000000 0.000000 10.838316 11.489746 0.000000 0.000000 0.000000 0.000000 10.838316 11.557542 12.821069 0.000000 0.000000 0.000000 0.000000 0.000000 0.000000 0.000000 0.000000 12.821069 11.557542 11.557542 11.557542 10.838316 12.753274 11.557542 0.000000 12.821069 12.821069 9.574788 10.906112 12.821069 12.753274 12.821069 11.557542 11.489746 12.821069 12.821069 11.557542 12.821069 0.000000 0.000000 0.000000 0.000000 0.000000 0.000000 9.574788 12.821069 12.821069 12.821069 11.489746 12.821069 10.838316 9.574788 9.574788 12.753274 0.000000 0.000000 0.000000 0.000000 0.000000 0.000000 13.565248 13.686349 12.153238 9.763991 11.489746 12.821069 12.821069 11.489746 12.753274 12.821069 0.000000 0.000000 0.000000 0.000000 0.000000 0.000000 13.124147 14.953572 12.920019 13.424098 13.711980 0.000000 0.000000 15.832352 12.753274 0.000000 0.000000 0.000000 0.000000 0.000000 0.000000 0.000000 15.178051 0.000000 14.390318 11.229112 0.000000 9.139326 13.346590 3.860925 13.915698 15.562527 14.008862 13.646115 0.000000 0.000000 0.000000 0.000000 13.124147 15.106900 0.000000 11.986356 15.863831 14.431031 6.845733 14.467659 10.810930 12.155830 14.673661 0.000000 14.116711 13.821158 13.501768 9.213017 13.191943 14.731635 15.106900 13.124147 13.191943 14.348910 14.219136 3.860925 13.262502 13.565747 14.433370 14.621352 12.591881 11.373181 12.693034 10.750605 13.239857 14.695245 12.051807 10.572549 13.124147 13.308060 15.106900 11.209189 8.938951 11.554120 13.533767 14.057541 9.997109 9.763991 13.949625 14.177322 10.562417 0.000000 10.151204 14.573760 12.423286 11.809716 10.255071 11.201196 2.527056 15.106900 11.209189 13.896458 12.407642 12.049296 9.141818 13.384663 12.001908 15.265411 11.910704 13.887220 10.562417 11.944939 0.000000 10.795762 13.729946 10.750605 10.607754 10.968990 2.527056 13.124147 15.106900 11.814356 12.670513 12.798920 13.313307 13.861638 15.652036 12.316118 13.968050 9.956949 14.739978 10.562417 10.112466 9.984059 9.026461 10.558688 11.753183 11.043996 12.940233 13.308060 13.124147 7.361931 10.102214 9.110318 8.938951 8.397921 14.759536 13.536813 10.301607 14.787609 12.189972 10.562417 11.799667 10.723522 12.237584 12.425345 10.207219 9.501149 15.106900 13.124147 11.441032 13.103889 10.069512 13.903643 14.032050 8.930058 8.930058 8.898128 7.887430 14.128973 13.097651 10.993993 10.073728 7.862001 9.991243 11.457047 8.587041 12.463554 13.308060 13.124147 11.141394 12.688851 12.441411 7.150171 11.141394 6.753330 8.102724 9.526467 9.905914 2.996430 14.646248 9.904907 15.602357 12.034608 12.276562 8.090297 11.002108 10.071411 15.106900 15.106900 8.938951 9.226436 9.342553 8.186160 13.775236 10.066543 10.198604 1.664467 7.622977 10.854144 13.615007 14.436653 9.763991 12.066433 1.664467 9.799944 10.444202 10.588495 11.393102 11.276985 11.325307 8.389027 12.117092 10.027805 9.226436 9.226436 13.925516 6.660048 11.034180 9.838787 11.971896 12.005550 9.464449 12.041901 10.000200 10.713277 8.611716 8.575632 13.124147 15.106900 8.273613 12.391839 10.887153 10.281596 11.141394 13.925516 13.964254 10.005932 14.032050 1.664467 11.280448 7.862001 10.214074 7.862001 11.541921 10.198604 10.912228 9.518150 11.209189 11.209189 12.391839 11.356154 13.823194 11.708416 12.391839 11.143977 10.724405 8.299802 8.508458 11.141394 7.433130 9.790121 10.381451 7.230263 10.713443 9.179705 10.981149 13.034386 8.905396 11.131708 13.191943 11.580183 14.250202 12.468747 13.379198 14.965828 12.391839 11.927210 13.925516 9.226436 5.161171 11.372545 5.161171 8.458888 12.196827 12.771284 13.185901 10.197614 