Releaseoutput64/1/TotalCarbon_60.asc
ncols  20
nrows  20
xllcorner  0
yllcorner  0
cellsize  30
NODATA_value  -9999
0.000000 0.000000 0.000000 0.000000 0.000000 0.000000 0.000000 0.000000 0.000000 0.000000 0.000000 0.000000 0.000000 0.000000 0.000000 0.000000 11.748698 11.748698 10.909158 0.000000 0.000000 0.000000 0.000000 0.000000 0.000000 0.000000 0.000000 0.000000 0.000000 0.000000 0.000000 0.000000 0.000000 0.000000 0.000000 0.000000 9.949858 10.793041 0.000000 0.000000 0.000000 0.000000 9.949858 12.707999 11.864815 0.000000 0.000000 0.000000 0.000000 0.000000 0.000000 0.000000 0.000000 11.864815 10.909158 10.909158 12.707999 9.949858 11.748698 12.707999 0.000000 11.864815 11.864815 8.994200 10.065975 11.864815 11.748698 11.864815 12.707999 10.793041 11.864815 11.864815 12.707999 11.864815 0.000000 0.000000 0.000000 0.000000 0.000000 0.000000 8.994200 11.864815 11.864815 11.864815 10.793041 11.864815 9.949858 12.707999 8.994200 11.748698 0.000000 0.000000 0.000000 0.000000 0.000000 0.000000 14.019208 13.743850 13.723761 9.041106 10.793041 11.864815 11.864815 10.793041 11.748698 11.864815 0.000000 0.000000 0.000000 0.000000 0.000000 0.000000 13.741428 14.328253 12.531708 12.246616 14.866099 0.000000 0.000000 15.215535 11.748698 0.000000 0.000000 0.000000 0.000000 0.000000 0.000000 0.000000 14.507875 0.000000 12.946687 9.538729 0.000000 7.663409 13.106046 3.577578 12.290591 15.166530 14.508760 13.284637 0.000000 0.000000 0.000000 0.000000 15.656386 14.048899 0.000000 9.852490 15.185519 13.634507 6.155635 15.056806 13.224527 11.944939 13.317687 0.000000 15.084686 13.308060 12.588284 8.601971 12.250058 14.760306 14.048899 13.741428 12.250058 12.865405 14.002992 3.577578 12.890546 13.539947 13.115655 14.517976 11.252413 10.535409 12.808895 9.825164 11.380459 14.095689 10.309320 11.207214 13.741428 14.048899 14.048899 13.857546 8.572959 10.738358 12.865897 13.242408 8.591854 9.041106 13.317030 15.745253 11.272711 0.000000 9.991243 15.451163 10.254388 11.436605 10.175741 12.418327 1.911315 14.048899 13.857546 13.443749 13.988210 13.559866 8.655209 12.295161 11.199044 14.268064 11.312790 12.902094 11.272711 11.577016 0.000000 11.263952 13.976226 9.825164 9.966689 10.651354 1.911315 14.048899 14.048899 11.354461 12.214475 12.437127 12.982239 13.582471 14.119573 12.228710 15.207456 9.475490 13.406068 11.272711 9.923447 9.700796 12.560065 12.376109 12.524694 9.976230 11.826471 12.441411 13.741428 7.573977 12.495197 13.242606 8.655209 7.985983 14.517839 13.099126 11.431070 15.270025 12.005550 11.272711 11.325307 9.762270 11.664944 11.151681 10.090593 8.680158 14.048899 13.741428 12.964099 12.620138 11.059626 13.453332 13.675983 7.915792 7.915792 7.869866 6.687013 13.612827 11.591899 8.887765 9.855652 6.919336 11.693133 10.663739 11.307096 12.109614 14.048899 13.741428 11.826471 12.249357 11.046508 7.586035 11.826471 8.572959 7.826968 10.526453 9.644302 2.474728 13.774450 8.296704 14.892961 11.731871 12.158495 6.769263 9.966689 9.574781 14.048899 14.048899 8.572959 11.826471 11.826471 8.655209 13.230681 9.846068 9.118070 1.642125 10.915249 12.497038 12.970818 15.532325 9.041106 11.511611 1.642125 8.412400 9.619633 9.651413 10.642571 12.250058 10.526453 7.328816 11.877143 11.693230 11.826471 11.826471 13.492070 8.993095 12.653342 9.449087 11.628043 11.683549 8.601971 11.706896 9.189763 11.420813 10.937971 9.992706 13.741428 14.048899 9.357712 11.190227 11.393094 7.936839 11.826471 13.492070 13.559866 13.559866 13.675983 1.642125 12.424345 6.919336 10.102861 6.919336 11.453376 9.118070 9.966689 8.648550 13.255770 13.857546 11.190227 10.343714 13.156354 11.232935 11.190227 11.190227 10.946777 6.916809 7.157743 11.826471 6.769263 11.097037 11.837888 6.289262 11.825235 8.520615 10.553124 12.848626 10.862800 11.190227 13.857546 12.550295 14.056099 11.601589 12.377738 13.192781 11.190227 9.958330 13.492070 13.433958 4.979513 10.620689 4.979513 7.385608 12.017819 12.823479 13.646236 10.073728 