Releaseoutput64/MortalityPackage/21/queralba_BA_20.asc
ncols  20
nrows  20
xllcorner  0
yllcorner  0
cellsize  30
NODATA_value  -9999
0.000000 0.000000 0.000000 0.000000 0.000000 0.000000 0.000000 0.000000 0.000000 0.000000 0.000000 0.000000 0.000000 0.000000 0.000000 0.000000 0.098980 0.098980 0.098980 0.000000 0.000000 0.000000 0.000000 0.000000 0.000000 0.000000 0.000000 0.000000 0.000000 0.000000 0.000000 0.000000 0.000000 0.000000 0.000000 0.000000 0.098980 0.098980 0.000000 0.000000 0.000000 0.000000 0.098980 0.098980 0.098980 0.000000 0.000000 0.000000 0.000000 0.000000 0.000000 0.000000 0.000000 0.098980 0.098980 0.098980 0.098980 0.098980 0.098980 0.098980 0.000000 0.098980 0.098980 0.098980 0.098980 0.098980 0.098980 0.098980 0.098980 0.098980 0.098980 0.098980 0.098980 0.098980 0.000000 0.000000 0.000000 0.000000 0.000000 0.000000 0.098980 0.098980 0.098980 0.098980 0.098980 0.098980 0.098980 0.098980 0.098980 0.098980 0.000000 0.000000 0.000000 0.000000 0.000000 0.000000 2.501572 1.605707 1.252160 0.486731 0.098980 0.098980 0.098980 0.098980 0.098980 0.098980 0.000000 0.000000 0.000000 0.000000 0.000000 0.000000 2.266168 1.059188 1.420373 1.300678 1.268281 0.000000 0.000000 2.187059 0.098980 0.000000 0.000000 0.000000 0.000000 0.000000 0.000000 0.000000 2.178086 0.000000 1.605275 0.900086 0.000000 0.848937 3.062876 0.135265 1.107568 2.178086 0.639923 2.013191 0.000000 0.000000 0.000000 0.000000 2.167188 2.140504 0.000000 3.062876 2.563186 1.545683 0.190479 1.605275 0.577798 1.033780 1.107568 0.000000 1.463472 0.428062 2.336344 1.810500 2.167188 2.266168 2.266168 2.266168 2.266168 1.116051 1.003857 0.135265 2.563186 2.450187 2.450187 1.107568 0.000000 1.210318 2.013191 0.369392 0.651488 3.553357 2.678286 1.250884 2.266168 2.041525 2.266168 2.140504 0.286278 1.709714 0.989229 0.123150 0.574892 0.486731 1.715742 1.252160 1.135568 0.000000 0.914498 1.116051 1.607062 0.836488 0.573419 1.326086 0.165915 2.651013 2.040975 1.709714 0.945992 1.665182 0.286278 1.607062 0.123150 1.463472 1.252160 1.155026 1.135568 1.487053 0.000000 1.250884 0.848937 0.369392 1.554381 1.250884 0.165915 2.167188 2.266168 1.766969 1.665182 1.665182 1.689038 1.545683 0.577798 0.861052 1.989178 2.424446 1.258738 1.135568 1.033780 0.560480 1.856681 1.856681 1.868875 1.833669 2.266168 2.116452 2.266168 0.286278 1.631782 0.860423 0.286278 0.286278 1.644349 1.155026 0.166190 1.258738 2.590930 1.135568 2.644887 2.551307 0.523272 2.319850 2.551307 1.250884 2.190691 2.266168 1.766969 1.766969 0.885870 1.766969 1.766969 0.286278 0.286278 0.554903 1.810500 2.450187 0.848937 0.961681 1.743113 0.267605 1.326086 2.639664 1.175073 2.645830 2.266168 2.266168 0.885870 1.709714 0.885870 0.286278 0.885870 0.286278 0.286278 1.833669 2.639664 0.239546 3.462585 0.747444 2.678600 2.340486 0.573419 1.810500 1.554381 1.856681 2.242115 2.166639 0.286278 0.885870 0.885870 0.286278 1.766969 1.766969 1.060052 0.000000 2.319850 1.856681 0.325744 1.268281 0.486731 1.856681 0.000000 2.319850 1.554381 1.029107 2.167188 2.143136 2.266168 0.286278 1.665182 1.752655 0.885870 0.885870 1.766969 0.088141 2.639664 1.063841 0.560480 0.560480 1.810500 3.221958 1.868875 2.319850 1.175073 2.639664 2.266168 2.140504 1.693633 1.693633 1.693633 1.693633 0.885870 1.766969 1.689038 1.766969 1.674724 0.000000 1.250884 0.267605 0.573419 0.267605 1.250884 1.060052 1.554381 1.421198 2.266168 2.065028 1.693633 2.622621 1.515386 2.356273 1.693633 1.693633 1.693633 0.286278 0.286278 0.871556 1.810500 1.250884 2.645830 1.810500 1.029107 2.551307 1.027419 1.876709 0.301181 1.693633 2.266168 3.852024 1.388446 2.738330 1.917569 3.363114 1.693633 1.693633 1.607926 0.885870 0.663661 1.029107 0.663661 0.088141 0.573419 2.751446 1.514091 1.553851 