Releaseoutput64/MortalityPackage/21/quervelu_IV_30.asc
ncols  20
nrows  20
xllcorner  0
yllcorner  0
cellsize  30
NODATA_value  -9999
0 0 0 0 0 0 0 0 0 0 0 0 0 0 0 0 1.911430 1.911430 1.911430 0 0 0 0 0 0 0 0 0 0 0 0 0 0 0 0 0 1.911430 1.911430 0 0 0 0 1.911430 1.911430 1.911430 0 0 0 0 0 0 0 0 1.911430 1.911430 1.911430 1.911430 1.911430 1.911430 1.911430 0 1.911430 1.911430 1.911430 1.911430 1.911430 1.911430 1.911430 1.911430 1.911430 1.911430 1.911430 1.911430 1.911430 0 0 0 0 0 0 1.911430 1.911430 1.911430 1.911430 1.911430 1.911430 1.911430 1.911430 1.911430 1.911430 0 0 0 0 0 0 0.222548 1.182664 1.277637 0.988271 1.911430 1.911430 1.911430 1.911430 1.911430 1.911430 0 0 0 0 0 0 0.817525 1.066328 1.307305 1.030998 1.019473 0 0 1.004641 1.911430 0 0 0 0 0 0 0 0.685884 0 0.000000 0.794786 0 1.144608 0.282323 1.215782 0.656831 0.685884 1.586822 0.684815 0 0 0 0 0.813406 0.845346 0 0.282323 0.624443 0.527610 1.235094 0.000000 1.417736 1.354966 0.656831 0 1.026555 1.608776 0.598613 0.228146 0.850246 0.728195 0.788153 0.770352 0.763450 0.977741 1.165065 1.215782 0.640550 0.472540 0.472540 0.656831 2.000000 1.241816 0.684815 1.211190 0.634213 0.572419 0.175513 0.509165 0.781810 0.728055 0.766897 0.777241 0.087866 0.855287 0.681762 1.769847 0.584898 0.988271 0.224358 1.277637 0.507315 0 1.098343 0.977741 0.349436 1.559089 1.628466 1.124917 0.000000 0.765404 0.825408 0.808364 1.351156 0.833199 0.087866 0.349436 1.769847 1.026555 1.277637 0.835851 0.507315 0.606849 0 0.509165 1.144608 1.211190 0.237154 0.509165 0.000000 0.758636 0.740666 0.846067 0.823147 0.846067 0.796834 0.527610 1.417736 1.574263 0.913587 1.048099 0.871226 0.507315 1.422112 1.452637 0.989308 0.989308 0.602335 0.574426 0.835367 0.756349 0.819635 0.087866 0.818914 0.622860 0.087866 0.087866 0.753863 0.917788 0.000000 0.871226 0.772845 0.507315 0.557388 0.686129 0.782921 0.361619 0.625193 0.509165 0.782645 0.747632 0.870198 0.824280 0.674031 0.821735 0.793922 0.087866 0.087866 0.588045 0.228146 0.472540 1.144608 0.316814 1.204891 1.114673 1.124917 0.436172 0.905405 0.618730 0.828695 0.763733 0.679668 0.860805 0.655001 0.087866 0.709893 0.087866 0.087866 0.574426 0.437920 0.000000 0.458043 0.000000 0.772218 0.838049 1.628466 0.228146 0.237154 0.989308 0.854467 0.766958 0.087866 0.674031 0.687700 0.087866 0.814064 0.783895 0.000000 0.000000 0.361619 0.989308 1.584217 1.019473 0.988271 0.989308 0.000000 0.361619 0.237154 0.813488 0.721338 0.818756 0.703040 0.087866 0.861938 0.846067 0.667867 0.674031 0.809297 1.902004 0.432998 0.953077 1.317579 1.394821 0.228146 0.273572 0.602335 0.361619 0.905405 0.452417 0.828695 0.809502 0.348815 0.348815 0.348815 0.348815 0.655001 0.844643 0.846544 0.816962 0.801959 0.000000 0.509165 1.114673 1.628466 1.114673 0.509165 0.000000 0.237154 1.053997 0.826717 0.808405 0.348815 0.524779 1.360761 0.410615 0.348815 0.348815 0.348815 0.087866 0.087866 0.667867 0.228146 0.509165 0.643785 0.228146 0.794231 0.686129 0.903398 0.712406 0.323104 0.348815 0.826763 0.479992 0.959271 0.570740 0.618815 0.151959 0.348815 0.348815 0.791736 0.655001 0.000000 0.794231 0.000000 1.902004 1.628466 0.512016 0.604580 0.966243 