Releaseoutput64/MortalityPackage/21/queralba_BA_30.asc
ncols  20
nrows  20
xllcorner  0
yllcorner  0
cellsize  30
NODATA_value  -9999
0.000000 0.000000 0.000000 0.000000 0.000000 0.000000 0.000000 0.000000 0.000000 0.000000 0.000000 0.000000 0.000000 0.000000 0.000000 0.000000 0.125664 0.125664 0.125664 0.000000 0.000000 0.000000 0.000000 0.000000 0.000000 0.000000 0.000000 0.000000 0.000000 0.000000 0.000000 0.000000 0.000000 0.000000 0.000000 0.000000 0.125664 0.125664 0.000000 0.000000 0.000000 0.000000 0.125664 0.125664 0.125664 0.000000 0.000000 0.000000 0.000000 0.000000 0.000000 0.000000 0.000000 0.125664 0.125664 0.125664 0.125664 0.125664 0.125664 0.125664 0.000000 0.125664 0.125664 0.125664 0.125664 0.125664 0.125664 0.125664 0.125664 0.125664 0.125664 0.125664 0.125664 0.125664 0.000000 0.000000 0.000000 0.000000 0.000000 0.000000 0.125664 0.125664 0.125664 0.125664 0.125664 0.125664 0.125664 0.125664 0.125664 0.125664 0.000000 0.000000 0.000000 0.000000 0.000000 0.000000 3.368357 1.987587 1.587388 0.585868 0.125664 0.125664 0.125664 0.125664 0.125664 0.125664 0.000000 0.000000 0.000000 0.000000 0.000000 0.000000 2.613353 1.459623 1.582027 1.630428 1.546606 0.000000 0.000000 2.698491 0.125664 0.000000 0.000000 0.000000 0.000000 0.000000 0.000000 0.000000 2.986732 0.000000 1.918590 1.258640 0.000000 1.079549 4.092415 0.166190 1.354969 2.986732 0.788186 2.664208 0.000000 0.000000 0.000000 0.000000 2.432535 2.457825 0.000000 4.092415 2.787731 2.187864 0.242786 1.918590 0.734720 1.318468 1.354969 0.000000 1.884229 0.520837 3.098160 2.616318 2.487690 2.613353 2.613353 2.613353 2.537877 1.551122 1.195769 0.166190 2.787731 3.182139 3.182139 1.354969 0.000000 1.539537 2.664208 0.455806 0.817953 4.081027 3.486225 1.560665 2.613353 2.624683 2.537877 2.613353 0.485082 2.061199 1.350080 0.165915 0.716794 0.585868 2.256665 1.587388 1.342324 0.000000 1.168967 1.551122 2.138443 1.052080 0.715674 1.673683 0.215042 3.006642 2.476360 2.100960 1.126065 2.100960 0.485082 2.138443 0.165915 1.884229 1.587388 1.214873 1.342324 2.108912 0.000000 1.560665 1.079549 0.455806 2.093538 1.560665 0.215042 2.487690 2.613353 2.100960 2.100960 2.100960 1.999172 2.187864 0.734720 1.079824 2.503594 2.965310 1.537063 1.342324 1.159424 0.541787 2.289809 2.289809 2.311545 2.147023 2.613353 2.613353 2.537877 0.485082 1.999172 0.922450 0.485082 0.485082 2.075532 0.987108 0.200296 1.537063 3.356988 1.342324 2.910489 3.107820 0.643437 3.201479 3.019679 1.560665 2.613353 2.613353 1.999172 2.100960 0.962211 2.100960 2.333163 0.485082 0.485082 0.678250 2.616318 3.182139 1.079549 1.198655 1.945097 0.343415 1.673683 2.786102 1.475312 3.111100 2.613353 2.613353 0.962211 2.100960 0.962211 0.485082 0.962211 0.485082 0.485082 2.147023 2.874243 0.296449 3.460857 0.923452 3.175109 2.546968 0.715674 2.616318 2.093538 2.289809 2.520186 2.613353 0.485082 0.904955 0.936764 0.485082 1.941917 2.100960 1.268929 0.000000 3.201479 2.289809 0.408976 1.546606 0.585868 2.289809 0.000000 3.201479 2.093538 1.070910 2.780211 2.487690 2.613353 0.485082 2.043704 2.100960 0.936764 0.962211 2.100960 0.113411 2.874243 1.379630 0.715282 0.601870 2.616318 3.390799 2.311545 3.201479 1.475312 2.738958 2.537877 2.457825 2.351541 2.351541 2.351541 2.351541 0.962211 2.061199 1.999172 1.914879 1.973725 0.000000 1.560665 0.343415 0.715674 0.343415 1.560665 1.268929 2.093538 1.765791 2.613353 2.651367 2.351541 3.538710 1.873764 2.953922 2.351541 2.351541 2.351541 0.485082 0.485082 0.936764 2.616318 1.560665 2.997688 2.616318 1.118054 3.107820 1.291430 2.466759 0.381232 2.351541 2.613353 4.422989 1.932374 3.587267 2.585904 4.434005 2.351541 2.351541 2.100960 0.962211 0.758734 1.118054 0.758734 0.113411 0.715674 3.697753 2.045295 1.984858 