Releaseoutput64/MortalityPackage/21/quervelu_BA_20.asc
ncols  20
nrows  20
xllcorner  0
yllcorner  0
cellsize  30
NODATA_value  -9999
0.000000 0.000000 0.000000 0.000000 0.000000 0.000000 0.000000 0.000000 0.000000 0.000000 0.000000 0.000000 0.000000 0.000000 0.000000 0.000000 2.645221 2.645221 2.645221 0.000000 0.000000 0.000000 0.000000 0.000000 0.000000 0.000000 0.000000 0.000000 0.000000 0.000000 0.000000 0.000000 0.000000 0.000000 0.000000 0.000000 2.645221 2.645221 0.000000 0.000000 0.000000 0.000000 2.645221 2.645221 2.645221 0.000000 0.000000 0.000000 0.000000 0.000000 0.000000 0.000000 0.000000 2.645221 2.645221 2.645221 2.645221 2.645221 2.645221 2.645221 0.000000 2.645221 2.645221 2.645221 2.645221 2.645221 2.645221 2.645221 2.645221 2.645221 2.645221 2.645221 2.645221 2.645221 0.000000 0.000000 0.000000 0.000000 0.000000 0.000000 2.645221 2.645221 2.645221 2.645221 2.645221 2.645221 2.645221 2.645221 2.645221 2.645221 0.000000 0.000000 0.000000 0.000000 0.000000 0.000000 0.645911 2.432849 3.889135 0.663661 2.645221 2.645221 2.645221 2.645221 2.645221 2.645221 0.000000 0.000000 0.000000 0.000000 0.000000 0.000000 3.715876 3.123607 6.390314 1.119428 1.646744 0.000000 0.000000 4.961910 2.645221 0.000000 0.000000 0.000000 0.000000 0.000000 0.000000 0.000000 1.372405 0.000000 0.000000 1.674155 0.000000 2.051460 1.137414 0.331831 0.928890 1.372405 2.841806 1.917078 0.000000 0.000000 0.000000 0.000000 3.563823 3.715876 0.000000 1.137414 2.919875 1.239437 0.520405 0.000000 3.281708 4.735008 0.928890 0.000000 2.703890 2.039051 1.533097 0.460557 3.715876 3.433132 3.352708 3.563823 3.433132 2.821936 3.799913 0.331831 2.919875 1.444190 1.444190 0.928890 1.628602 1.905062 1.917078 0.882395 0.377148 2.648363 0.371965 0.684239 3.352708 2.857593 3.715876 3.552513 0.180956 3.252177 1.117464 2.546654 0.418539 0.663661 0.418539 3.889135 0.650388 0.000000 2.412743 2.821936 0.673715 6.875297 4.686628 2.549402 0.000000 3.940814 3.715876 3.005876 3.036585 3.252177 0.180956 0.673715 2.546654 2.703890 3.889135 4.480304 0.650388 1.005310 0.000000 0.684239 2.051460 0.882395 0.430084 0.684239 0.000000 3.352708 3.715876 3.252177 3.252177 3.252177 2.824920 1.239437 3.281708 7.207128 2.545475 5.509411 1.607553 0.650388 4.735008 4.644845 2.885553 2.885553 1.466495 2.454840 3.715876 3.614088 3.715876 0.180956 2.990796 3.357734 0.180956 0.180956 1.771073 4.480304 0.000000 1.607553 3.108449 0.650388 1.829664 2.669097 1.180925 0.999026 2.669097 0.684239 3.715876 3.462035 3.252177 3.252177 3.357734 3.252177 2.749522 0.180956 0.180956 0.342119 0.460557 1.444190 2.051460 0.255176 4.518867 0.684239 2.549402 1.797933 2.326978 2.055858 3.715876 3.433132 3.232070 3.252177 3.232070 0.180956 3.312495 0.180956 0.180956 2.454840 1.797933 0.000000 1.939541 0.000000 3.516934 2.987026 4.686628 0.460557 0.430084 2.885553 3.715876 3.654301 0.180956 3.357734 3.357734 0.180956 2.885239 3.071221 0.000000 0.000000 0.999026 2.885553 2.496231 1.646744 0.663661 2.885553 0.000000 0.999026 0.430084 2.521756 2.968177 3.503504 3.614088 0.180956 3.252177 3.252177 3.357734 3.357734 3.171752 1.716880 1.797933 1.352141 4.644845 4.644845 0.460557 0.822783 1.466495 0.999026 2.326978 1.797933 3.715876 3.715876 0.794352 0.794352 0.794352 0.794352 3.232070 3.252177 2.930478 3.252177 2.885239 0.000000 0.684239 0.684239 4.686628 0.684239 0.684239 0.000000 0.430084 2.621659 3.715876 3.352708 0.794352 1.940248 1.902627 1.030757 0.794352 0.794352 0.794352 0.180956 0.180956 3.232070 0.460557 0.684239 2.055858 0.460557 2.521756 2.669097 2.075964 2.121203 0.264051 0.794352 3.715876 1.940248 3.287362 1.459820 1.529877 0.443750 0.794352 0.794352 3.252177 3.357734 0.000000 2.521756 0.000000 1.716880 4.686628 1.940248 1.251610 3.071221 