Releaseoutput64/MortalityPackage/21/queralba_BA_0.asc
ncols  20
nrows  20
xllcorner  0
yllcorner  0
cellsize  30
NODATA_value  -9999
0.000000 0.000000 0.000000 0.000000 0.000000 0.000000 0.000000 0.000000 0.000000 0.000000 0.000000 0.000000 0.000000 0.000000 0.000000 0.000000 0.055155 0.055155 0.055155 0.000000 0.000000 0.000000 0.000000 0.000000 0.000000 0.000000 0.000000 0.000000 0.000000 0.000000 0.000000 0.000000 0.000000 0.000000 0.000000 0.000000 0.055155 0.055155 0.000000 0.000000 0.000000 0.000000 0.055155 0.055155 0.055155 0.000000 0.000000 0.000000 0.000000 0.000000 0.000000 0.000000 0.000000 0.055155 0.055155 0.055155 0.055155 0.055155 0.055155 0.055155 0.000000 0.055155 0.055155 0.055155 0.055155 0.055155 0.055155 0.055155 0.055155 0.055155 0.055155 0.055155 0.055155 0.055155 0.000000 0.000000 0.000000 0.000000 0.000000 0.000000 0.055155 0.055155 0.055155 0.055155 0.055155 0.055155 0.055155 0.055155 0.055155 0.055155 0.000000 0.000000 0.000000 0.000000 0.000000 0.000000 1.197418 0.966000 0.705759 0.317085 0.055155 0.055155 0.055155 0.055155 0.055155 0.055155 0.000000 0.000000 0.000000 0.000000 0.000000 0.000000 2.116452 0.468254 0.667569 0.784043 0.797513 0.000000 0.000000 1.414679 0.055155 0.000000 0.000000 0.000000 0.000000 0.000000 0.000000 0.000000 0.999753 0.000000 1.064529 0.364287 0.000000 0.473595 1.461842 0.082958 0.689108 0.999753 0.391109 0.997436 0.000000 0.000000 0.000000 0.000000 2.116452 2.116452 0.000000 1.461842 0.976996 0.643025 0.104949 1.064529 0.321208 0.569374 0.689108 0.000000 0.784181 0.271139 1.370952 0.656907 2.116452 2.116452 2.116452 2.116452 2.116452 0.494015 0.677288 0.082958 0.976996 1.291646 1.291646 0.689108 0.000000 0.675933 0.997436 0.225193 0.375813 2.968373 1.405941 0.736291 2.116452 2.116452 2.116452 2.116452 0.050894 1.447292 0.458378 0.056706 0.338801 0.317085 0.872460 0.705759 0.779311 0.000000 0.540747 0.494015 0.782865 0.543221 0.336622 0.754944 0.086747 2.116452 2.116452 1.447292 0.633561 1.447292 0.050894 0.782865 0.056706 0.784181 0.705759 0.413532 0.779311 0.914498 0.000000 0.736291 0.473595 0.225193 0.733719 0.736291 0.086747 2.116452 2.116452 1.447292 1.447292 1.447292 1.447292 0.643025 0.321208 0.543221 1.141655 1.842132 0.787970 0.779311 0.569374 0.308131 1.133565 1.133565 1.126673 1.208021 2.116452 2.116452 2.116452 0.050894 1.447292 0.585279 0.050894 0.050894 0.934663 0.413532 0.107521 0.787970 1.373720 0.779311 1.067179 1.450022 0.321110 1.043264 1.450022 0.736291 2.116452 2.116452 1.447292 1.447292 0.585279 1.447292 1.447292 0.050894 0.050894 0.346380 0.656907 1.291646 0.473595 0.573616 0.922450 0.144611 0.754944 1.118505 0.679566 1.473152 2.116452 2.116452 0.585279 1.447292 0.585279 0.050894 0.585279 0.050894 0.050894 1.208021 1.118505 0.144827 1.228912 0.452684 1.744546 1.067435 0.336622 0.656907 0.733719 1.133565 2.116452 2.116452 0.050894 0.585279 0.585279 0.050894 1.447292 1.447292 0.699554 0.000000 1.043264 1.133565 0.187907 0.797513 0.317085 1.133565 0.000000 1.043264 0.733719 0.476344 2.116452 2.116452 2.116452 0.050894 1.447292 1.447292 0.585279 0.585279 1.447292 0.047144 1.118505 0.666293 0.308131 0.308131 0.656907 1.447744 1.126673 1.043264 0.679566 1.118505 2.116452 2.116452 0.711806 0.711806 0.711806 0.711806 0.585279 1.447292 1.447292 1.447292 1.447292 0.000000 0.736291 0.144611 0.336622 0.144611 0.736291 0.699554 0.733719 0.846522 2.116452 2.116452 0.711806 1.595203 0.913143 1.370912 0.711806 0.711806 0.711806 0.050894 0.050894 0.585279 0.656907 0.736291 1.473152 0.656907 0.476344 1.450022 0.594821 0.954259 0.169705 0.711806 2.116452 3.053628 0.605954 1.582401 0.886263 1.679378 0.711806 0.711806 1.447292 0.585279 0.492602 0.476344 0.492602 0.047144 0.336622 1.595203 0.699790 0.854062 