Releaseoutput64/MortalityPackage/21/queralba_IV_10.asc
ncols  20
nrows  20
xllcorner  0
yllcorner  0
cellsize  30
NODATA_value  -9999
0 0 0 0 0 0 0 0 0 0 0 0 0 0 0 0 0.096219 0.096219 0.096219 0 0 0 0 0 0 0 0 0 0 0 0 0 0 0 0 0 0.096219 0.096219 0 0 0 0 0.096219 0.096219 0.096219 0 0 0 0 0 0 0 0 0.096219 0.096219 0.096219 0.096219 0.096219 0.096219 0.096219 0 0.096219 0.096219 0.096219 0.096219 0.096219 0.096219 0.096219 0.096219 0.096219 0.096219 0.096219 0.096219 0.096219 0 0 0 0 0 0 0.096219 0.096219 0.096219 0.096219 0.096219 0.096219 0.096219 0.096219 0.096219 0.096219 0 0 0 0 0 0 1.618432 0.885482 0.728795 1.037622 0.096219 0.096219 0.096219 0.096219 0.096219 0.096219 0 0 0 0 0 0 0.821230 0.903306 0.715836 0.414741 1.019412 0 0 0.763854 0.096219 0 0 0 0 0 0 0 1.346777 0 2.000000 1.138102 0 0.793587 1.618512 0.796449 1.118328 1.346777 0.371393 1.206133 0 0 0 0 0.813053 0.822255 0 1.618512 1.320125 1.391307 0.771814 2.000000 0.573388 0.573611 1.118328 0 0.939068 0.422523 1.221304 1.735579 0.825957 0.854878 0.813053 0.813053 0.813053 0.986523 0.388272 0.796449 1.320125 1.506361 1.506361 1.118328 0.000000 0.847908 1.206133 0.803113 1.406255 1.388240 1.793295 1.494932 0.836920 0.836920 0.834385 0.813053 0.281865 0.790255 1.284733 0.225109 1.408304 1.037622 1.752336 0.728795 1.493761 0 0.676070 0.986523 1.566987 0.395561 0.372919 0.895395 2.000000 0.861321 0.813053 0.809781 0.660880 0.790255 0.281865 1.566987 0.225109 0.939068 0.728795 0.636136 1.493761 1.414380 0 1.494932 0.793587 0.803113 1.727234 1.494932 2.000000 0.822255 0.813053 0.790255 0.790255 0.798041 0.809781 1.391307 0.573388 0.395561 1.103444 0.860567 1.134905 1.493761 0.573611 0.308509 1.024174 1.024174 1.217155 0.850464 0.813053 0.813053 0.813053 0.281865 0.798041 0.536790 0.281865 0.281865 1.134224 0.636136 0.310891 1.134905 1.216044 1.493761 1.427272 1.191228 0.144953 1.611782 1.191228 1.494932 0.813053 0.813053 0.790255 0.790255 0.549331 0.790255 0.824366 0.281865 0.281865 1.427082 1.735579 1.506361 0.793587 1.699796 0.795797 0.875897 0.895395 1.282539 0.768801 1.307621 0.813053 0.822892 0.560367 0.798041 0.560367 0.281865 0.564310 0.281865 0.281865 0.850464 1.282539 2.000000 1.504624 2.000000 1.337209 1.207920 0.372919 1.735579 1.727234 1.024174 0.813053 0.813053 0.281865 0.549331 0.556371 0.281865 0.814542 0.790255 2.000000 0.000000 1.611782 1.024174 0.415009 1.019412 1.037622 1.024174 0.000000 1.611782 1.727234 0.630899 0.836920 0.822892 0.813053 0.281865 0.808571 0.790255 0.549331 0.556371 0.812361 0.114961 1.282539 0.439600 0.308509 0.308509 1.735579 1.602580 1.217155 1.611782 0.768801 1.282539 0.813053 0.813053 1.592897 1.592897 1.592897 1.592897 0.560367 0.798041 0.799604 0.790255 0.814542 0.000000 1.494932 0.875897 0.372919 0.875897 1.494932 2.000000 1.727234 0.899504 0.825957 0.813053 1.592897 1.495558 0.815747 1.339130 1.592897 1.592897 1.592897 0.281865 0.281865 0.550214 1.735579 1.494932 1.307621 1.735579 0.630899 1.191228 0.681676 1.220449 0.434298 1.592897 0.831298 1.507375 1.004838 0.973060 1.370850 1.776840 1.592897 1.592897 0.798986 0.549331 2.000000 0.630899 2.000000 0.114961 0.372919 1.495558 1.374054 0.873526 