Releaseoutput64/MortalityPackage/21/queralba_IV_30.asc
ncols  20
nrows  20
xllcorner  0
yllcorner  0
cellsize  30
NODATA_value  -9999
0 0 0 0 0 0 0 0 0 0 0 0 0 0 0 0 0.088570 0.088570 0.088570 0 0 0 0 0 0 0 0 0 0 0 0 0 0 0 0 0 0.088570 0.088570 0 0 0 0 0.088570 0.088570 0.088570 0 0 0 0 0 0 0 0 0.088570 0.088570 0.088570 0.088570 0.088570 0.088570 0.088570 0 0.088570 0.088570 0.088570 0.088570 0.088570 0.088570 0.088570 0.088570 0.088570 0.088570 0.088570 0.088570 0.088570 0 0 0 0 0 0 0.088570 0.088570 0.088570 0.088570 0.088570 0.088570 0.088570 0.088570 0.088570 0.088570 0 0 0 0 0 0 1.652788 0.817336 0.722363 1.011729 0.088570 0.088570 0.088570 0.088570 0.088570 0.088570 0 0 0 0 0 0 0.832030 0.933672 0.692695 0.969002 0.980527 0 0 0.895740 0.088570 0 0 0 0 0 0 0 1.284164 0 2.000000 1.205214 0 0.783657 1.672131 0.784218 1.105053 1.284164 0.328614 1.206535 0 0 0 0 0.813570 0.820607 0 1.672131 1.375557 1.437899 0.764906 2.000000 0.582264 0.645034 1.105053 0 0.931986 0.391224 1.401387 1.771854 0.882445 0.915791 0.889546 0.884485 0.860710 1.022259 0.356734 0.784218 1.359450 1.527460 1.527460 1.105053 0.000000 0.758184 1.206535 0.788810 1.365787 1.358311 1.784695 1.490835 0.877393 0.882019 0.876942 0.879031 0.343851 0.800253 1.318238 0.230153 1.415102 1.011729 1.775642 0.722363 1.492685 0 0.669909 1.022259 1.594642 0.440911 0.371534 0.875083 2.000000 0.913366 0.848432 0.843325 0.648844 0.860815 0.343851 1.594642 0.230153 0.931986 0.722363 0.940442 1.492685 1.393151 0 1.490835 0.783657 0.788810 1.762846 1.490835 2.000000 0.906889 0.909285 0.815540 0.852752 0.815540 0.860115 1.437899 0.582264 0.425737 1.086413 0.916262 1.128774 1.492685 0.577888 0.547363 1.010692 1.010692 1.213452 1.425574 0.857739 0.898252 0.862747 0.343851 0.862030 1.082920 0.343851 0.343851 1.129166 0.851240 0.229806 1.128774 1.227155 1.492685 1.412696 1.229589 0.351816 1.638381 1.283997 1.490835 0.877963 0.903030 0.805980 0.853421 1.100171 0.832668 0.920251 0.343851 0.343851 1.411955 1.771854 1.527460 0.783657 1.683186 0.795109 0.885327 0.875083 1.386107 0.767080 1.302687 0.846094 0.916062 1.106337 0.839161 1.068015 0.343851 1.151495 0.343851 0.343851 1.425574 1.428160 2.000000 1.488046 2.000000 1.227782 1.161951 0.371534 1.771854 1.762846 1.010692 0.826578 0.909079 0.343851 1.040838 1.081705 0.343851 0.837144 0.860462 2.000000 0.000000 1.638381 1.010692 0.415783 0.980527 1.011729 1.010692 0.000000 1.638381 1.762846 0.858603 0.898909 0.861306 0.915264 0.343851 0.884876 0.815540 1.049315 1.100171 0.881236 0.097996 1.418567 1.046923 0.682421 0.605179 1.771854 1.545395 1.213452 1.638381 0.767080 1.408782 0.814359 0.824708 1.651185 1.651185 1.651185 1.651185 1.068015 0.829070 0.867780 0.877918 0.827131 0.000000 1.490835 0.885327 0.371534 0.885327 1.490835 2.000000 1.762846 0.885080 0.844889 0.845303 1.651185 1.475221 0.639239 1.331621 1.651185 1.651185 1.651185 0.343851 0.343851 1.049315 1.771854 1.490835 1.313659 1.771854 0.887089 1.229589 0.670690 1.239699 0.353044 1.651185 0.909846 1.456383 1.040729 1.394211 1.381185 1.780392 1.651185 1.651185 0.875916 1.068015 2.000000 0.887089 2.000000 0.097996 0.371534 1.487984 1.395420 0.876344 