Releaseoutput64/MortalityPackage/21/quervelu_BA_30.asc
ncols  20
nrows  20
xllcorner  0
yllcorner  0
cellsize  30
NODATA_value  -9999
0.000000 0.000000 0.000000 0.000000 0.000000 0.000000 0.000000 0.000000 0.000000 0.000000 0.000000 0.000000 0.000000 0.000000 0.000000 0.000000 3.680690 3.680690 3.680690 0.000000 0.000000 0.000000 0.000000 0.000000 0.000000 0.000000 0.000000 0.000000 0.000000 0.000000 0.000000 0.000000 0.000000 0.000000 0.000000 0.000000 3.680690 3.680690 0.000000 0.000000 0.000000 0.000000 3.680690 3.680690 3.680690 0.000000 0.000000 0.000000 0.000000 0.000000 0.000000 0.000000 0.000000 3.680690 3.680690 3.680690 3.680690 3.680690 3.680690 3.680690 0.000000 3.680690 3.680690 3.680690 3.680690 3.680690 3.680690 3.680690 3.680690 3.680690 3.680690 3.680690 3.680690 3.680690 0.000000 0.000000 0.000000 0.000000 0.000000 0.000000 3.680690 3.680690 3.680690 3.680690 3.680690 3.680690 3.680690 3.680690 3.680690 3.680690 0.000000 0.000000 0.000000 0.000000 0.000000 0.000000 0.816814 3.397947 5.002515 0.837077 3.680690 3.680690 3.680690 3.680690 3.680690 3.680690 0.000000 0.000000 0.000000 0.000000 0.000000 0.000000 4.287646 4.007023 7.247183 1.703764 2.153169 0.000000 0.000000 5.003772 3.680690 0.000000 0.000000 0.000000 0.000000 0.000000 0.000000 0.000000 2.118847 0.000000 0.000000 2.061199 0.000000 2.664699 1.361095 0.418539 1.178961 2.118847 3.991629 2.546654 0.000000 0.000000 0.000000 0.000000 4.075274 4.287646 0.000000 1.361095 2.756355 1.612658 0.673715 0.000000 4.045743 5.111999 1.178961 0.000000 3.526987 2.725175 2.091044 0.606327 4.185858 3.560053 3.834000 3.923221 3.772424 3.618643 4.883134 0.418539 2.939824 1.801075 1.801075 1.178961 2.432849 2.834973 2.546654 1.122412 0.510352 3.143399 0.502655 0.860168 3.834000 3.641734 3.712106 4.033805 0.246301 3.805097 1.434137 3.266707 0.515300 0.837077 0.515300 5.002515 0.769769 0.000000 3.146619 3.618643 0.847130 7.649228 5.887973 3.346110 0.000000 4.287646 4.004902 3.483398 3.723965 3.624141 0.246301 0.847130 3.266707 3.526987 5.002515 2.365619 0.769769 1.472779 0.000000 0.860168 2.664699 1.122412 0.528102 0.860168 0.000000 3.380354 3.470832 3.805097 3.558796 3.805097 3.237097 1.612658 4.045743 8.067767 3.301971 6.025496 1.984544 0.769769 5.358300 2.787221 3.647075 3.647075 1.828407 0.871478 4.287646 3.681947 4.075274 0.246301 3.433132 0.799221 0.246301 0.246301 2.261161 2.451149 0.000000 1.984544 3.945369 0.769769 2.055858 2.932677 1.585562 1.300619 2.404575 0.860168 3.834000 3.821433 3.805097 3.558796 0.879646 3.679433 3.558796 0.246301 0.246301 0.430084 0.606327 1.801075 2.664699 0.331831 4.981309 0.860168 3.346110 1.474664 2.932677 2.326978 4.287646 3.641734 0.879646 3.805097 0.879646 0.246301 0.879646 0.246301 0.246301 0.871478 1.474664 0.000000 2.164400 0.000000 4.032077 3.549685 5.887973 0.606327 0.528102 3.647075 4.287646 3.732212 0.246301 0.879646 0.879646 0.246301 3.317522 3.377840 0.000000 0.000000 1.300619 3.647075 3.123293 2.153169 0.837077 3.647075 0.000000 1.300619 0.528102 1.510478 3.772424 4.004902 3.318778 0.246301 3.483398 3.805097 0.879646 0.879646 3.498478 2.558827 1.474664 1.844743 2.523013 2.590871 0.606327 1.056518 1.828407 1.300619 2.932677 1.474664 4.287646 4.135592 0.982847 0.982847 0.982847 0.982847 0.879646 3.724672 3.397947 3.076247 3.317522 0.000000 0.860168 0.860168 5.887973 0.860168 0.860168 0.000000 0.528102 3.353022 4.287646 4.287646 0.982847 2.452956 3.155494 1.337376 0.982847 0.982847 0.982847 0.246301 0.246301 0.879646 0.606327 0.860168 2.326978 0.606327 1.510478 2.932677 2.689203 2.699256 0.377148 0.982847 4.075274 2.452956 4.232354 2.061749 2.026249 0.587007 0.982847 0.982847 3.357734 0.879646 0.000000 1.510478 0.000000 2.558827 5.887973 2.452956 1.628602 3.895575 