Releaseoutput64/MortalityPackage/21/quervelu_IV_20.asc
ncols  20
nrows  20
xllcorner  0
yllcorner  0
cellsize  30
NODATA_value  -9999
0 0 0 0 0 0 0 0 0 0 0 0 0 0 0 0 1.908376 1.908376 1.908376 0 0 0 0 0 0 0 0 0 0 0 0 0 0 0 0 0 1.908376 1.908376 0 0 0 0 1.908376 1.908376 1.908376 0 0 0 0 0 0 0 0 1.908376 1.908376 1.908376 1.908376 1.908376 1.908376 1.908376 0 1.908376 1.908376 1.908376 1.908376 1.908376 1.908376 1.908376 1.908376 1.908376 1.908376 1.908376 1.908376 1.908376 0 0 0 0 0 0 1.908376 1.908376 1.908376 1.908376 1.908376 1.908376 1.908376 1.908376 1.908376 1.908376 0 0 0 0 0 0 0.230485 1.154130 1.274969 0.976900 1.908376 1.908376 1.908376 1.908376 1.908376 1.908376 0 0 0 0 0 0 0.811016 1.080108 1.272696 0.982553 1.002416 0 0 1.172067 1.908376 0 0 0 0 0 0 0 0.656873 0 0.000000 0.824262 0 1.139976 0.302144 1.210412 0.646423 0.656873 1.567605 0.682683 0 0 0 0 0.799255 0.836218 0 0.302144 0.635975 0.547724 1.232054 0.000000 1.421721 1.427941 0.646423 0 1.023751 1.595724 0.591859 0.242794 0.850385 0.783873 0.770844 0.785995 0.776735 0.994371 1.159751 1.210412 0.635975 0.481951 0.481951 0.646423 2.000000 1.205252 0.682683 1.204908 0.616649 0.548946 0.171445 0.507436 0.777986 0.728526 0.811016 0.785314 0.089152 0.855020 0.697102 1.772055 0.587973 0.976900 0.234565 1.274969 0.507025 0 1.092028 0.994371 0.360593 1.595235 1.627828 1.116161 0.000000 0.781651 0.856085 0.821078 1.345801 0.859992 0.089152 0.360593 1.772055 1.023751 1.274969 1.247785 0.507025 0.599008 0 0.507436 1.139976 1.204908 0.252440 0.507436 0.000000 0.793421 0.811016 0.843844 0.859992 0.859992 0.792736 0.547724 1.421721 1.607564 0.906166 1.113406 0.868540 0.507025 1.427941 1.698777 0.983480 0.983480 0.600274 1.224597 0.819156 0.821588 0.819156 0.089152 0.817916 1.369727 0.089152 0.089152 0.750505 1.247785 0.000000 0.868540 0.777959 0.507025 0.536391 0.728445 0.779765 0.373741 0.728445 0.507436 0.830796 0.763521 0.843844 0.843844 1.358019 0.843844 0.797899 0.089152 0.089152 0.581394 0.242794 0.481951 1.139976 0.309701 1.209440 1.118856 1.116161 0.602930 0.904429 0.628632 0.811016 0.786750 1.345977 0.860823 1.345977 0.089152 1.370155 0.089152 0.089152 1.224597 0.602930 0.000000 0.412977 0.000000 0.750990 0.778861 1.627828 0.242794 0.252440 0.983480 0.817962 0.810371 0.089152 1.358019 1.373037 0.089152 0.784676 0.815259 0.000000 0.000000 0.373741 0.983480 1.584569 1.002416 0.976900 0.983480 0.000000 0.373741 0.252440 1.232609 0.722143 0.812676 0.789458 0.089152 0.890345 0.850302 1.358019 1.373037 0.838364 1.895613 0.602930 0.940618 1.698777 1.698777 0.242794 0.228364 0.600274 0.373741 0.904429 0.602930 0.811016 0.826767 0.373329 0.373329 0.373329 0.373329 1.345977 0.853692 0.843099 0.849975 0.804225 0.000000 0.507436 1.118856 1.627828 1.118856 0.507436 0.000000 0.252440 1.047134 0.811016 0.807847 0.373329 0.540610 1.289980 0.402540 0.373329 0.373329 0.373329 0.089152 0.089152 1.355913 0.242794 0.507436 0.628632 0.242794 1.232609 0.728445 0.895142 0.719465 0.320779 0.373329 0.827428 0.443862 0.975785 0.553126 0.623258 0.151375 0.373329 0.373329 0.880922 1.358019 0.000000 1.232609 0.000000 1.895613 1.627828 0.526757 0.613838 0.968359 