Releaseoutput64/MortalityPackage/21/queralba_BA_10.asc
ncols  20
nrows  20
xllcorner  0
yllcorner  0
cellsize  30
NODATA_value  -9999
0.000000 0.000000 0.000000 0.000000 0.000000 0.000000 0.000000 0.000000 0.000000 0.000000 0.000000 0.000000 0.000000 0.000000 0.000000 0.000000 0.075477 0.075477 0.075477 0.000000 0.000000 0.000000 0.000000 0.000000 0.000000 0.000000 0.000000 0.000000 0.000000 0.000000 0.000000 0.000000 0.000000 0.000000 0.000000 0.000000 0.075477 0.075477 0.000000 0.000000 0.000000 0.000000 0.075477 0.075477 0.075477 0.000000 0.000000 0.000000 0.000000 0.000000 0.000000 0.000000 0.000000 0.075477 0.075477 0.075477 0.075477 0.075477 0.075477 0.075477 0.000000 0.075477 0.075477 0.075477 0.075477 0.075477 0.075477 0.075477 0.075477 0.075477 0.075477 0.075477 0.075477 0.075477 0.000000 0.000000 0.000000 0.000000 0.000000 0.000000 0.075477 0.075477 0.075477 0.075477 0.075477 0.075477 0.075477 0.075477 0.075477 0.075477 0.000000 0.000000 0.000000 0.000000 0.000000 0.000000 1.777925 1.265178 0.958284 0.397137 0.075477 0.075477 0.075477 0.075477 0.075477 0.075477 0.000000 0.000000 0.000000 0.000000 0.000000 0.000000 1.977201 0.728732 1.005801 1.052473 1.018583 0.000000 0.000000 1.692081 0.075477 0.000000 0.000000 0.000000 0.000000 0.000000 0.000000 0.000000 1.515760 0.000000 1.320588 0.601968 0.000000 0.646952 2.186018 0.107521 0.885615 1.515760 0.507564 1.457601 0.000000 0.000000 0.000000 0.000000 1.977201 1.977201 0.000000 2.186018 1.646037 1.030737 0.144533 1.320588 0.439960 0.784083 0.885615 0.000000 1.096789 0.344829 2.056428 1.157363 1.977201 1.977201 1.977201 1.977201 1.977201 0.763682 0.831030 0.107521 1.646037 1.820023 1.820023 0.885615 0.000000 0.922450 1.457601 0.292522 0.504108 3.174088 1.984858 0.976093 1.977201 1.977201 1.977201 1.977201 0.141548 1.466378 0.691995 0.086747 0.448894 0.397137 1.254340 0.958284 0.947897 0.000000 0.691838 0.763682 1.155203 0.729301 0.447068 1.019839 0.123150 1.977201 1.977201 1.466378 0.781825 1.466378 0.141548 1.155203 0.086747 1.096789 0.958284 0.730204 0.947897 0.982887 0.000000 0.976093 0.646952 0.292522 1.101109 0.976093 0.123150 1.977201 1.977201 1.466378 1.466378 1.466378 1.466378 1.030737 0.439960 0.729301 1.535198 2.456568 1.009040 0.947897 0.784083 0.424763 1.471267 1.471267 1.473917 1.429346 1.977201 1.977201 1.977201 0.141548 1.466378 0.524842 0.141548 0.141548 1.264059 0.730204 0.135265 1.009040 1.929841 0.947897 1.752655 1.960904 0.415829 1.600445 1.960904 0.976093 1.977201 1.977201 1.466378 1.466378 0.539156 1.466378 1.466378 0.141548 0.141548 0.444280 1.157363 1.820023 0.646952 0.753334 1.299382 0.201337 1.019839 1.782068 0.909825 2.011778 1.977201 1.977201 0.539156 1.466378 0.539156 0.141548 0.539156 0.141548 0.141548 1.429346 1.782068 0.189006 2.180344 0.590521 2.687848 1.635572 0.447068 1.157363 1.101109 1.471267 1.977201 1.977201 0.141548 0.539156 0.539156 0.141548 1.466378 1.466378 0.870260 0.000000 1.600445 1.471267 0.252054 1.018583 0.397137 1.471267 0.000000 1.600445 1.101109 0.720917 1.977201 1.977201 1.977201 0.141548 1.466378 1.466378 0.539156 0.539156 1.466378 0.066052 1.782068 0.949743 0.424763 0.424763 1.157363 2.231473 1.473917 1.600445 0.909825 1.782068 1.977201 1.977201 1.147054 1.147054 1.147054 1.147054 0.539156 1.466378 1.466378 1.466378 1.466378 0.000000 0.976093 0.201337 0.447068 0.201337 0.976093 0.870260 1.101109 1.114774 1.977201 1.977201 1.147054 2.471530 1.195180 1.828603 1.147054 1.147054 1.147054 0.141548 0.141548 0.532794 1.157363 0.976093 2.011778 1.157363 0.720917 1.960904 0.795216 1.372542 0.230671 1.147054 1.977201 3.358991 0.946307 2.332377 1.351022 2.444905 1.147054 1.147054 1.466378 0.539156 0.574951 0.720917 0.574951 0.066052 0.447068 2.471530 1.065589 1.176919 