Releaseoutput64/MortalityPackage/21/quervelu_IV_10.asc
ncols  20
nrows  20
xllcorner  0
yllcorner  0
cellsize  30
NODATA_value  -9999
0 0 0 0 0 0 0 0 0 0 0 0 0 0 0 0 1.903781 1.903781 1.903781 0 0 0 0 0 0 0 0 0 0 0 0 0 0 0 0 0 1.903781 1.903781 0 0 0 0 1.903781 1.903781 1.903781 0 0 0 0 0 0 0 0 1.903781 1.903781 1.903781 1.903781 1.903781 1.903781 1.903781 0 1.903781 1.903781 1.903781 1.903781 1.903781 1.903781 1.903781 1.903781 1.903781 1.903781 1.903781 1.903781 1.903781 0 0 0 0 0 0 1.903781 1.903781 1.903781 1.903781 1.903781 1.903781 1.903781 1.903781 1.903781 1.903781 0 0 0 0 0 0 0.240068 1.114518 1.271205 0.962378 1.903781 1.903781 1.903781 1.903781 1.903781 1.903781 0 0 0 0 0 0 0.830503 1.096694 1.284164 1.585259 0.980588 0 0 1.159286 1.903781 0 0 0 0 0 0 0 0.617141 0 0.000000 0.861898 0 1.133607 0.328565 1.203551 0.633401 0.617141 1.542394 0.679266 0 0 0 0 0.824741 0.832230 0 0.328565 0.679875 0.572603 1.228186 0.000000 1.426612 1.426389 0.633401 0 1.019980 1.577477 0.778696 0.264421 0.806222 0.783738 0.824741 0.824741 0.824741 1.013477 1.150863 1.203551 0.679875 0.493639 0.493639 0.633401 2.000000 1.152092 0.679266 1.196887 0.593745 0.540959 0.165879 0.505068 0.791941 0.791941 0.811887 0.824741 0.090095 0.864053 0.715267 1.774891 0.591696 0.962378 0.247664 1.271205 0.506239 0 1.083849 1.013477 0.375116 1.604439 1.627081 1.104605 0.000000 0.780706 0.824741 0.837294 1.339120 0.864053 0.090095 0.375116 1.774891 1.019980 1.271205 1.247112 0.506239 0.585620 0 0.505068 1.133607 1.196887 0.272766 0.505068 0.000000 0.832230 0.824741 0.864053 0.864053 0.869344 0.837294 0.572603 1.426612 1.604439 0.896556 1.117560 0.865095 0.506239 1.426389 1.691491 0.975826 0.975826 0.597616 1.149536 0.824741 0.824741 0.824741 0.090095 0.869344 1.327508 0.090095 0.090095 0.746129 1.247112 0.000000 0.865095 0.783956 0.506239 0.548266 0.728610 0.635174 0.388218 0.728610 0.505068 0.824741 0.824741 0.864053 0.864053 1.316044 0.864053 0.839525 0.090095 0.090095 0.572918 0.264421 0.493639 1.133607 0.300204 1.204203 1.124103 1.104605 0.582331 0.903048 0.622155 0.824741 0.833303 1.301598 0.869344 1.301598 0.090095 1.332726 0.090095 0.090095 1.149536 0.582331 0.000000 0.451369 0.000000 0.662791 0.792080 1.627081 0.264421 0.272766 0.975826 0.824741 0.824741 0.090095 1.316044 1.333224 0.090095 0.831238 0.864053 0.000000 0.000000 0.388218 0.975826 1.584991 0.980588 0.962378 0.975826 0.000000 0.388218 0.272766 1.175028 0.791941 0.833303 0.824741 0.090095 0.879651 0.864053 1.316044 1.333224 0.854511 1.885039 0.582331 1.560400 1.691491 1.691491 0.264421 0.238715 0.597616 0.388218 0.903048 0.582331 0.824741 0.824741 0.407103 0.407103 0.407103 0.407103 1.301598 0.869344 0.872367 0.864053 0.831238 0.000000 0.505068 1.124103 1.627081 1.124103 0.505068 0.000000 0.272766 1.038179 0.806222 0.824741 0.407103 0.504442 1.184253 0.392141 0.407103 0.407103 0.407103 0.090095 0.090095 1.310918 0.264421 0.505068 0.622155 0.264421 1.175028 0.728610 0.884150 0.727855 0.315990 0.407103 0.839213 0.443920 0.995162 1.006788 0.629150 0.150415 0.407103 0.407103 0.871173 1.316044 0.000000 1.175028 0.000000 1.885039 1.627081 0.504442 0.625946 0.971079 