Releaseoutput64/MortalityPackage/21/quervelu_BA_10.asc
ncols  20
nrows  20
xllcorner  0
yllcorner  0
cellsize  30
NODATA_value  -9999
0.000000 0.000000 0.000000 0.000000 0.000000 0.000000 0.000000 0.000000 0.000000 0.000000 0.000000 0.000000 0.000000 0.000000 0.000000 0.000000 1.780655 1.780655 1.780655 0.000000 0.000000 0.000000 0.000000 0.000000 0.000000 0.000000 0.000000 0.000000 0.000000 0.000000 0.000000 0.000000 0.000000 0.000000 0.000000 0.000000 1.780655 1.780655 0.000000 0.000000 0.000000 0.000000 1.780655 1.780655 1.780655 0.000000 0.000000 0.000000 0.000000 0.000000 0.000000 0.000000 0.000000 1.780655 1.780655 1.780655 1.780655 1.780655 1.780655 1.780655 0.000000 1.780655 1.780655 1.780655 1.780655 1.780655 1.780655 1.780655 1.780655 1.780655 1.780655 1.780655 1.780655 1.780655 0.000000 0.000000 0.000000 0.000000 0.000000 0.000000 1.780655 1.780655 1.780655 1.780655 1.780655 1.780655 1.780655 1.780655 1.780655 1.780655 0.000000 0.000000 0.000000 0.000000 0.000000 0.000000 0.495115 1.628602 2.916497 0.510352 1.780655 1.780655 1.780655 1.780655 1.780655 1.780655 0.000000 0.000000 0.000000 0.000000 0.000000 0.000000 3.330088 2.350775 4.897429 3.154316 1.210691 0.000000 0.000000 3.618565 1.780655 0.000000 0.000000 0.000000 0.000000 0.000000 0.000000 0.000000 0.806918 0.000000 0.000000 1.327323 0.000000 1.518646 0.933838 0.255176 0.708979 0.806918 1.923204 1.377981 0.000000 0.000000 0.000000 0.000000 3.330088 3.330088 0.000000 0.933838 2.240034 0.916481 0.387201 0.000000 2.598097 3.553770 0.708979 0.000000 1.991377 1.453458 1.859823 0.334894 3.228301 3.015929 3.330088 3.330088 3.330088 2.125759 2.857436 0.255176 2.240034 1.127518 1.127518 0.708979 0.985203 1.166159 1.377981 0.672536 0.264051 2.432378 0.261381 0.528416 3.047345 3.047345 3.228301 3.330088 0.125664 2.834973 0.841004 1.917078 0.331831 0.510352 0.331831 2.916497 0.541061 0.000000 1.779398 2.125759 0.520405 6.200718 3.626026 1.863279 0.000000 2.945557 3.330088 2.654017 2.419576 2.834973 0.125664 0.520405 1.917078 1.991377 2.916497 2.940923 0.541061 0.628319 0.000000 0.528416 1.518646 0.672536 0.342119 0.528416 0.000000 3.330088 3.330088 2.834973 2.834973 2.834973 2.654017 0.916481 2.598097 6.200718 1.889511 4.847006 1.270774 0.541061 3.553770 3.270084 2.214509 2.214509 1.144796 1.414345 3.330088 3.330088 3.330088 0.125664 2.834973 1.784425 0.125664 0.125664 1.341303 2.940923 0.000000 1.270774 2.372059 0.541061 1.276743 2.055858 1.706199 0.737646 2.055858 0.528416 3.330088 3.330088 2.834973 2.834973 1.784425 2.834973 2.588672 0.125664 0.125664 0.264208 0.334894 1.127518 1.518646 0.188574 3.282336 0.528416 1.863279 1.131916 1.791650 1.523044 3.330088 3.330088 1.704000 2.834973 1.704000 0.125664 1.764318 0.125664 0.125664 1.414345 1.131916 0.000000 1.453222 0.000000 3.081038 2.202885 3.626026 0.334894 0.342119 2.214509 3.330088 3.330088 0.125664 1.784425 1.784425 0.125664 2.588672 2.834973 0.000000 0.000000 0.737646 2.214509 1.939541 1.210691 0.510352 2.214509 0.000000 0.737646 0.342119 1.433509 3.047345 3.330088 3.330088 0.125664 2.834973 2.834973 1.784425 1.784425 2.754548 1.045836 1.131916 4.281991 3.270084 3.270084 0.334894 0.619208 1.144796 0.737646 1.791650 1.131916 3.330088 3.330088 0.625962 0.625962 0.625962 0.625962 1.704000 2.834973 2.834973 2.834973 2.588672 0.000000 0.528416 0.528416 3.626026 0.528416 0.528416 0.000000 0.342119 1.980774 3.228301 3.330088 0.625962 1.734159 0.981512 0.764349 0.625962 0.625962 0.625962 0.125664 0.125664 1.704000 0.334894 0.528416 1.523044 0.334894 1.433509 2.055858 1.543150 1.613522 0.171060 0.625962 3.330088 1.734159 2.463009 2.981057 1.103877 0.320600 0.625962 0.625962 2.834973 1.784425 0.000000 1.433509 0.000000 1.045836 3.626026 1.734159 0.924885 2.347398 