Releaseoutput64/MortalityPackage/21/queralba_IV_20.asc
ncols  20
nrows  20
xllcorner  0
yllcorner  0
cellsize  30
NODATA_value  -9999
0 0 0 0 0 0 0 0 0 0 0 0 0 0 0 0 0.091624 0.091624 0.091624 0 0 0 0 0 0 0 0 0 0 0 0 0 0 0 0 0 0.091624 0.091624 0 0 0 0 0.091624 0.091624 0.091624 0 0 0 0 0 0 0 0 0.091624 0.091624 0.091624 0.091624 0.091624 0.091624 0.091624 0 0.091624 0.091624 0.091624 0.091624 0.091624 0.091624 0.091624 0.091624 0.091624 0.091624 0.091624 0.091624 0.091624 0 0 0 0 0 0 0.091624 0.091624 0.091624 0.091624 0.091624 0.091624 0.091624 0.091624 0.091624 0.091624 0 0 0 0 0 0 1.637736 0.845870 0.725031 1.023100 0.091624 0.091624 0.091624 0.091624 0.091624 0.091624 0 0 0 0 0 0 0.842142 0.919892 0.727304 1.017447 0.997584 0 0 0.751528 0.091624 0 0 0 0 0 0 0 1.310695 0 2.000000 1.175738 0 0.787826 1.649200 0.789588 1.110992 1.310695 0.347023 1.206166 0 0 0 0 0.840087 0.831927 0 1.649200 1.364025 1.417071 0.767946 2.000000 0.578279 0.572059 1.110992 0 0.935008 0.404276 1.408141 1.757206 0.858842 0.879004 0.871794 0.859985 0.867202 1.005629 0.370312 0.789588 1.364025 1.518049 1.518049 1.110992 0.000000 0.794748 1.206166 0.795092 1.383351 1.361812 1.788299 1.492564 0.883637 0.879108 0.842142 0.848119 0.316245 0.805686 1.302898 0.227945 1.412027 1.023100 1.765435 0.725031 1.492975 0 0.672648 1.005629 1.582624 0.404765 0.372172 0.883839 2.000000 0.862742 0.800621 0.830512 0.654199 0.800015 0.316245 1.582624 0.227945 0.935008 0.725031 0.643540 1.492975 1.400992 0 1.492564 0.787826 0.795092 1.747560 1.492564 2.000000 0.864769 0.842142 0.822647 0.800015 0.800015 0.849962 1.417071 0.578279 0.392436 1.093834 0.855894 1.131460 1.492975 0.572059 0.301223 1.016520 1.016520 1.215090 0.775403 0.853921 0.834729 0.853921 0.316245 0.821222 0.520887 0.316245 0.316245 1.131359 0.643540 0.262420 1.131460 1.222041 1.492975 1.440442 1.192099 0.371936 1.626259 1.192099 1.492564 0.836512 0.875777 0.822647 0.822647 0.533523 0.822647 0.915551 0.316245 0.316245 1.418606 1.757206 1.518049 0.787826 1.690299 0.790560 0.881144 0.883839 1.274670 0.767765 1.301636 0.842142 0.880903 0.543252 0.815861 0.543252 0.316245 0.547021 0.316245 0.316245 0.775403 1.274670 2.000000 1.547035 2.000000 1.249010 1.221139 0.372172 1.757206 1.747560 1.016520 0.829940 0.825066 0.316245 0.533523 0.539622 0.316245 0.865817 0.843476 2.000000 0.000000 1.626259 1.016520 0.415431 0.997584 1.023100 1.016520 0.000000 1.626259 1.747560 0.598297 0.895987 0.844196 0.857286 0.316245 0.838036 0.811068 0.533523 0.539622 0.861229 0.104387 1.274670 1.059382 0.301223 0.301223 1.757206 1.623738 1.215090 1.626259 0.767765 1.274670 0.842142 0.819615 1.626671 1.626671 1.626671 1.626671 0.543252 0.835138 0.870694 0.833118 0.833790 0.000000 1.492564 0.881144 0.372172 0.881144 1.492564 2.000000 1.747560 0.891337 0.842142 0.843594 1.626671 1.459390 0.710020 1.334907 1.626671 1.626671 1.626671 0.316245 0.316245 0.532511 1.757206 1.492564 1.301636 1.757206 0.598297 1.192099 0.675351 1.231019 0.385312 1.626671 0.866052 1.498290 1.024215 1.409982 1.376742 1.778828 1.626671 1.626671 0.794166 0.533523 2.000000 0.598297 2.000000 0.104387 0.372172 1.473243 1.386162 0.875112 