Releaseoutput64/MortalityPackage/21/RelativeDensity_30.asc
ncols  20
nrows  20
xllcorner  0
yllcorner  0
cellsize  30
NODATA_value  -9999
0.000000 0.000000 0.000000 0.000000 0.000000 0.000000 0.000000 0.000000 0.000000 0.000000 0.000000 0.000000 0.000000 0.000000 0.000000 0.000000 0.314311 0.314311 0.314311 0.000000 0.000000 0.000000 0.000000 0.000000 0.000000 0.000000 0.000000 0.000000 0.000000 0.000000 0.000000 0.000000 0.000000 0.000000 0.000000 0.000000 0.314311 0.314311 0.000000 0.000000 0.000000 0.000000 0.314311 0.314311 0.314311 0.000000 0.000000 0.000000 0.000000 0.000000 0.000000 0.000000 0.000000 0.314311 0.314311 0.314311 0.314311 0.314311 0.314311 0.314311 0.000000 0.314311 0.314311 0.314311 0.314311 0.314311 0.314311 0.314311 0.314311 0.314311 0.314311 0.314311 0.314311 0.314311 0.000000 0.000000 0.000000 0.000000 0.000000 0.000000 0.314311 0.314311 0.314311 0.314311 0.314311 0.314311 0.314311 0.314311 0.314311 0.314311 0.000000 0.000000 0.000000 0.000000 0.000000 0.000000 0.418617 0.455140 0.516961 0.109164 0.314311 0.314311 0.314311 0.314311 0.314311 0.314311 0.000000 0.000000 0.000000 0.000000 0.000000 0.000000 0.633599 0.445117 0.680666 0.298219 0.295490 0.000000 0.000000 0.624812 0.314311 0.000000 0.000000 0.000000 0.000000 0.000000 0.000000 0.000000 0.498660 0.000000 0.157238 0.273541 0.000000 0.306566 0.504219 0.044652 0.223975 0.498660 0.406160 0.476866 0.000000 0.000000 0.000000 0.000000 0.598592 0.613438 0.000000 0.504219 0.487283 0.354899 0.072949 0.157238 0.348491 0.500372 0.223975 0.000000 0.448192 0.257814 0.467862 0.327120 0.590153 0.571237 0.595206 0.598224 0.585544 0.426319 0.488696 0.044652 0.497916 0.427509 0.427509 0.223975 0.214699 0.389601 0.476866 0.121591 0.114237 0.621541 0.375386 0.200590 0.596927 0.594590 0.577932 0.606045 0.365469 0.543724 0.241102 0.258558 0.099423 0.109164 0.251956 0.516961 0.155980 0.000000 0.376864 0.426319 0.275867 0.638047 0.485544 0.407573 0.020322 0.672629 0.586697 0.523813 0.347893 0.527106 0.365469 0.275867 0.258558 0.448192 0.516961 0.340280 0.155980 0.348506 0.000000 0.200590 0.306566 0.121591 0.243541 0.200590 0.020322 0.546654 0.568936 0.548297 0.523463 0.548297 0.490234 0.354899 0.348491 0.670344 0.474262 0.705848 0.269545 0.155980 0.506222 0.258715 0.463089 0.463089 0.353220 0.267672 0.623772 0.581423 0.596493 0.365469 0.500557 0.208304 0.365469 0.365469 0.369924 0.327829 0.117096 0.269545 0.603324 0.155980 0.465822 0.507959 0.245718 0.422929 0.462851 0.200590 0.595922 0.586415 0.534479 0.522408 0.214798 0.536782 0.543059 0.365469 0.365469 0.089039 0.327120 0.427509 0.306566 0.130739 0.567227 0.093779 0.407573 0.429770 0.383067 0.470450 0.625950 0.571472 0.212469 0.543433 0.220926 0.365469 0.202745 0.365469 0.365469 0.267672 0.427828 0.025938 0.540391 0.080692 0.597629 0.520070 0.485544 0.327120 0.243541 0.463089 0.614098 0.581787 0.365469 0.214798 0.211601 0.365469 0.490723 0.513106 0.104411 0.012640 0.422929 0.463089 0.259464 0.295490 0.109164 0.463089 0.012640 0.422929 0.243541 0.266108 0.616910 0.588873 0.560933 0.365469 0.496263 0.548297 0.217729 0.214798 0.513556 0.235582 0.433696 0.278237 0.252726 0.246552 0.327120 0.455212 0.353220 0.422929 0.383067 0.413922 0.625950 0.606516 0.310285 0.310285 0.310285 0.310285 0.220926 0.529547 0.495408 0.464648 0.497748 0.012640 0.200590 0.093779 0.485544 0.093779 0.200590 0.104411 0.243541 0.411395 0.628183 0.639163 0.310285 0.528550 0.465138 0.409704 0.310285 0.310285 0.310285 0.365469 0.365469 0.217729 0.327120 0.200590 0.454077 0.327120 0.271351 0.507959 0.373091 0.443790 0.151301 0.310285 0.594623 0.599030 0.513368 0.522297 0.414129 0.488602 0.310285 0.310285 0.507225 0.220926 0.055897 0.271351 0.055897 0.235582 0.485544 0.542462 0.326690 0.485978 