Releaseoutput64/MortalityPackage/21/RelativeDensity_20.asc
ncols  20
nrows  20
xllcorner  0
yllcorner  0
cellsize  30
NODATA_value  -9999
0.000000 0.000000 0.000000 0.000000 0.000000 0.000000 0.000000 0.000000 0.000000 0.000000 0.000000 0.000000 0.000000 0.000000 0.000000 0.000000 0.241752 0.241752 0.241752 0.000000 0.000000 0.000000 0.000000 0.000000 0.000000 0.000000 0.000000 0.000000 0.000000 0.000000 0.000000 0.000000 0.000000 0.000000 0.000000 0.000000 0.241752 0.241752 0.000000 0.000000 0.000000 0.000000 0.241752 0.241752 0.241752 0.000000 0.000000 0.000000 0.000000 0.000000 0.000000 0.000000 0.000000 0.241752 0.241752 0.241752 0.241752 0.241752 0.241752 0.241752 0.000000 0.241752 0.241752 0.241752 0.241752 0.241752 0.241752 0.241752 0.241752 0.241752 0.241752 0.241752 0.241752 0.241752 0.000000 0.000000 0.000000 0.000000 0.000000 0.000000 0.241752 0.241752 0.241752 0.241752 0.241752 0.241752 0.241752 0.241752 0.241752 0.241752 0.000000 0.000000 0.000000 0.000000 0.000000 0.000000 0.331506 0.361512 0.423269 0.092063 0.241752 0.241752 0.241752 0.241752 0.241752 0.241752 0.000000 0.000000 0.000000 0.000000 0.000000 0.000000 0.575164 0.356482 0.633348 0.229210 0.243725 0.000000 0.000000 0.616245 0.241752 0.000000 0.000000 0.000000 0.000000 0.000000 0.000000 0.000000 0.368359 0.000000 0.136081 0.220671 0.000000 0.249781 0.406618 0.037317 0.188783 0.368359 0.310487 0.380141 0.000000 0.000000 0.000000 0.000000 0.552237 0.558232 0.000000 0.406618 0.511740 0.272261 0.059463 0.136081 0.293051 0.469695 0.188783 0.000000 0.363093 0.206727 0.367598 0.245389 0.552852 0.549602 0.548177 0.561745 0.553088 0.338910 0.398152 0.037317 0.511740 0.348552 0.348552 0.188783 0.155580 0.295623 0.380141 0.100721 0.093156 0.573046 0.301147 0.167466 0.544691 0.487534 0.575164 0.547428 0.279178 0.482206 0.190404 0.211038 0.083533 0.092063 0.202592 0.423269 0.135848 0.000000 0.306549 0.338910 0.221020 0.588223 0.403858 0.330941 0.016503 0.648732 0.547528 0.462445 0.297104 0.478610 0.279178 0.221020 0.211038 0.363093 0.423269 0.559862 0.135848 0.259040 0.000000 0.167466 0.249781 0.100721 0.192900 0.167466 0.016503 0.533253 0.575164 0.488334 0.478610 0.478610 0.445295 0.272261 0.293051 0.615234 0.388680 0.653773 0.228271 0.135848 0.469695 0.443560 0.386198 0.386198 0.296904 0.412084 0.570752 0.545453 0.570752 0.279178 0.450880 0.476944 0.279178 0.279178 0.305652 0.559862 0.088041 0.228271 0.492591 0.135848 0.453300 0.455891 0.191835 0.326578 0.455891 0.167466 0.563103 0.552021 0.488334 0.488334 0.480141 0.488334 0.436868 0.279178 0.279178 0.075123 0.245389 0.348552 0.249781 0.108224 0.539004 0.077589 0.330941 0.483446 0.318354 0.426943 0.575164 0.546592 0.468625 0.481155 0.468625 0.279178 0.467811 0.279178 0.279178 0.412084 0.483446 0.021790 0.564562 0.067976 0.543794 0.485674 0.403858 0.245389 0.192900 0.386198 0.572108 0.557963 0.279178 0.480141 0.475068 0.279178 0.458777 0.472904 0.090291 0.010505 0.326578 0.386198 0.216618 0.243725 0.092063 0.386198 0.010505 0.326578 0.192900 0.390834 0.506870 0.538559 0.565440 0.279178 0.464372 0.486320 0.480141 0.475068 0.474162 0.171512 0.483446 0.220386 0.443560 0.443560 0.245389 0.442263 0.296904 0.326578 0.318354 0.483446 0.575164 0.563648 0.242831 0.242831 0.242831 0.242831 0.468625 0.483262 0.445168 0.486667 0.448915 0.010505 0.167466 0.077589 0.403858 0.077589 0.167466 0.090291 0.192900 0.340657 0.575164 0.523597 0.242831 0.421207 0.336926 0.340075 0.242831 0.242831 0.242831 0.279178 0.279178 0.466611 0.245389 0.167466 0.426943 0.245389 0.390834 0.455891 0.306375 0.359968 0.113355 0.242831 0.566771 0.532526 0.407150 0.409705 0.327065 0.391012 0.242831 0.242831 0.468389 0.480141 0.050202 0.390834 0.050202 0.171512 0.403858 0.432954 0.258900 0.399475 