Releaseoutput64/MortalityPackage/21/RelativeDensity_10.asc
ncols  20
nrows  20
xllcorner  0
yllcorner  0
cellsize  30
NODATA_value  -9999
0.000000 0.000000 0.000000 0.000000 0.000000 0.000000 0.000000 0.000000 0.000000 0.000000 0.000000 0.000000 0.000000 0.000000 0.000000 0.000000 0.176648 0.176648 0.176648 0.000000 0.000000 0.000000 0.000000 0.000000 0.000000 0.000000 0.000000 0.000000 0.000000 0.000000 0.000000 0.000000 0.000000 0.000000 0.000000 0.000000 0.176648 0.176648 0.000000 0.000000 0.000000 0.000000 0.176648 0.176648 0.176648 0.000000 0.000000 0.000000 0.000000 0.000000 0.000000 0.000000 0.000000 0.176648 0.176648 0.176648 0.176648 0.176648 0.176648 0.176648 0.000000 0.176648 0.176648 0.176648 0.176648 0.176648 0.176648 0.176648 0.176648 0.176648 0.176648 0.176648 0.176648 0.176648 0.000000 0.000000 0.000000 0.000000 0.000000 0.000000 0.176648 0.176648 0.176648 0.176648 0.176648 0.176648 0.176648 0.176648 0.176648 0.176648 0.000000 0.000000 0.000000 0.000000 0.000000 0.000000 0.253267 0.276648 0.336932 0.076113 0.176648 0.176648 0.176648 0.176648 0.176648 0.176648 0.000000 0.000000 0.000000 0.000000 0.000000 0.000000 0.545499 0.275996 0.502837 0.443556 0.196057 0.000000 0.000000 0.479706 0.176648 0.000000 0.000000 0.000000 0.000000 0.000000 0.000000 0.000000 0.256068 0.000000 0.116130 0.172490 0.000000 0.197562 0.317619 0.030491 0.155978 0.256068 0.227031 0.292228 0.000000 0.000000 0.000000 0.000000 0.548145 0.543734 0.000000 0.317619 0.375869 0.199338 0.047059 0.116130 0.241358 0.373384 0.155978 0.000000 0.285042 0.160163 0.408565 0.173266 0.538421 0.518230 0.548145 0.548145 0.548145 0.260297 0.315702 0.030491 0.375869 0.276232 0.276232 0.155978 0.103939 0.212715 0.292228 0.081455 0.073779 0.552101 0.233696 0.136684 0.526070 0.526070 0.535775 0.548145 0.203264 0.448794 0.144868 0.167296 0.068722 0.076113 0.157713 0.336932 0.116864 0.000000 0.242062 0.260297 0.171134 0.554566 0.328142 0.260667 0.012992 0.510930 0.548145 0.433364 0.249431 0.448794 0.203264 0.171134 0.167296 0.285042 0.336932 0.392447 0.116864 0.180620 0.000000 0.136684 0.197562 0.081455 0.147247 0.136684 0.012992 0.543734 0.548145 0.448794 0.448794 0.447127 0.433364 0.199338 0.241358 0.554566 0.309861 0.647101 0.189697 0.116864 0.373384 0.335609 0.314871 0.314871 0.244415 0.293101 0.548145 0.548145 0.548145 0.203264 0.447127 0.299051 0.203264 0.203264 0.246183 0.392447 0.062564 0.189697 0.390910 0.116864 0.327105 0.369141 0.398467 0.241318 0.369141 0.136684 0.548145 0.548145 0.448794 0.448794 0.301066 0.448794 0.424939 0.203264 0.203264 0.062139 0.173266 0.276232 0.197562 0.087474 0.418938 0.062591 0.260667 0.341161 0.258319 0.338228 0.548145 0.542729 0.293017 0.447127 0.293017 0.203264 0.292292 0.203264 0.203264 0.293101 0.341161 0.017935 0.401484 0.056123 0.549019 0.370060 0.328142 0.173266 0.147247 0.314871 0.548145 0.548145 0.203264 0.301066 0.296972 0.203264 0.429033 0.448794 0.076971 0.008523 0.241318 0.314871 0.176764 0.196057 0.076113 0.314871 0.008523 0.241318 0.147247 0.261460 0.526070 0.542729 0.548145 0.203264 0.441504 0.448794 0.301066 0.296972 0.436652 0.115630 0.341161 0.510806 0.335609 0.335609 0.173266 0.331874 0.244415 0.241318 0.258319 0.341161 0.548145 0.548145 0.182176 0.182176 0.182176 0.182176 0.293017 0.447127 0.444700 0.448794 0.429033 0.008523 0.136684 0.062591 0.328142 0.062591 0.136684 0.076971 0.147247 0.275155 0.538421 0.548145 0.182176 0.418641 0.228102 0.275632 0.182176 0.182176 0.182176 0.203264 0.203264 0.291966 0.173266 0.136684 0.338228 0.173266 0.261460 0.369141 0.244904 0.283313 0.079888 0.182176 0.540083 0.495471 0.311612 0.572663 0.248136 0.302135 0.182176 0.182176 0.445598 0.301066 0.044742 0.261460 0.044742 0.115630 0.328142 0.418641 0.197452 0.319711 