Releaseoutput64/MortalityPackage/21/RelativeDensity_0.asc
ncols  20
nrows  20
xllcorner  0
yllcorner  0
cellsize  30
NODATA_value  -9999
0.000000 0.000000 0.000000 0.000000 0.000000 0.000000 0.000000 0.000000 0.000000 0.000000 0.000000 0.000000 0.000000 0.000000 0.000000 0.000000 0.119609 0.119609 0.119609 0.000000 0.000000 0.000000 0.000000 0.000000 0.000000 0.000000 0.000000 0.000000 0.000000 0.000000 0.000000 0.000000 0.000000 0.000000 0.000000 0.000000 0.119609 0.119609 0.000000 0.000000 0.000000 0.000000 0.119609 0.119609 0.119609 0.000000 0.000000 0.000000 0.000000 0.000000 0.000000 0.000000 0.000000 0.119609 0.119609 0.119609 0.119609 0.119609 0.119609 0.119609 0.000000 0.119609 0.119609 0.119609 0.119609 0.119609 0.119609 0.119609 0.119609 0.119609 0.119609 0.119609 0.119609 0.119609 0.000000 0.000000 0.000000 0.000000 0.000000 0.000000 0.119609 0.119609 0.119609 0.119609 0.119609 0.119609 0.119609 0.119609 0.119609 0.119609 0.000000 0.000000 0.000000 0.000000 0.000000 0.000000 0.184729 0.201218 0.258395 0.061374 0.119609 0.119609 0.119609 0.119609 0.119609 0.119609 0.000000 0.000000 0.000000 0.000000 0.000000 0.000000 0.909396 0.204310 0.384600 0.265997 0.152751 0.000000 0.000000 0.708792 0.119609 0.000000 0.000000 0.000000 0.000000 0.000000 0.000000 0.000000 0.164344 0.000000 0.097435 0.129347 0.000000 0.150194 0.237839 0.024201 0.125684 0.164344 0.157487 0.213775 0.000000 0.000000 0.000000 0.000000 0.909396 0.909396 0.000000 0.237839 0.261096 0.137250 0.035805 0.097435 0.193603 0.285755 0.125684 0.000000 0.214494 0.118444 0.273892 0.111761 0.909396 0.909396 0.909396 0.909396 0.909396 0.191373 0.242027 0.024201 0.261096 0.211010 0.211010 0.125684 0.060568 0.142059 0.213775 0.063894 0.056216 0.534713 0.173552 0.108370 0.909396 0.909396 0.909396 0.909396 0.139026 0.699192 0.104967 0.127562 0.055047 0.061374 0.117660 0.258395 0.099079 0.000000 0.397754 0.191373 0.126577 0.440165 0.258735 0.197169 0.009808 0.909396 0.909396 0.699192 0.205015 0.699192 0.139026 0.126577 0.127562 0.214494 0.258395 0.252612 0.099079 0.390970 0.000000 0.108370 0.150194 0.063894 0.107014 0.108370 0.009808 0.909396 0.909396 0.699192 0.699192 0.699192 0.699192 0.137250 0.193603 0.440165 0.238222 0.484778 0.153957 0.099079 0.285755 0.239990 0.249420 0.249420 0.195948 0.481166 0.909396 0.909396 0.909396 0.139026 0.699192 0.563039 0.139026 0.139026 0.191791 0.252612 0.041085 0.153957 0.298876 0.099079 0.218820 0.289601 0.254577 0.168416 0.289601 0.108370 0.909396 0.909396 0.699192 0.699192 0.563039 0.699192 0.699192 0.139026 0.139026 0.050134 0.111761 0.211010 0.150194 0.068600 0.310935 0.048850 0.197169 0.222822 0.203218 0.258053 0.909396 0.909396 0.563039 0.699192 0.563039 0.139026 0.563039 0.139026 0.139026 0.481166 0.222822 0.014391 0.263624 0.045177 0.395950 0.267521 0.258735 0.111761 0.107014 0.249420 0.909396 0.909396 0.139026 0.563039 0.563039 0.139026 0.699192 0.699192 0.064486 0.006702 0.168416 0.249420 0.140058 0.152751 0.061374 0.249420 0.006702 0.168416 0.107014 0.157425 0.909396 0.909396 0.909396 0.139026 0.699192 0.699192 0.563039 0.563039 0.699192 0.068841 0.222822 0.344989 0.239990 0.239990 0.111761 0.235928 0.195948 0.168416 0.203218 0.222822 0.909396 0.909396 0.128897 0.128897 0.128897 0.128897 0.563039 0.699192 0.699192 0.699192 0.699192 0.006702 0.108370 0.048850 0.258735 0.048850 0.108370 0.064486 0.107014 0.215184 0.909396 0.909396 0.128897 0.301320 0.141737 0.216676 0.128897 0.128897 0.128897 0.139026 0.139026 0.563039 0.111761 0.108370 0.258053 0.111761 0.157425 0.289601 0.189001 0.214333 0.051356 0.128897 0.909396 0.459512 0.227847 0.363559 0.177948 0.222596 0.128897 0.128897 0.699192 0.563039 0.039522 0.157425 0.039522 0.068841 0.258735 0.301320 0.142833 0.247097 