Releaseoutput64/MortalityPackage/21/TotalBA_0.asc
ncols  20
nrows  20
xllcorner  0
yllcorner  0
cellsize  30
NODATA_value  -9999
0.000000 0.000000 0.000000 0.000000 0.000000 0.000000 0.000000 0.000000 0.000000 0.000000 0.000000 0.000000 0.000000 0.000000 0.000000 0.000000 1.142146 1.142146 1.142146 0.000000 0.000000 0.000000 0.000000 0.000000 0.000000 0.000000 0.000000 0.000000 0.000000 0.000000 0.000000 0.000000 0.000000 0.000000 0.000000 0.000000 1.142146 1.142146 0.000000 0.000000 0.000000 0.000000 1.142146 1.142146 1.142146 0.000000 0.000000 0.000000 0.000000 0.000000 0.000000 0.000000 0.000000 1.142146 1.142146 1.142146 1.142146 1.142146 1.142146 1.142146 0.000000 1.142146 1.142146 1.142146 1.142146 1.142146 1.142146 1.142146 1.142146 1.142146 1.142146 1.142146 1.142146 1.142146 0.000000 0.000000 0.000000 0.000000 0.000000 0.000000 1.142146 1.142146 1.142146 1.142146 1.142146 1.142146 1.142146 1.142146 1.142146 1.142146 0.000000 0.000000 0.000000 0.000000 0.000000 0.000000 1.726070 1.951204 2.790363 0.694233 1.142146 1.142146 1.142146 1.142146 1.142146 1.142146 0.000000 0.000000 0.000000 0.000000 0.000000 0.000000 8.936064 2.156782 4.273175 2.317298 1.642523 0.000000 0.000000 7.208011 1.142146 0.000000 0.000000 0.000000 0.000000 0.000000 0.000000 0.000000 1.460153 0.000000 1.064529 1.384991 0.000000 1.568204 2.303003 0.271532 1.345387 1.460153 1.660312 2.024344 0.000000 0.000000 0.000000 0.000000 8.936064 8.936064 0.000000 2.303003 2.627667 1.306922 0.379053 1.064529 2.316120 3.112808 1.345387 0.000000 2.186902 1.239535 2.446633 0.886243 8.936064 8.936064 8.936064 8.936064 8.936064 2.024128 2.753095 0.271532 2.627667 2.142704 2.142704 1.345387 0.502655 1.294199 2.024344 0.718031 0.546873 5.113217 1.602291 1.128990 8.936064 8.936064 8.936064 8.936064 1.029029 6.664692 1.063135 1.434687 0.593977 0.694233 1.127635 2.790363 1.221098 0.000000 4.045429 2.024128 1.198419 5.208329 3.042790 2.042683 0.086747 8.936064 8.936064 6.664692 2.506500 6.664692 1.029029 1.198419 1.434687 2.186902 2.790363 2.335872 1.221098 3.397613 0.000000 1.128990 1.568204 0.718031 0.997927 1.128990 0.086747 8.936064 8.936064 6.664692 6.664692 6.664692 6.664692 1.306922 2.316120 5.208329 2.475732 5.308172 1.762178 1.221098 3.112808 2.454782 2.767507 2.767507 2.094127 4.136299 8.936064 8.936064 8.936064 1.029029 6.664692 4.206671 1.029029 1.029029 1.982541 2.335872 0.299944 1.762178 3.109921 1.221098 1.916980 3.046029 2.088020 1.559742 3.046029 1.128990 8.936064 8.936064 6.664692 6.664692 4.206671 6.664692 6.664692 1.029029 1.029029 0.542730 0.886243 2.142704 1.568204 0.705641 3.169317 0.537311 2.042683 1.962651 2.177320 2.597920 8.936064 8.936064 4.206671 6.664692 4.206671 1.029029 4.206671 1.029029 1.029029 4.136299 1.962651 0.144827 2.342214 0.452684 3.999974 2.606815 3.042790 0.886243 0.997927 2.767507 8.936064 8.936064 1.029029 4.206671 4.206671 1.029029 6.664692 6.664692 0.699554 0.054114 1.559742 2.767507 1.641129 1.642523 0.694233 2.767507 0.054114 1.559742 0.997927 1.384029 8.936064 8.936064 8.936064 1.029029 6.664692 6.664692 4.206671 4.206671 6.664692 0.592838 1.962651 3.234230 2.454782 2.454782 0.886243 2.117060 2.094127 1.559742 2.177320 1.962651 8.936064 8.936064 1.189485 1.189485 1.189485 1.189485 4.206671 6.664692 6.664692 6.664692 6.664692 0.054114 1.128990 0.537311 3.042790 0.537311 1.128990 0.699554 0.997927 2.318436 8.936064 8.936064 1.189485 2.871946 1.305292 2.158745 1.189485 1.189485 1.189485 1.029029 1.029029 4.206671 0.886243 1.128990 2.597920 0.886243 1.384029 3.046029 1.943586 2.187727 0.391030 1.189485 8.936064 4.399643 2.365246 3.149820 1.634512 1.972959 1.189485 1.189485 6.664692 4.206671 0.492602 1.384029 0.492602 0.592838 3.042790 2.871946 1.348214 2.643905 