Releaseoutput64/MortalityPackage/21/TotalBio_10.asc
ncols  20
nrows  20
xllcorner  0
yllcorner  0
cellsize  30
NODATA_value  -9999
0.000000 0.000000 0.000000 0.000000 0.000000 0.000000 0.000000 0.000000 0.000000 0.000000 0.000000 0.000000 0.000000 0.000000 0.000000 0.000000 15.041276 15.041276 15.041276 0.000000 0.000000 0.000000 0.000000 0.000000 0.000000 0.000000 0.000000 0.000000 0.000000 0.000000 0.000000 0.000000 0.000000 0.000000 0.000000 0.000000 15.041276 15.041276 0.000000 0.000000 0.000000 0.000000 15.041276 15.041276 15.041276 0.000000 0.000000 0.000000 0.000000 0.000000 0.000000 0.000000 0.000000 15.041276 15.041276 15.041276 15.041276 15.041276 15.041276 15.041276 0.000000 15.041276 15.041276 15.041276 15.041276 15.041276 15.041276 15.041276 15.041276 15.041276 15.041276 15.041276 15.041276 15.041276 0.000000 0.000000 0.000000 0.000000 0.000000 0.000000 15.041276 15.041276 15.041276 15.041276 15.041276 15.041276 15.041276 15.041276 15.041276 15.041276 0.000000 0.000000 0.000000 0.000000 0.000000 0.000000 18.613471 23.358752 35.037551 8.500647 15.041276 15.041276 15.041276 15.041276 15.041276 15.041276 0.000000 0.000000 0.000000 0.000000 0.000000 0.000000 49.041490 27.391076 55.200794 30.906420 19.908408 0.000000 0.000000 48.428293 15.041276 0.000000 0.000000 0.000000 0.000000 0.000000 0.000000 0.000000 17.339444 0.000000 11.730329 17.632307 0.000000 19.184683 26.185577 3.389583 15.080322 17.339444 21.641349 23.235853 0.000000 0.000000 0.000000 0.000000 49.109209 48.962158 0.000000 26.185577 32.900552 15.766227 4.723788 11.730329 30.415593 39.603021 15.080322 0.000000 26.575078 15.729797 29.376846 10.034227 48.288390 46.211621 49.109209 49.109209 49.109209 25.665141 35.561660 3.389583 32.900552 25.148674 25.148674 15.080322 7.123407 15.942368 23.235853 9.056027 6.178128 48.176747 17.329512 13.005582 46.262971 46.262971 48.220671 49.109209 6.443868 38.316159 13.093463 18.883018 7.026523 8.500647 12.733984 35.037551 15.243989 0.000000 22.612511 25.665141 13.557594 68.482212 40.054103 25.008291 0.890426 45.241406 49.109209 36.662778 32.508930 38.316159 6.443868 13.557594 18.883018 26.575078 35.037551 29.831588 15.243989 11.156309 0.000000 13.005582 19.184683 9.056027 11.305551 13.005582 0.890426 48.962158 49.109209 38.316159 38.316159 38.282547 36.662778 15.766227 30.415593 68.482212 29.754157 66.952959 21.744724 15.243989 39.603021 31.874442 34.094218 34.094218 24.116645 21.324225 49.109209 49.109209 49.109209 6.443868 38.282547 15.686479 6.443868 6.443868 23.069237 29.831588 2.196875 21.744724 37.586559 15.243989 22.585752 35.907497 21.959300 18.057604 35.907497 13.005582 49.109209 49.109209 38.316159 38.316159 15.761876 38.316159 35.778641 6.443868 6.443868 6.337681 10.034227 25.148674 19.184683 8.026002 39.267677 6.737059 25.008291 22.609934 25.765511 30.113884 49.109209 48.908463 15.145662 38.282547 15.145662 6.443868 15.405740 6.443868 6.443868 21.324225 22.609934 1.551140 27.886651 4.821163 49.013463 31.636958 40.054103 10.034227 11.305551 34.094218 49.109209 49.109209 6.443868 15.761876 15.630573 6.443868 35.909944 38.316159 7.669814 0.280456 18.057604 34.094218 21.440349 19.908408 8.500647 34.094218 0.280456 18.057604 11.305551 17.106026 46.262971 48.908463 49.109209 6.443868 38.094644 38.316159 15.761876 15.630573 37.568642 8.258655 22.609934 41.576065 31.874442 31.874442 10.034227 22.658661 24.116645 18.057604 25.765511 22.609934 49.109209 49.109209 13.968198 13.968198 13.968198 13.968198 15.145662 38.282547 38.184856 38.316159 35.909944 0.280456 13.005582 6.737059 40.054103 6.737059 13.005582 7.669814 11.305551 28.153338 48.288390 49.109209 13.968198 33.928767 16.362734 23.004094 13.968198 13.968198 13.968198 6.443868 6.443868 15.117561 10.034227 13.005582 30.113884 10.034227 17.106026 35.907497 22.168832 26.020882 3.786149 13.968198 48.840743 42.564418 29.783241 39.018764 19.033511 20.708906 13.968198 13.968198 38.225947 15.761876 5.808644 17.106026 5.808644 8.258655 40.054103 33.928767 15.873972 32.394042 