Releaseoutput64/MortalityPackage/21/TotalBA_30.asc
ncols  20
nrows  20
xllcorner  0
yllcorner  0
cellsize  30
NODATA_value  -9999
0.000000 0.000000 0.000000 0.000000 0.000000 0.000000 0.000000 0.000000 0.000000 0.000000 0.000000 0.000000 0.000000 0.000000 0.000000 0.000000 3.806354 3.806354 3.806354 0.000000 0.000000 0.000000 0.000000 0.000000 0.000000 0.000000 0.000000 0.000000 0.000000 0.000000 0.000000 0.000000 0.000000 0.000000 0.000000 0.000000 3.806354 3.806354 0.000000 0.000000 0.000000 0.000000 3.806354 3.806354 3.806354 0.000000 0.000000 0.000000 0.000000 0.000000 0.000000 0.000000 0.000000 3.806354 3.806354 3.806354 3.806354 3.806354 3.806354 3.806354 0.000000 3.806354 3.806354 3.806354 3.806354 3.806354 3.806354 3.806354 3.806354 3.806354 3.806354 3.806354 3.806354 3.806354 0.000000 0.000000 0.000000 0.000000 0.000000 0.000000 3.806354 3.806354 3.806354 3.806354 3.806354 3.806354 3.806354 3.806354 3.806354 3.806354 0.000000 0.000000 0.000000 0.000000 0.000000 0.000000 4.474511 5.385534 6.589903 1.422945 3.806354 3.806354 3.806354 3.806354 3.806354 3.806354 0.000000 0.000000 0.000000 0.000000 0.000000 0.000000 7.626471 5.466646 8.829210 3.334192 3.699775 0.000000 0.000000 7.864840 3.806354 0.000000 0.000000 0.000000 0.000000 0.000000 0.000000 0.000000 5.181056 0.000000 1.918590 3.319839 0.000000 3.805823 5.598730 0.584729 2.767115 5.181056 4.866916 5.412316 0.000000 0.000000 0.000000 0.000000 7.233281 7.409368 0.000000 5.598730 5.544086 3.849609 0.916501 1.918590 4.780463 6.430467 2.767115 0.000000 5.449230 3.246011 5.189204 3.222646 7.192774 6.860865 7.124366 7.224033 7.035773 5.169766 6.291275 0.584729 5.727555 4.983214 4.983214 2.767115 2.432849 4.374511 5.412316 1.578218 1.328305 7.422739 4.046136 2.420833 7.134812 7.067366 6.947102 7.334617 3.219524 6.401388 2.784217 3.432622 1.232093 1.422945 2.771965 6.589903 2.112093 0.000000 4.616001 5.169766 3.047148 8.701308 6.603647 5.019794 0.215042 8.019759 7.107146 6.119449 4.850030 6.214247 3.219524 3.047148 3.432622 5.449230 6.589903 3.895437 2.112093 3.581690 0.000000 2.420833 3.805823 1.578218 2.621639 2.420833 0.215042 6.493927 6.760570 6.441148 6.149609 6.441148 5.736725 3.849609 4.780463 9.147591 5.805565 9.081598 3.521607 2.112093 6.517725 3.329008 5.936884 5.936884 4.348003 3.018501 7.539371 6.959197 7.227960 3.219524 5.910848 2.051774 3.219524 3.219524 4.487647 3.753202 0.991428 3.521607 7.302357 2.112093 5.023603 6.186974 2.747755 4.502099 5.570731 2.420833 7.123738 7.098684 6.304725 6.137592 2.114704 6.315485 6.356365 3.219524 3.219524 1.108334 3.222646 4.983214 3.805823 1.530486 6.926407 1.203583 5.019794 4.629667 4.778382 5.557222 7.550995 6.855996 2.086430 6.404392 2.171960 3.219524 1.984642 3.219524 3.219524 3.018501 4.604397 0.296449 5.776211 0.923452 7.207186 6.096653 6.603647 3.222646 2.621639 5.936884 7.451622 6.983937 3.219524 2.114704 2.089257 3.219524 5.759894 6.013892 1.268929 0.119145 4.502099 5.936884 3.532269 3.699775 1.422945 5.936884 0.119145 4.502099 2.621639 2.986339 7.353585 7.114235 6.657604 3.219524 5.867808 6.441148 2.146513 2.114704 6.065964 2.672239 4.676261 3.224374 3.238295 3.192742 3.222646 4.869469 4.348003 4.502099 4.778382 4.469112 7.550995 7.318890 3.334388 3.334388 3.334388 3.334388 2.171960 6.263707 5.812044 5.425845 5.826339 0.119145 2.420833 1.203583 6.603647 1.203583 2.420833 1.268929 2.621639 5.199238 7.577384 7.678386 3.334388 5.991665 5.029258 4.749499 3.334388 3.334388 3.334388 3.219524 3.219524 2.146513 3.222646 2.420833 5.390718 3.222646 3.033483 6.186974 4.514311 5.267803 1.401779 3.334388 7.214687 7.017316 6.164728 5.739807 4.612152 5.171965 3.334388 3.334388 5.948547 2.171960 0.758734 3.033483 0.758734 2.672239 6.603647 6.150708 3.673896 6.052200 