Releaseoutput64/MortalityPackage/21/TotalCarbon_10.asc
ncols  20
nrows  20
xllcorner  0
yllcorner  0
cellsize  30
NODATA_value  -9999
0.000000 0.000000 0.000000 0.000000 0.000000 0.000000 0.000000 0.000000 0.000000 0.000000 0.000000 0.000000 0.000000 0.000000 0.000000 0.000000 7.520638 7.520638 7.520638 0.000000 0.000000 0.000000 0.000000 0.000000 0.000000 0.000000 0.000000 0.000000 0.000000 0.000000 0.000000 0.000000 0.000000 0.000000 0.000000 0.000000 7.520638 7.520638 0.000000 0.000000 0.000000 0.000000 7.520638 7.520638 7.520638 0.000000 0.000000 0.000000 0.000000 0.000000 0.000000 0.000000 0.000000 7.520638 7.520638 7.520638 7.520638 7.520638 7.520638 7.520638 0.000000 7.520638 7.520638 7.520638 7.520638 7.520638 7.520638 7.520638 7.520638 7.520638 7.520638 7.520638 7.520638 7.520638 0.000000 0.000000 0.000000 0.000000 0.000000 0.000000 7.520638 7.520638 7.520638 7.520638 7.520638 7.520638 7.520638 7.520638 7.520638 7.520638 0.000000 0.000000 0.000000 0.000000 0.000000 0.000000 9.306735 11.679376 17.518775 4.250323 7.520638 7.520638 7.520638 7.520638 7.520638 7.520638 0.000000 0.000000 0.000000 0.000000 0.000000 0.000000 24.520745 13.695538 27.600397 15.453210 9.954204 0.000000 0.000000 24.214147 7.520638 0.000000 0.000000 0.000000 0.000000 0.000000 0.000000 0.000000 8.669722 0.000000 5.865164 8.816154 0.000000 9.592342 13.092788 1.694791 7.540161 8.669722 10.820674 11.617927 0.000000 0.000000 0.000000 0.000000 24.554605 24.481079 0.000000 13.092788 16.450276 7.883113 2.361894 5.865164 15.207797 19.801511 7.540161 0.000000 13.287539 7.864899 14.688423 5.017113 24.144195 23.105810 24.554605 24.554605 24.554605 12.832571 17.780830 1.694791 16.450276 12.574337 12.574337 7.540161 3.561704 7.971184 11.617927 4.528014 3.089064 24.088374 8.664756 6.502791 23.131485 23.131485 24.110335 24.554605 3.221934 19.158080 6.546731 9.441509 3.513262 4.250323 6.366992 17.518775 7.621995 0.000000 11.306256 12.832571 6.778797 34.241106 20.027051 12.504146 0.445213 22.620703 24.554605 18.331389 16.254465 19.158080 3.221934 6.778797 9.441509 13.287539 17.518775 14.915794 7.621995 5.578154 0.000000 6.502791 9.592342 4.528014 5.652776 6.502791 0.445213 24.481079 24.554605 19.158080 19.158080 19.141273 18.331389 7.883113 15.207797 34.241106 14.877078 33.476479 10.872362 7.621995 19.801511 15.937221 17.047109 17.047109 12.058323 10.662113 24.554605 24.554605 24.554605 3.221934 19.141273 7.843239 3.221934 3.221934 11.534619 14.915794 1.098437 10.872362 18.793280 7.621995 11.292876 17.953748 10.979650 9.028802 17.953748 6.502791 24.554605 24.554605 19.158080 19.158080 7.880938 19.158080 17.889321 3.221934 3.221934 3.168840 5.017113 12.574337 9.592342 4.013001 19.633839 3.368530 12.504146 11.304967 12.882755 15.056942 24.554605 24.454232 7.572831 19.141273 7.572831 3.221934 7.702870 3.221934 3.221934 10.662113 11.304967 0.775570 13.943326 2.410581 24.506732 15.818479 20.027051 5.017113 5.652776 17.047109 24.554605 24.554605 3.221934 7.880938 7.815286 3.221934 17.954972 19.158080 3.834907 0.140228 9.028802 17.047109 10.720174 9.954204 4.250323 17.047109 0.140228 9.028802 5.652776 8.553013 23.131485 24.454232 24.554605 3.221934 19.047322 19.158080 7.880938 7.815286 18.784321 4.129328 11.304967 20.788033 15.937221 15.937221 5.017113 11.329331 12.058323 9.028802 12.882755 11.304967 24.554605 24.554605 6.984099 6.984099 6.984099 6.984099 7.572831 19.141273 19.092428 19.158080 17.954972 0.140228 6.502791 3.368530 20.027051 3.368530 6.502791 3.834907 5.652776 14.076669 24.144195 24.554605 6.984099 16.964384 8.181367 11.502047 6.984099 6.984099 6.984099 3.221934 3.221934 7.558781 5.017113 6.502791 15.056942 5.017113 8.553013 17.953748 11.084416 13.010441 1.893075 6.984099 24.420372 21.282209 14.891621 19.509382 9.516755 10.354453 6.984099 6.984099 19.112973 7.880938 2.904322 8.553013 2.904322 4.129328 20.027051 16.964384 7.936986 16.197021 