Releaseoutput64/MortalityPackage/21/TotalBio_30.asc
ncols  20
nrows  20
xllcorner  0
yllcorner  0
cellsize  30
NODATA_value  -9999
0.000000 0.000000 0.000000 0.000000 0.000000 0.000000 0.000000 0.000000 0.000000 0.000000 0.000000 0.000000 0.000000 0.000000 0.000000 0.000000 36.051830 36.051830 36.051830 0.000000 0.000000 0.000000 0.000000 0.000000 0.000000 0.000000 0.000000 0.000000 0.000000 0.000000 0.000000 0.000000 0.000000 0.000000 0.000000 0.000000 36.051830 36.051830 0.000000 0.000000 0.000000 0.000000 36.051830 36.051830 36.051830 0.000000 0.000000 0.000000 0.000000 0.000000 0.000000 0.000000 0.000000 36.051830 36.051830 36.051830 36.051830 36.051830 36.051830 36.051830 0.000000 36.051830 36.051830 36.051830 36.051830 36.051830 36.051830 36.051830 36.051830 36.051830 36.051830 36.051830 36.051830 36.051830 0.000000 0.000000 0.000000 0.000000 0.000000 0.000000 36.051830 36.051830 36.051830 36.051830 36.051830 36.051830 36.051830 36.051830 36.051830 36.051830 0.000000 0.000000 0.000000 0.000000 0.000000 0.000000 37.055395 49.787073 66.698166 14.712589 36.051830 36.051830 36.051830 36.051830 36.051830 36.051830 0.000000 0.000000 0.000000 0.000000 0.000000 0.000000 71.352389 53.929804 91.770193 29.125253 36.666401 0.000000 0.000000 78.810949 36.051830 0.000000 0.000000 0.000000 0.000000 0.000000 0.000000 0.000000 42.254421 0.000000 18.383773 32.917519 0.000000 37.282218 49.507175 6.078381 26.301607 42.254421 46.424384 48.027207 0.000000 0.000000 0.000000 0.000000 67.893180 69.712754 0.000000 49.507175 51.133566 33.561251 9.137538 18.383773 52.551632 65.623947 26.301607 0.000000 52.452259 32.173393 45.459784 24.867879 68.598838 63.998486 66.121516 67.858498 65.584202 50.566220 64.863107 6.078381 53.584267 46.564292 46.564292 26.301607 21.404641 38.390469 48.027207 16.338527 12.080983 70.300743 34.055713 23.148142 66.145090 64.965155 64.810036 69.046729 15.219142 58.896624 25.975318 36.169186 12.185867 14.712589 24.298975 66.698166 23.084903 0.000000 44.037679 50.566220 26.643692 94.670212 71.651575 48.936250 1.754859 74.413803 67.053692 55.827649 53.950385 57.339770 15.219142 26.643692 36.169186 52.452259 66.698166 35.110862 23.084903 28.826801 0.000000 23.148142 37.282218 16.338527 22.505307 23.148142 1.754859 59.759513 62.231383 59.158067 56.570100 59.158067 52.469312 33.561251 52.551632 99.540737 56.343617 93.273714 36.786274 23.084903 66.617152 34.069337 60.631691 60.631691 41.993749 26.510294 71.004592 64.689813 68.307670 15.219142 54.654877 14.594978 15.219142 15.219142 42.760674 33.839125 4.665755 36.786274 70.667990 23.084903 42.792704 59.552314 23.917890 38.250292 52.775036 23.148142 66.091395 66.920192 58.205946 56.509732 15.230516 58.097276 58.318157 15.219142 15.219142 10.926585 24.867879 46.564292 37.282218 14.208802 66.913117 12.339048 48.936250 38.659730 46.614501 51.702930 71.013452 64.106455 15.077967 59.034243 15.472636 15.219142 14.590164 15.219142 15.219142 26.510294 38.792196 2.651257 49.309458 8.249188 69.818849 57.045916 71.651575 24.867879 22.505307 60.631691 70.383237 65.123525 15.219142 15.065142 15.078643 15.219142 52.746003 55.098471 12.091774 0.508997 38.250292 60.631691 38.285335 36.666401 14.712589 60.631691 0.508997 38.250292 22.505307 25.479435 67.848700 67.003517 61.094339 15.219142 54.622860 59.158067 15.320763 15.230516 56.168162 23.638754 39.184775 29.462139 33.019332 32.877725 24.867879 40.013513 41.993749 38.250292 46.614501 37.781625 70.782004 68.639503 28.805961 28.805961 28.805961 28.805961 15.472636 58.038289 53.419270 49.500358 53.132927 0.508997 23.148142 12.339048 71.651575 12.339048 23.148142 12.091774 22.505307 51.891721 71.151643 71.674315 28.805961 54.539068 42.454237 41.932946 28.805961 28.805961 28.805961 15.219142 15.219142 15.320763 24.867879 23.148142 50.545790 24.867879 25.801100 59.552314 41.910425 49.720896 8.889524 28.805961 68.494838 64.857900 59.592978 49.334024 40.616841 42.199270 28.805961 28.805961 54.585106 15.472636 8.141135 25.801100 8.141135 23.638754 71.651575 55.952078 32.878325 59.929580 