Releaseoutput64/MortalityPackage/21/TotalBA_10.asc
ncols  20
nrows  20
xllcorner  0
yllcorner  0
cellsize  30
NODATA_value  -9999
0.000000 0.000000 0.000000 0.000000 0.000000 0.000000 0.000000 0.000000 0.000000 0.000000 0.000000 0.000000 0.000000 0.000000 0.000000 0.000000 1.856131 1.856131 1.856131 0.000000 0.000000 0.000000 0.000000 0.000000 0.000000 0.000000 0.000000 0.000000 0.000000 0.000000 0.000000 0.000000 0.000000 0.000000 0.000000 0.000000 1.856131 1.856131 0.000000 0.000000 0.000000 0.000000 1.856131 1.856131 1.856131 0.000000 0.000000 0.000000 0.000000 0.000000 0.000000 0.000000 0.000000 1.856131 1.856131 1.856131 1.856131 1.856131 1.856131 1.856131 0.000000 1.856131 1.856131 1.856131 1.856131 1.856131 1.856131 1.856131 1.856131 1.856131 1.856131 1.856131 1.856131 1.856131 0.000000 0.000000 0.000000 0.000000 0.000000 0.000000 1.856131 1.856131 1.856131 1.856131 1.856131 1.856131 1.856131 1.856131 1.856131 1.856131 0.000000 0.000000 0.000000 0.000000 0.000000 0.000000 2.474731 2.893780 3.874781 0.907488 1.856131 1.856131 1.856131 1.856131 1.856131 1.856131 0.000000 0.000000 0.000000 0.000000 0.000000 0.000000 5.885656 3.079507 5.903229 4.206789 2.229274 0.000000 0.000000 5.408193 1.856131 0.000000 0.000000 0.000000 0.000000 0.000000 0.000000 0.000000 2.371765 0.000000 1.320588 1.929291 0.000000 2.203611 3.227378 0.362697 1.760863 2.371765 2.479227 2.963523 0.000000 0.000000 0.000000 0.000000 5.905762 5.867749 0.000000 3.227378 3.886072 1.975571 0.531734 1.320588 3.038057 4.337852 1.760863 0.000000 3.108272 1.798287 3.916250 1.492256 5.803975 5.571497 5.905762 5.905762 5.905762 2.889441 3.750041 0.362697 3.886072 2.947540 2.947540 1.760863 0.985203 2.088609 2.963523 0.965058 0.768159 5.805094 2.280875 1.504509 5.623019 5.623019 5.783868 5.905762 1.596106 4.700019 1.532999 2.003826 0.780725 0.907488 1.586170 3.874781 1.488958 0.000000 2.667035 2.889441 1.713621 6.930019 4.073094 2.883118 0.123150 5.472144 5.905762 4.519063 3.201401 4.700019 1.596106 1.713621 2.003826 3.108272 3.874781 3.868263 1.488958 1.611205 0.000000 1.504509 2.203611 0.965058 1.443228 1.504509 0.123150 5.867749 5.905762 4.700019 4.700019 4.688709 4.519063 1.975571 3.038057 6.930019 3.424709 7.365150 2.279814 1.488958 4.337852 3.694847 3.685775 3.685775 2.753252 2.843691 5.905762 5.905762 5.905762 1.596106 4.688709 2.529100 1.596106 1.596106 2.703537 3.868263 0.477777 2.279814 4.301901 1.488958 3.064035 4.111402 3.453356 2.338091 4.111402 1.504509 5.905762 5.905762 4.700019 4.700019 2.543414 4.700019 4.419082 1.596106 1.596106 0.708488 1.492256 2.947540 2.203611 0.941908 4.581718 0.729753 2.883118 3.154709 2.930497 3.607785 5.905762 5.856675 2.462989 4.688709 2.462989 1.596106 2.466052 1.596106 1.596106 2.843691 3.154709 0.189006 3.731741 0.590521 5.768887 3.838457 4.073094 1.492256 1.443228 3.685775 5.905762 5.905762 1.596106 2.543414 2.508778 1.596106 4.453718 4.700019 0.870260 0.072963 2.338091 3.685775 2.191595 2.229274 0.907488 3.685775 0.072963 2.338091 1.443228 2.422718 5.623019 5.856675 5.905762 1.596106 4.639936 4.700019 2.543414 2.508778 4.584958 1.111888 3.154709 5.231733 3.694847 3.694847 1.492256 3.133346 2.753252 2.338091 2.930497 3.154709 5.905762 5.905762 1.773017 1.773017 1.773017 1.773017 2.462989 4.688709 4.665383 4.700019 4.453718 0.072963 1.504509 0.729753 4.073094 0.729753 1.504509 0.870260 1.443228 3.148642 5.803975 5.905762 1.773017 4.205689 2.176692 2.905070 1.773017 1.773017 1.773017 1.596106 1.596106 2.456627 1.492256 1.504509 3.607785 1.492256 2.422718 4.111402 2.676951 3.056750 0.653059 1.773017 5.836569 5.183628 3.409315 5.375010 2.454899 2.863679 1.773017 1.773017 4.674572 2.543414 0.574951 2.422718 0.574951 1.111888 4.073094 4.205689 1.990474 3.619743 