Releaseoutput64/MortalityPackage/21/TotalBA_20.asc
ncols  20
nrows  20
xllcorner  0
yllcorner  0
cellsize  30
NODATA_value  -9999
0.000000 0.000000 0.000000 0.000000 0.000000 0.000000 0.000000 0.000000 0.000000 0.000000 0.000000 0.000000 0.000000 0.000000 0.000000 0.000000 2.744201 2.744201 2.744201 0.000000 0.000000 0.000000 0.000000 0.000000 0.000000 0.000000 0.000000 0.000000 0.000000 0.000000 0.000000 0.000000 0.000000 0.000000 0.000000 0.000000 2.744201 2.744201 0.000000 0.000000 0.000000 0.000000 2.744201 2.744201 2.744201 0.000000 0.000000 0.000000 0.000000 0.000000 0.000000 0.000000 0.000000 2.744201 2.744201 2.744201 2.744201 2.744201 2.744201 2.744201 0.000000 2.744201 2.744201 2.744201 2.744201 2.744201 2.744201 2.744201 2.744201 2.744201 2.744201 2.744201 2.744201 2.744201 0.000000 0.000000 0.000000 0.000000 0.000000 0.000000 2.744201 2.744201 2.744201 2.744201 2.744201 2.744201 2.744201 2.744201 2.744201 2.744201 0.000000 0.000000 0.000000 0.000000 0.000000 0.000000 3.390878 4.038557 5.141295 1.150392 2.744201 2.744201 2.744201 2.744201 2.744201 2.744201 0.000000 0.000000 0.000000 0.000000 0.000000 0.000000 6.623479 4.182795 7.810686 2.420106 2.915025 0.000000 0.000000 7.276910 2.744201 0.000000 0.000000 0.000000 0.000000 0.000000 0.000000 0.000000 3.612066 0.000000 1.605275 2.574241 0.000000 2.949484 4.325953 0.467096 2.234772 3.612066 3.548095 4.092847 0.000000 0.000000 0.000000 0.000000 6.372446 6.448727 0.000000 4.325953 5.483061 2.823133 0.710884 1.605275 3.859505 5.768789 2.234772 0.000000 4.195715 2.467112 3.869441 2.271057 6.411637 6.312382 6.260310 6.471426 6.340735 3.937986 4.929434 0.467096 5.483061 3.894377 3.894377 2.234772 1.628602 3.115380 4.092847 1.251787 1.028636 6.443465 3.095490 1.935123 6.231958 5.540552 6.623479 6.334452 2.326271 5.419228 2.106693 2.669804 0.993430 1.150392 2.134280 5.141295 1.785956 0.000000 3.572521 3.937986 2.329864 7.711785 5.260047 3.875488 0.165915 7.308267 6.349198 5.172927 3.982577 5.374696 2.326271 2.329864 2.669804 4.195715 5.141295 5.887835 1.785956 2.492363 0.000000 1.935123 2.949484 1.251787 1.984466 1.935123 0.165915 6.112243 6.623479 5.476483 5.374696 5.374696 4.971295 2.823133 3.859505 8.068179 4.534653 8.009333 2.866291 1.785956 5.768789 5.205324 4.742234 4.742234 3.504545 4.288510 6.585465 6.322887 6.585465 2.326271 5.079916 4.490298 2.326271 2.326271 3.538572 5.887835 0.708272 2.866291 5.699379 1.785956 4.519790 5.339549 2.057782 3.318877 5.339549 1.935123 6.509989 6.369638 5.476483 5.476483 4.515745 5.476483 4.876282 2.326271 2.326271 0.897023 2.271057 3.894377 2.949484 1.216857 6.261979 0.951844 3.875488 4.738876 3.797518 4.796328 6.623479 6.279160 4.390081 5.412866 4.390081 2.326271 4.399820 2.326271 2.326271 4.288510 4.738876 0.239546 5.525276 0.747444 6.195535 5.327513 5.260047 2.271057 1.984466 4.742234 6.599426 6.462374 2.326271 4.515745 4.470506 2.326271 5.109545 5.295527 1.060052 0.094640 3.318877 4.742234 2.821975 2.915025 1.150392 4.742234 0.094640 3.318877 1.984466 3.883951 5.776800 6.226499 6.521691 2.326271 5.249582 5.462169 4.515745 4.470506 5.344458 1.805022 4.738876 2.415983 5.205324 5.205324 2.271057 4.393615 3.504545 3.318877 3.797518 4.738876 6.623479 6.497815 2.487984 2.487984 2.487984 2.487984 4.390081 5.431244 4.985668 5.465173 5.017300 0.094640 1.935123 0.951844 5.260047 0.951844 1.935123 1.060052 1.984466 4.108909 6.623479 6.010083 2.487984 4.562869 3.418013 3.768654 2.487984 2.487984 2.487984 2.326271 2.326271 4.375767 2.271057 1.935123 4.796328 2.271057 3.883951 5.339549 3.533860 4.083442 0.989975 2.487984 6.548630 5.906783 4.675809 4.273626 3.447446 3.930015 2.487984 2.487984 5.282804 4.515745 0.663661 3.883951 0.663661 1.805022 5.260047 4.691694 2.765701 4.755841 