Releaseoutput64/MortalityPackage/21/TotalCarbon_30.asc
ncols  20
nrows  20
xllcorner  0
yllcorner  0
cellsize  30
NODATA_value  -9999
0.000000 0.000000 0.000000 0.000000 0.000000 0.000000 0.000000 0.000000 0.000000 0.000000 0.000000 0.000000 0.000000 0.000000 0.000000 0.000000 18.025915 18.025915 18.025915 0.000000 0.000000 0.000000 0.000000 0.000000 0.000000 0.000000 0.000000 0.000000 0.000000 0.000000 0.000000 0.000000 0.000000 0.000000 0.000000 0.000000 18.025915 18.025915 0.000000 0.000000 0.000000 0.000000 18.025915 18.025915 18.025915 0.000000 0.000000 0.000000 0.000000 0.000000 0.000000 0.000000 0.000000 18.025915 18.025915 18.025915 18.025915 18.025915 18.025915 18.025915 0.000000 18.025915 18.025915 18.025915 18.025915 18.025915 18.025915 18.025915 18.025915 18.025915 18.025915 18.025915 18.025915 18.025915 0.000000 0.000000 0.000000 0.000000 0.000000 0.000000 18.025915 18.025915 18.025915 18.025915 18.025915 18.025915 18.025915 18.025915 18.025915 18.025915 0.000000 0.000000 0.000000 0.000000 0.000000 0.000000 18.527697 24.893537 33.349083 7.356294 18.025915 18.025915 18.025915 18.025915 18.025915 18.025915 0.000000 0.000000 0.000000 0.000000 0.000000 0.000000 35.676195 26.964902 45.885096 14.562627 18.333200 0.000000 0.000000 39.405474 18.025915 0.000000 0.000000 0.000000 0.000000 0.000000 0.000000 0.000000 21.127211 0.000000 9.191886 16.458759 0.000000 18.641109 24.753588 3.039191 13.150803 21.127211 23.212192 24.013603 0.000000 0.000000 0.000000 0.000000 33.946590 34.856377 0.000000 24.753588 25.566783 16.780625 4.568769 9.191886 26.275816 32.811974 13.150803 0.000000 26.226129 16.086696 22.729892 12.433940 34.299419 31.999243 33.060758 33.929249 32.792101 25.283110 32.431553 3.039191 26.792133 23.282146 23.282146 13.150803 10.702320 19.195234 24.013603 8.169264 6.040491 35.150371 17.027856 11.574071 33.072545 32.482577 32.405018 34.523365 7.609571 29.448312 12.987659 18.084593 6.092933 7.356294 12.149487 33.349083 11.542452 0.000000 22.018839 25.283110 13.321846 47.335106 35.825788 24.468125 0.877430 37.206901 33.526846 27.913825 26.975193 28.669885 7.609571 13.321846 18.084593 26.226129 33.349083 17.555431 11.542452 14.413401 0.000000 11.574071 18.641109 8.169264 11.252654 11.574071 0.877430 29.879756 31.115691 29.579034 28.285050 29.579034 26.234656 16.780625 26.275816 49.770368 28.171809 46.636857 18.393137 11.542452 33.308576 17.034668 30.315846 30.315846 20.996875 13.255147 35.502296 32.344907 34.153835 7.609571 27.327439 7.297489 7.609571 7.609571 21.380337 16.919562 2.332878 18.393137 35.333995 11.542452 21.396352 29.776157 11.958945 19.125146 26.387518 11.574071 33.045698 33.460096 29.102973 28.254866 7.615258 29.048638 29.159079 7.609571 7.609571 5.463293 12.433940 23.282146 18.641109 7.104401 33.456559 6.169524 24.468125 19.329865 23.307250 25.851465 35.506726 32.053227 7.538983 29.517121 7.736318 7.609571 7.295082 7.609571 7.609571 13.255147 19.396098 1.325628 24.654729 4.124594 34.909424 28.522958 35.825788 12.433940 11.252654 30.315846 35.191619 32.561763 7.609571 7.532571 7.539321 7.609571 26.373002 27.549235 6.045887 0.254499 19.125146 30.315846 19.142668 18.333200 7.356294 30.315846 0.254499 19.125146 11.252654 12.739717 33.924350 33.501758 30.547169 7.609571 27.311430 29.579034 7.660381 7.615258 28.084081 11.819377 19.592387 14.731069 16.509666 16.438862 12.433940 20.006756 20.996875 19.125146 23.307250 18.890813 35.391002 34.319751 14.402980 14.402980 14.402980 14.402980 7.736318 29.019145 26.709635 24.750179 26.566464 0.254499 11.574071 6.169524 35.825788 6.169524 11.574071 6.045887 11.252654 25.945861 35.575822 35.837157 14.402980 27.269534 21.227118 20.966473 14.402980 14.402980 14.402980 7.609571 7.609571 7.660381 12.433940 11.574071 25.272895 12.433940 12.900550 29.776157 20.955213 24.860448 4.444762 14.402980 34.247419 32.428950 29.796489 24.667012 20.308421 21.099635 14.402980 14.402980 27.292553 7.736318 4.070568 12.900550 4.070568 11.819377 35.825788 27.976039 16.439162 29.964790 