Releaseoutput64/MortalityPackage/21/TotalBio_20.asc
ncols  20
nrows  20
xllcorner  0
yllcorner  0
cellsize  30
NODATA_value  -9999
0.000000 0.000000 0.000000 0.000000 0.000000 0.000000 0.000000 0.000000 0.000000 0.000000 0.000000 0.000000 0.000000 0.000000 0.000000 0.000000 24.207034 24.207034 24.207034 0.000000 0.000000 0.000000 0.000000 0.000000 0.000000 0.000000 0.000000 0.000000 0.000000 0.000000 0.000000 0.000000 0.000000 0.000000 0.000000 0.000000 24.207034 24.207034 0.000000 0.000000 0.000000 0.000000 24.207034 24.207034 24.207034 0.000000 0.000000 0.000000 0.000000 0.000000 0.000000 0.000000 0.000000 24.207034 24.207034 24.207034 24.207034 24.207034 24.207034 24.207034 0.000000 24.207034 24.207034 24.207034 24.207034 24.207034 24.207034 24.207034 24.207034 24.207034 24.207034 24.207034 24.207034 24.207034 0.000000 0.000000 0.000000 0.000000 0.000000 0.000000 24.207034 24.207034 24.207034 24.207034 24.207034 24.207034 24.207034 24.207034 24.207034 24.207034 0.000000 0.000000 0.000000 0.000000 0.000000 0.000000 26.789265 35.036971 49.356033 11.350568 24.207034 24.207034 24.207034 24.207034 24.207034 24.207034 0.000000 0.000000 0.000000 0.000000 0.000000 0.000000 59.059869 39.286539 77.008836 19.909841 27.489068 0.000000 0.000000 68.353916 24.207034 0.000000 0.000000 0.000000 0.000000 0.000000 0.000000 0.000000 27.825075 0.000000 14.831662 24.531364 0.000000 27.342493 36.673477 4.618754 20.220466 27.825075 32.324854 34.270710 0.000000 0.000000 0.000000 0.000000 56.928736 57.798332 0.000000 36.673477 48.102681 23.545805 6.714340 14.831662 40.587792 55.967460 20.220466 0.000000 38.207475 23.062330 32.054390 16.428755 57.814091 56.110725 55.199858 57.722079 56.213631 36.784527 48.807829 4.618754 48.102681 34.830110 34.830110 20.220466 13.133101 25.566218 34.270710 12.366262 8.832138 57.099744 24.796220 17.642714 55.096952 48.490434 59.059869 56.733047 10.199102 47.463195 18.820011 26.694416 9.395880 11.350568 17.920405 49.356033 18.910541 0.000000 32.245113 36.784527 19.416012 80.321558 54.469856 35.761591 1.279829 63.802755 57.086140 45.056979 42.425085 47.049870 10.199102 19.416012 26.694416 38.207475 49.356033 48.521735 18.910541 18.692682 0.000000 17.642714 27.342493 12.366262 16.289416 17.642714 1.279829 54.205768 59.059869 47.870689 47.049870 47.049870 43.218053 23.545805 40.587792 84.017587 41.769070 78.199717 28.672831 18.910541 55.967460 48.039297 46.207578 46.207578 32.318605 34.572804 58.912818 56.835706 58.912818 10.199102 44.600561 31.676861 10.199102 10.199102 32.014685 48.521735 3.272048 28.672831 52.546506 18.910541 35.540141 49.271960 17.306530 26.904853 49.271960 17.642714 58.342433 56.901260 47.870689 47.870689 31.828733 47.870689 42.515962 10.199102 10.199102 8.445417 16.428755 34.830110 27.342493 10.834332 57.311856 9.289021 35.761591 35.967744 35.274461 42.339927 59.059869 55.949093 30.767942 47.446511 30.767942 10.199102 31.209886 10.199102 10.199102 34.572804 35.967744 2.055697 43.270049 6.396241 56.788577 46.567226 54.469856 16.428755 16.289416 46.207578 58.918062 57.902464 10.199102 31.828733 31.646981 10.199102 44.234352 46.217307 9.730332 0.384723 26.904853 46.207578 29.145575 27.489068 11.350568 46.207578 0.384723 26.904853 16.289416 29.440975 50.739457 55.851130 58.239051 10.199102 46.555063 47.795292 31.828733 31.646981 47.056039 14.736938 35.967744 20.794667 48.039297 48.039297 16.428755 33.528204 32.318605 26.904853 35.274461 35.967744 59.059869 57.999078 20.539074 20.539074 20.539074 20.539074 30.767942 47.688937 43.600564 47.837076 43.565917 0.384723 17.642714 9.289021 54.469856 9.289021 17.642714 9.730332 16.289416 38.944157 59.059869 53.367935 20.539074 39.643963 27.107582 31.604762 20.539074 20.539074 20.539074 10.199102 10.199102 30.692545 16.428755 17.642714 42.339927 16.428755 29.440975 49.271960 31.089609 36.698183 6.000139 20.539074 58.754486 51.507052 43.076695 34.720736 28.610193 30.298317 20.539074 20.539074 46.511073 31.828733 6.917025 29.440975 6.917025 14.736938 54.469856 40.737321 23.440658 44.885824 