Releaseoutput64/MortalityPackage/21/TotalCarbon_20.asc
ncols  20
nrows  20
xllcorner  0
yllcorner  0
cellsize  30
NODATA_value  -9999
0.000000 0.000000 0.000000 0.000000 0.000000 0.000000 0.000000 0.000000 0.000000 0.000000 0.000000 0.000000 0.000000 0.000000 0.000000 0.000000 12.103517 12.103517 12.103517 0.000000 0.000000 0.000000 0.000000 0.000000 0.000000 0.000000 0.000000 0.000000 0.000000 0.000000 0.000000 0.000000 0.000000 0.000000 0.000000 0.000000 12.103517 12.103517 0.000000 0.000000 0.000000 0.000000 12.103517 12.103517 12.103517 0.000000 0.000000 0.000000 0.000000 0.000000 0.000000 0.000000 0.000000 12.103517 12.103517 12.103517 12.103517 12.103517 12.103517 12.103517 0.000000 12.103517 12.103517 12.103517 12.103517 12.103517 12.103517 12.103517 12.103517 12.103517 12.103517 12.103517 12.103517 12.103517 0.000000 0.000000 0.000000 0.000000 0.000000 0.000000 12.103517 12.103517 12.103517 12.103517 12.103517 12.103517 12.103517 12.103517 12.103517 12.103517 0.000000 0.000000 0.000000 0.000000 0.000000 0.000000 13.394633 17.518485 24.678016 5.675284 12.103517 12.103517 12.103517 12.103517 12.103517 12.103517 0.000000 0.000000 0.000000 0.000000 0.000000 0.000000 29.529935 19.643269 38.504418 9.954920 13.744534 0.000000 0.000000 34.176958 12.103517 0.000000 0.000000 0.000000 0.000000 0.000000 0.000000 0.000000 13.912538 0.000000 7.415831 12.265682 0.000000 13.671246 18.336738 2.309377 10.110233 13.912538 16.162427 17.135355 0.000000 0.000000 0.000000 0.000000 28.464368 28.899166 0.000000 18.336738 24.051340 11.772902 3.357170 7.415831 20.293896 27.983730 10.110233 0.000000 19.103738 11.531165 16.027195 8.214377 28.907045 28.055363 27.599929 28.861040 28.106816 18.392264 24.403915 2.309377 24.051340 17.415055 17.415055 10.110233 6.566550 12.783109 17.135355 6.183131 4.416069 28.549872 12.398110 8.821357 27.548476 24.245217 29.529935 28.366523 5.099551 23.731597 9.410006 13.347208 4.697940 5.675284 8.960202 24.678016 9.455270 0.000000 16.122557 18.392264 9.708006 40.160779 27.234928 17.880795 0.639914 31.901377 28.543070 22.528490 21.212542 23.524935 5.099551 9.708006 13.347208 19.103738 24.678016 24.260867 9.455270 9.346341 0.000000 8.821357 13.671246 6.183131 8.144708 8.821357 0.639914 27.102884 29.529935 23.935344 23.524935 23.524935 21.609027 11.772902 20.293896 42.008793 20.884535 39.099859 14.336415 9.455270 27.983730 24.019649 23.103789 23.103789 16.159302 17.286402 29.456409 28.417853 29.456409 5.099551 22.300280 15.838430 5.099551 5.099551 16.007343 24.260867 1.636024 14.336415 26.273253 9.455270 17.770071 24.635980 8.653265 13.452427 24.635980 8.821357 29.171217 28.450630 23.935344 23.935344 15.914367 23.935344 21.257981 5.099551 5.099551 4.222708 8.214377 17.415055 13.671246 5.417166 28.655928 4.644511 17.880795 17.983872 17.637230 21.169963 29.529935 27.974546 15.383971 23.723256 15.383971 5.099551 15.604943 5.099551 5.099551 17.286402 17.983872 1.027848 21.635024 3.198120 28.394288 23.283613 27.234928 8.214377 8.144708 23.103789 29.459031 28.951232 5.099551 15.914367 15.823491 5.099551 22.117176 23.108654 4.865166 0.192361 13.452427 23.103789 14.572788 13.744534 5.675284 23.103789 0.192361 13.452427 8.144708 14.720487 25.369728 27.925565 29.119525 5.099551 23.277531 23.897646 15.914367 15.823491 23.528020 7.368469 17.983872 10.397333 24.019649 24.019649 8.214377 16.764102 16.159302 13.452427 17.637230 17.983872 29.529935 28.999539 10.269537 10.269537 10.269537 10.269537 15.383971 23.844468 21.800282 23.918538 21.782958 0.192361 8.821357 4.644511 27.234928 4.644511 8.821357 4.865166 8.144708 19.472078 29.529935 26.683968 10.269537 19.821981 13.553791 15.802381 10.269537 10.269537 10.269537 5.099551 5.099551 15.346273 8.214377 8.821357 21.169963 8.214377 14.720487 24.635980 15.544804 18.349091 3.000069 10.269537 29.377243 25.753526 21.538347 17.360368 14.305096 15.149158 10.269537 10.269537 23.255536 15.914367 3.458513 14.720487 3.458513 7.368469 27.234928 20.368660 11.720329 22.442912 