Releaseoutput64/ParameterPackage/11/queralba_IV_20.asc
ncols  20
nrows  20
xllcorner  0
yllcorner  0
cellsize  30
NODATA_value  -9999
0 0 0 0 0 0 0 0 0 0 0 0 0 0 0 0 0.103846 0.103846 0.103846 0 0 0 0 0 0 0 0 0 0 0 0 0 0 0 0 0 0.103846 0.103846 0 0 0 0 0.103846 0.103846 0.103846 0 0 0 0 0 0 0 0 0.103846 0.103846 0.103846 0.103846 0.103846 0.103846 0.103846 0 0.103846 0.103846 0.103846 0.103846 0.103846 0.103846 0.103846 0.103846 0.103846 0.103846 0.103846 0.103846 0.103846 0 0 0 0 0 0 0.103846 0.103846 0.103846 0.103846 0.103846 0.103846 0.103846 0.103846 0.103846 0.103846 0 0 0 0 0 0 1.593725 0.943355 0.000000 1.023100 0.103846 0.103846 0.103846 0.103846 0.103846 0.103846 0 0 0 0 0 0 0.742668 0.000000 0.126164 0.279620 0.882391 0 0 0.155357 0.103846 0 0 0 0 0 0 0 1.369784 0 2.000000 1.216605 0 0.710068 1.198522 0.789588 1.163548 1.221321 0.190913 0.638555 0 0 0 0 0.742668 0.742668 0 1.198522 0.836029 1.362615 0.767946 2.000000 0.000000 0.388898 1.226159 0 0.345169 0.215500 0.289212 1.722656 0.742668 1.503813 0.742668 0.742668 0.742668 0.546592 0.148080 0.789588 1.094720 1.311724 0.952068 1.187324 0.000000 0.458577 0.899083 0.795092 1.383351 1.001304 1.692956 1.492564 1.503813 1.503813 1.503813 0.742668 0.316245 0.178147 1.350607 0.000000 1.412027 1.023100 1.726665 0.000000 1.492975 0 0.117729 0.526763 1.469431 0.144546 0.000000 0.442857 2.000000 1.503813 0.742668 0.321530 0.499744 0.402547 0.316245 1.472627 0.000000 0.325213 0.154635 0.171680 1.492975 0.241745 0 1.492564 0.192695 0.795092 1.742751 1.492564 2.000000 0.742668 0.742668 0.456484 0.526760 0.356363 0.525680 0.978475 0.213476 0.117505 0.486133 0.386601 1.113573 1.492975 0.152671 0.000000 0.612769 0.388973 1.021971 0.219299 0.742668 0.742668 0.742668 0.316245 0.443460 0.051067 0.316245 0.316245 0.799648 0.000000 0.262420 0.762103 1.051871 1.492975 0.672145 0.841564 0.308255 1.569414 0.679493 1.492564 0.742668 0.742668 0.237634 0.443460 0.071292 0.407023 0.713221 0.316245 0.316245 1.418606 1.843568 0.932595 0.327081 1.690299 0.345230 0.881144 0.292820 1.082601 0.439822 1.105701 0.742668 0.742668 0.071292 0.374056 0.071292 0.316245 0.072590 0.316245 0.316245 0.290064 0.728879 2.000000 0.808523 2.000000 0.649642 0.255840 0.000000 1.722815 1.742751 0.765247 0.742668 0.742668 0.316245 0.071292 0.071292 0.316245 0.459193 0.178147 2.000000 0.000000 1.561297 0.572678 0.000000 0.910084 1.023100 0.503053 0.000000 1.396245 1.737727 0.351145 0.742668 0.742668 0.742668 0.316245 0.306132 0.576785 0.071292 0.071292 0.331737 0.104387 1.049608 0.000000 0.000000 0.000000 1.722656 1.246196 1.473409 1.404860 0.287652 0.763353 0.742668 0.742668 1.582014 1.583573 1.584581 1.584581 0.071292 0.432445 0.237634 0.237634 0.250636 0.000000 1.492564 0.881144 0.000000 0.881144 1.492564 2.000000 1.737727 0.349564 0.742668 0.742668 1.584581 0.808584 1.167261 1.096651 1.584581 1.584581 1.586377 0.316245 0.316245 0.051067 1.722656 1.492564 0.795912 1.722656 0.351145 0.428601 0.656866 0.581214 0.385312 1.584581 0.742668 1.084626 0.116960 0.473801 0.746853 1.522019 1.584581 1.755052 0.288621 0.027600 2.000000 0.295633 2.000000 0.104387 0.000000 0.869882 1.436043 0.608039 