Releaseoutput64/ParameterPackage/11/queralba_IV_10.asc
ncols  20
nrows  20
xllcorner  0
yllcorner  0
cellsize  30
NODATA_value  -9999
0 0 0 0 0 0 0 0 0 0 0 0 0 0 0 0 0.103846 0.103846 0.103846 0 0 0 0 0 0 0 0 0 0 0 0 0 0 0 0 0 0.103846 0.103846 0 0 0 0 0.103846 0.103846 0.103846 0 0 0 0 0 0 0 0 0.103846 0.103846 0.103846 0.103846 0.103846 0.103846 0.103846 0 0.103846 0.103846 0.103846 0.103846 0.103846 0.103846 0.103846 0.103846 0.103846 0.103846 0.103846 0.103846 0.103846 0 0 0 0 0 0 0.103846 0.103846 0.103846 0.103846 0.103846 0.103846 0.103846 0.103846 0.103846 0.103846 0 0 0 0 0 0 1.593725 0.943355 0.266444 1.037622 0.103846 0.103846 0.103846 0.103846 0.103846 0.103846 0 0 0 0 0 0 0.742668 0.411916 0.323253 0.324696 0.930938 0 0 0.312760 0.103846 0 0 0 0 0 0 0 1.419071 0 2.000000 1.138102 0 0.782792 1.316189 0.796449 1.229932 1.312458 0.419167 0.890145 0 0 0 0 0.742668 0.742668 0 1.316189 1.133590 1.295439 0.771814 2.000000 0.181252 0.442522 1.118328 0 0.520742 0.422523 0.724039 1.735579 0.742668 0.742668 0.742668 0.742668 0.742668 0.535011 0.119056 0.796449 1.180467 1.448829 1.166200 1.196953 0.000000 0.870790 0.890145 0.803113 1.406255 1.369295 1.775089 1.494932 0.742668 0.742668 0.742668 0.742668 0.281865 0.609411 1.284733 0.225109 1.408304 1.037622 1.752336 0.151613 1.493761 0 0.181385 0.467969 1.566987 0.248855 0.141889 0.689109 2.000000 0.742668 0.742668 0.672112 0.429528 0.771093 0.281865 1.528021 0.225109 0.479264 0.152747 0.415114 1.493761 0.515674 0 1.494932 0.509545 0.803113 1.727234 1.494932 2.000000 0.742668 0.742668 0.812915 0.861944 0.672112 0.706503 1.267833 0.181252 0.247864 0.767416 0.597025 1.267992 1.493761 0.413660 0.086744 0.550425 0.641491 1.212333 0.301810 0.742668 0.742668 0.742668 0.281865 0.628422 0.186230 0.281865 0.281865 0.960412 0.335343 0.310891 1.041232 1.119156 1.493761 1.093490 0.751212 0.248429 1.675332 0.805884 1.494932 0.742668 0.742668 0.628422 0.628422 0.195513 0.804500 0.706503 0.281865 0.281865 1.427082 1.735579 1.148954 0.614443 1.699796 0.637112 0.875897 0.638182 1.171273 0.535816 1.135494 0.742668 0.742668 0.195513 0.687923 0.195513 0.281865 0.195513 0.281865 0.281865 0.342092 0.979055 2.000000 1.063597 2.000000 1.036190 0.709996 0.141889 1.735579 1.727234 0.706863 0.742668 0.742668 0.281865 0.195513 0.195513 0.281865 0.804500 0.609411 2.000000 0.000000 1.558031 0.706863 0.311648 1.076529 1.037622 0.550425 0.000000 1.555541 1.727234 0.488251 0.742668 0.742668 0.742668 0.281865 0.672830 0.850498 0.195513 0.195513 0.628422 0.114961 1.124261 0.249640 0.088578 0.086744 1.735579 1.419375 1.369367 1.558031 0.549819 1.042449 0.742668 0.742668 1.592897 1.592897 1.592897 1.592897 0.195513 0.689314 0.628422 0.628422 0.628422 0.000000 1.494932 0.875897 0.141889 0.875897 1.494932 2.000000 1.727234 0.707428 0.742668 0.742668 1.592897 0.997043 1.146287 1.217787 1.592897 1.592897 1.592897 0.281865 0.281865 0.186230 1.735579 1.494932 0.943093 1.735579 0.521524 0.745304 0.711692 0.900109 0.434298 1.592897 0.742668 1.431535 0.544653 0.700393 1.152367 1.597386 1.592897 1.592897 0.609411 0.186760 2.000000 0.458343 2.000000 0.114961 0.141889 1.051192 1.463935 0.540348 