Releaseoutput64/ParameterPackage/11/quervelu_BA_0.asc
ncols  20
nrows  20
xllcorner  0
yllcorner  0
cellsize  30
NODATA_value  -9999
0.000000 0.000000 0.000000 0.000000 0.000000 0.000000 0.000000 0.000000 0.000000 0.000000 0.000000 0.000000 0.000000 0.000000 0.000000 0.000000 1.086991 1.086991 1.086991 0.000000 0.000000 0.000000 0.000000 0.000000 0.000000 0.000000 0.000000 0.000000 0.000000 0.000000 0.000000 0.000000 0.000000 0.000000 0.000000 0.000000 1.086991 1.086991 0.000000 0.000000 0.000000 0.000000 1.086991 1.086991 1.086991 0.000000 0.000000 0.000000 0.000000 0.000000 0.000000 0.000000 0.000000 1.086991 1.086991 1.086991 1.086991 1.086991 1.086991 1.086991 0.000000 1.086991 1.086991 1.086991 1.086991 1.086991 1.086991 1.086991 1.086991 1.086991 1.086991 1.086991 1.086991 1.086991 0.000000 0.000000 0.000000 0.000000 0.000000 0.000000 1.086991 1.086991 1.086991 1.086991 1.086991 1.086991 1.086991 1.086991 1.086991 1.086991 0.000000 0.000000 0.000000 0.000000 0.000000 0.000000 0.364425 0.985203 2.084604 0.377148 1.086991 1.086991 1.086991 1.086991 1.086991 1.086991 0.000000 0.000000 0.000000 0.000000 0.000000 0.000000 1.759292 1.688527 3.605606 1.533254 0.845010 0.000000 0.000000 5.641515 1.086991 0.000000 0.000000 0.000000 0.000000 0.000000 0.000000 0.000000 0.422387 0.000000 0.000000 1.020703 0.000000 1.066257 0.750369 0.188574 0.519227 0.422387 1.235824 0.929362 0.000000 0.000000 0.000000 0.000000 1.759292 1.759292 0.000000 0.750369 1.650671 0.643791 0.274104 0.000000 1.994911 2.543433 0.519227 0.000000 1.389448 0.968396 1.075681 0.229336 1.759292 1.759292 1.759292 1.759292 1.759292 1.530113 2.055701 0.188574 1.650671 0.851057 0.851057 0.519227 0.502655 0.618265 0.929362 0.492837 0.171060 1.985094 0.170903 0.392699 1.759292 1.759292 1.759292 1.759292 0.080425 1.191292 0.604757 1.377981 0.255176 0.377148 0.255176 2.084604 0.441786 0.000000 3.352708 1.530113 0.387201 4.665108 2.706168 1.287739 0.000000 1.759292 1.759292 1.191292 1.872939 1.191292 0.080425 0.387201 1.377981 1.389448 2.084604 1.773508 0.441786 2.483115 0.000000 0.392699 1.066257 0.492837 0.264208 0.392699 0.000000 1.759292 1.759292 1.191292 1.191292 1.191292 1.191292 0.643791 1.994911 4.665108 1.334077 3.416953 0.974208 0.441786 2.543433 2.146650 1.633942 1.633942 0.863310 2.928278 1.759292 1.759292 1.759292 0.080425 1.191292 3.448212 0.080425 0.080425 0.971852 1.773508 0.000000 0.974208 1.736201 0.441786 0.824354 1.523044 1.040181 0.516478 1.523044 0.392699 1.759292 1.759292 1.191292 1.191292 3.448212 1.191292 1.191292 0.080425 0.080425 0.196350 0.229336 0.851057 1.066257 0.132025 2.246867 0.392699 1.287739 0.656907 1.326695 1.070655 1.759292 1.759292 3.448212 1.191292 3.448212 0.080425 3.448212 0.080425 0.080425 2.928278 0.656907 0.000000 1.037275 0.000000 2.255428 1.539380 2.706168 0.229336 0.264208 1.633942 1.759292 1.759292 0.080425 3.448212 3.448212 0.080425 1.191292 1.191292 0.000000 0.000000 0.516478 1.633942 1.453222 0.845010 0.377148 1.633942 0.000000 0.516478 0.264208 0.697119 1.759292 1.759292 1.759292 0.080425 1.191292 1.191292 3.448212 3.448212 1.191292 0.545695 0.656907 2.567938 2.146650 2.146650 0.229336 0.445792 0.863310 0.516478 1.326695 0.656907 1.759292 1.759292 0.477679 0.477679 0.477679 0.477679 3.448212 1.191292 1.191292 1.191292 1.191292 0.000000 0.392699 0.392699 2.706168 0.392699 0.392699 0.000000 0.264208 1.430367 1.759292 1.759292 0.477679 1.276743 0.392149 0.538155 0.477679 0.477679 0.477679 0.080425 0.080425 3.448212 0.229336 0.392699 1.070655 0.229336 0.697119 1.523044 1.090761 1.176212 0.098175 0.477679 1.759292 1.276743 1.759292 1.518332 0.748249 0.217555 0.477679 0.477679 1.191292 3.448212 0.000000 0.697119 0.000000 0.545695 2.706168 1.276743 0.648425 1.724106 