Releaseoutput64/ParameterPackage/11/queralba_IV_50.asc
ncols  20
nrows  20
xllcorner  0
yllcorner  0
cellsize  30
NODATA_value  -9999
0 0 0 0 0 0 0 0 0 0 0 0 0 0 0 0 0.103846 0.103846 0.103846 0 0 0 0 0 0 0 0 0 0 0 0 0 0 0 0 0 0.103846 0.103846 0 0 0 0 0.103846 0.103846 0.103846 0 0 0 0 0 0 0 0 0.103846 0.103846 0.103846 0.103846 0.103846 0.103846 0.103846 0 0.103846 0.103846 0.103846 0.103846 0.103846 0.103846 0.103846 0.103846 0.103846 0.103846 0.103846 0.103846 0.103846 0 0 0 0 0 0 0.103846 0.103846 0.103846 0.103846 0.103846 0.103846 0.103846 0.103846 0.103846 0.103846 0 0 0 0 0 0 1.593725 0.943355 0.000000 0.995124 0.103846 0.103846 0.103846 0.103846 0.103846 0.103846 0 0 0 0 0 0 0.742668 0.000000 0.000000 0.000000 0.385128 0 0 0.000000 0.103846 0 0 0 0 0 0 0 1.132221 0 2.000000 0.627018 0 0.000000 0.539087 0.776357 0.788645 1.467864 0.000000 0.000000 0 0 0 0 0.742668 0.742668 0 1.065258 0.000000 1.201577 0.760448 2.000000 0.000000 0.000000 1.314732 0 0.000000 0.000000 0.000000 1.498643 0.742668 1.503813 0.742668 0.742668 0.742668 0.000000 0.000000 0.776357 0.362924 1.118642 0.368368 0.666641 0.000000 0.208783 0.000000 0.779663 1.340714 0.000000 1.712994 1.263864 1.503813 1.503813 1.503813 0.742668 0.255650 0.000000 1.238406 0.000000 1.419869 0.995124 1.559909 0.000000 1.492918 0 0.000000 0.000000 1.656635 0.000000 0.000000 0.000000 2.000000 1.503813 0.742668 0.000000 0.000000 0.210059 0.257460 1.086306 0.000000 0.000000 0.000000 0.000000 2.000000 0.000000 0 1.263864 0.303352 0.779663 1.626513 1.281971 2.000000 0.742668 0.742668 0.498041 0.210059 0.000000 0.211345 0.258472 0.000000 0.000000 0.303352 0.000000 1.422990 1.492918 0.000000 0.000000 0.272553 0.000000 0.478693 0.000000 0.742668 0.742668 0.742668 0.295861 0.214694 0.000000 0.294094 0.184312 0.287153 0.000000 0.189838 0.000000 0.000000 1.223339 0.000000 0.490570 0.188167 1.629973 0.000000 1.680211 0.742668 0.742668 0.185741 0.214694 0.000000 0.187303 0.709423 0.313196 0.326170 1.402215 1.729428 0.000000 0.607098 1.545624 0.000000 0.891571 0.000000 0.718977 0.261029 1.010831 0.742668 0.742668 0.000000 0.211345 0.000000 0.300930 0.000000 0.401629 0.186351 0.000000 0.313412 2.000000 0.000000 2.000000 0.703463 0.000000 0.000000 1.498643 1.630348 0.000000 0.742668 0.742668 0.296640 0.000000 0.000000 0.261102 0.506456 0.000000 2.000000 0.000000 1.116083 0.000000 0.000000 1.230232 0.995124 0.000000 0.000000 1.163671 2.000000 0.000000 0.742668 0.742668 0.742668 0.299813 0.000000 0.565652 0.000000 0.000000 0.371250 0.000000 0.872556 0.000000 0.000000 0.000000 1.498643 0.748010 1.142773 1.106728 0.000000 0.333707 0.742668 0.742668 1.643088 1.337597 1.330000 2.000000 0.000000 0.000000 0.185741 0.000000 0.000000 0.000000 1.325444 0.891571 0.000000 0.891571 1.281971 2.000000 1.630348 0.000000 0.742668 0.742668 1.676542 0.000000 1.553319 0.514355 1.337597 1.642714 1.324744 0.232451 0.232451 0.000000 1.729428 1.337826 0.261354 1.762057 0.171878 0.000000 0.000000 0.000000 0.228866 1.335148 0.742668 1.004947 0.000000 0.000000 0.000000 1.149925 1.335148 2.000000 0.211345 0.000000 2.000000 0.000000 2.000000 0.000000 0.000000 0.000000 0.948674 0.000000 