Releaseoutput64/ParameterPackage/11/queralba_IV_0.asc
ncols  20
nrows  20
xllcorner  0
yllcorner  0
cellsize  30
NODATA_value  -9999
0 0 0 0 0 0 0 0 0 0 0 0 0 0 0 0 0.103846 0.103846 0.103846 0 0 0 0 0 0 0 0 0 0 0 0 0 0 0 0 0 0.103846 0.103846 0 0 0 0 0.103846 0.103846 0.103846 0 0 0 0 0 0 0 0 0.103846 0.103846 0.103846 0.103846 0.103846 0.103846 0.103846 0 0.103846 0.103846 0.103846 0.103846 0.103846 0.103846 0.103846 0.103846 0.103846 0.103846 0.103846 0.103846 0.103846 0 0 0 0 0 0 0.103846 0.103846 0.103846 0.103846 0.103846 0.103846 0.103846 0.103846 0.103846 0.103846 0 0 0 0 0 0 1.593725 0.943355 0.734409 1.056741 0.103846 0.103846 0.103846 0.103846 0.103846 0.103846 0 0 0 0 0 0 0.742668 0.883775 0.701678 0.502901 1.048041 0 0 0.480880 0.103846 0 0 0 0 0 0 0 1.392383 0 2.000000 1.089112 0 0.801998 1.575931 0.805517 1.127585 1.392383 0.402230 1.207006 0 0 0 0 0.742668 0.742668 0 1.575931 1.268363 1.361580 0.776871 2.000000 0.567255 0.575771 1.127585 0 0.944788 0.449512 1.256545 1.701227 0.742668 0.742668 0.742668 0.742668 0.742668 0.966286 0.412676 0.805517 1.268363 1.491700 1.491700 1.127585 0.000000 0.928529 1.207006 0.813626 1.437204 1.485935 1.800534 1.498322 0.742668 0.742668 0.742668 0.742668 0.242640 0.718369 1.264490 0.221343 1.403728 1.056741 1.735246 0.734409 1.495348 0 0.341216 0.966286 1.546105 0.394621 0.373787 0.911251 2.000000 0.742668 0.742668 0.718369 0.669434 0.718369 0.242640 1.546105 0.221343 0.944788 0.734409 0.624404 1.495348 0.882795 0 1.498322 0.801998 0.813626 1.699529 1.498322 2.000000 0.742668 0.742668 0.718369 0.718369 0.718369 0.718369 1.361580 0.567255 0.394621 1.116311 0.874064 1.139465 1.495348 0.575771 0.319071 1.034598 1.034598 1.219834 0.421550 0.742668 0.742668 0.742668 0.242640 0.718369 0.366889 0.242640 0.242640 1.138114 0.624404 0.386249 1.139465 1.209164 1.495348 1.411961 1.190322 0.178327 1.596142 1.190322 1.498322 0.742668 0.742668 0.718369 0.718369 0.366889 0.718369 0.718369 0.242640 0.242640 1.438219 1.701227 1.491700 0.801998 1.712900 0.803252 0.869139 0.911251 1.287542 0.770444 1.317050 0.742668 0.742668 0.366889 0.718369 0.366889 0.242640 0.366889 0.242640 0.242640 0.421550 1.287542 2.000000 1.445034 2.000000 1.307426 1.191297 0.373787 1.701227 1.699529 1.034598 0.742668 0.742668 0.242640 0.366889 0.366889 0.242640 0.718369 0.718369 2.000000 0.000000 1.596142 1.034598 0.414498 1.048041 1.056741 1.034598 0.000000 1.596142 1.699529 0.677505 0.742668 0.742668 0.742668 0.242640 0.718369 0.718369 0.366889 0.366889 0.718369 0.135077 1.287542 0.464077 0.319071 0.319071 1.701227 1.574257 1.219834 1.596142 0.770444 1.287542 0.742668 0.742668 1.544361 1.544361 1.544361 1.544361 0.366889 0.718369 0.718369 0.718369 0.718369 0.000000 1.498322 0.869139 0.373787 0.869139 1.498322 2.000000 1.699529 0.910581 0.742668 0.742668 1.544361 1.463338 0.966236 1.344728 1.544361 1.544361 1.544361 0.242640 0.242640 0.366889 1.701227 1.498322 1.317050 1.701227 0.677505 1.190322 0.690659 1.207616 0.515076 1.544361 0.742668 1.595162 0.983464 1.041509 1.362732 1.774274 1.544361 1.544361 0.718369 0.366889 2.000000 0.677505 2.000000 0.135077 0.373787 1.463338 1.357759 0.871417 