Releaseoutput64/ParameterPackage/11/quervelu_BA_10.asc
ncols  20
nrows  20
xllcorner  0
yllcorner  0
cellsize  30
NODATA_value  -9999
0.000000 0.000000 0.000000 0.000000 0.000000 0.000000 0.000000 0.000000 0.000000 0.000000 0.000000 0.000000 0.000000 0.000000 0.000000 0.000000 1.086991 1.086991 1.086991 0.000000 0.000000 0.000000 0.000000 0.000000 0.000000 0.000000 0.000000 0.000000 0.000000 0.000000 0.000000 0.000000 0.000000 0.000000 0.000000 0.000000 1.086991 1.086991 0.000000 0.000000 0.000000 0.000000 1.086991 1.086991 1.086991 0.000000 0.000000 0.000000 0.000000 0.000000 0.000000 0.000000 0.000000 1.086991 1.086991 1.086991 1.086991 1.086991 1.086991 1.086991 0.000000 1.086991 1.086991 1.086991 1.086991 1.086991 1.086991 1.086991 1.086991 1.086991 1.086991 1.086991 1.086991 1.086991 0.000000 0.000000 0.000000 0.000000 0.000000 0.000000 1.086991 1.086991 1.086991 1.086991 1.086991 1.086991 1.086991 1.086991 1.086991 1.086991 0.000000 0.000000 0.000000 0.000000 0.000000 0.000000 0.364425 0.985203 1.775000 0.510352 1.086991 1.086991 1.086991 1.086991 1.086991 1.086991 0.000000 0.000000 0.000000 0.000000 0.000000 0.000000 1.759292 1.841602 3.290897 1.455971 1.125161 0.000000 0.000000 4.823758 1.086991 0.000000 0.000000 0.000000 0.000000 0.000000 0.000000 0.000000 0.534542 0.000000 0.000000 1.327323 0.000000 1.330072 0.933838 0.255176 0.520405 0.625334 1.628130 1.160426 0.000000 0.000000 0.000000 0.000000 1.759292 1.759292 0.000000 0.933838 1.209278 0.916481 0.387201 0.000000 2.077692 2.020672 0.708979 0.000000 1.453222 1.453458 1.337062 0.334894 1.759292 1.759292 1.759292 1.759292 1.759292 1.719629 1.646744 0.255176 1.020703 0.708979 1.127518 0.708979 0.502655 1.120920 1.160426 0.672536 0.264051 1.439242 0.261381 0.528416 1.759292 1.759292 1.759292 1.759292 0.125664 1.739186 0.841004 1.917078 0.331831 0.510352 0.331831 1.586426 0.541061 0.000000 2.970690 1.719629 0.520405 3.807375 2.594013 1.772487 0.000000 1.759292 1.759292 1.739186 1.832570 1.558230 0.125664 0.520405 1.917078 1.585248 1.519824 1.626088 0.541061 2.452956 0.000000 0.528416 1.518646 0.672536 0.342119 0.528416 0.000000 1.759292 1.759292 1.533097 1.477805 1.739186 1.658761 0.916481 2.077692 3.873976 1.206921 3.200576 0.938943 0.541061 2.146336 2.299646 1.879615 1.879615 1.144796 2.903774 1.759292 1.759292 1.759292 0.125664 1.739186 4.091610 0.125664 0.125664 1.152729 1.626088 0.000000 1.270774 1.020703 0.541061 1.276743 1.595301 1.553518 0.541296 1.595301 0.528416 1.759292 1.759292 1.739186 1.739186 4.091610 1.492885 1.658761 0.125664 0.125664 0.264208 0.334894 1.127518 1.518646 0.188574 1.910088 0.528416 1.772487 0.852000 1.791650 1.188150 1.759292 1.759292 4.091610 1.739186 4.091610 0.125664 4.091610 0.125664 0.125664 2.903774 1.004681 0.000000 1.264648 0.000000 1.729682 1.800133 2.594013 0.334894 0.342119 1.615407 1.759292 1.759292 0.125664 4.091610 4.091610 0.125664 1.492885 1.739186 0.000000 0.000000 0.737646 1.615407 1.939541 0.955515 0.510352 1.879615 0.000000 0.737646 0.342119 1.357168 1.759292 1.759292 1.759292 0.125664 1.739186 1.432566 4.091610 4.091610 1.739186 1.045836 0.782885 2.078478 2.153876 2.299646 0.334894 0.619208 0.802677 0.737646 1.791650 0.979234 1.759292 1.759292 0.625962 0.625962 0.625962 0.625962 4.091610 1.658761 1.739186 1.739186 1.739186 0.000000 0.528416 0.528416 2.594013 0.528416 0.528416 0.000000 0.342119 1.784425 1.759292 1.759292 0.625962 1.553203 0.550250 0.509174 0.625962 0.625962 0.625962 0.125664 0.125664 4.091610 0.334894 0.528416 1.384500 0.334894 1.357168 1.791650 1.417487 1.613522 0.171060 0.625962 1.759292 0.985203 2.156389 1.374447 1.018347 0.320600 0.625962 0.625962 1.739186 4.011185 0.000000 1.382615 0.000000 1.045836 2.594013 1.553203 0.678584 1.905062 