Releaseoutput64/ParameterPackage/11/quervelu_BA_30.asc
ncols  20
nrows  20
xllcorner  0
yllcorner  0
cellsize  30
NODATA_value  -9999
0.000000 0.000000 0.000000 0.000000 0.000000 0.000000 0.000000 0.000000 0.000000 0.000000 0.000000 0.000000 0.000000 0.000000 0.000000 0.000000 1.086991 1.086991 1.086991 0.000000 0.000000 0.000000 0.000000 0.000000 0.000000 0.000000 0.000000 0.000000 0.000000 0.000000 0.000000 0.000000 0.000000 0.000000 0.000000 0.000000 1.086991 1.086991 0.000000 0.000000 0.000000 0.000000 1.086991 1.086991 1.086991 0.000000 0.000000 0.000000 0.000000 0.000000 0.000000 0.000000 0.000000 1.086991 1.086991 1.086991 1.086991 1.086991 1.086991 1.086991 0.000000 1.086991 1.086991 1.086991 1.086991 1.086991 1.086991 1.086991 1.086991 1.086991 1.086991 1.086991 1.086991 1.086991 0.000000 0.000000 0.000000 0.000000 0.000000 0.000000 1.086991 1.086991 1.086991 1.086991 1.086991 1.086991 1.086991 1.086991 1.086991 1.086991 0.000000 0.000000 0.000000 0.000000 0.000000 0.000000 0.364425 0.985203 2.337816 0.837077 1.086991 1.086991 1.086991 1.086991 1.086991 1.086991 0.000000 0.000000 0.000000 0.000000 0.000000 0.000000 1.759292 2.337816 3.220054 1.698581 1.189014 0.000000 0.000000 4.496169 1.086991 0.000000 0.000000 0.000000 0.000000 0.000000 0.000000 0.000000 0.835899 0.000000 0.000000 1.545899 0.000000 1.745862 1.361095 0.418539 0.847130 0.513179 2.367975 1.847728 0.000000 0.000000 0.000000 0.000000 1.759292 1.759292 0.000000 1.361095 1.674155 0.673715 0.673715 0.000000 2.683313 2.679150 0.847130 0.000000 2.077692 1.837675 2.342371 0.606327 1.759292 0.094248 1.759292 1.759292 1.759292 2.005985 2.474790 0.418539 1.674155 1.178961 1.801075 1.178961 0.502655 1.955327 1.684365 1.122412 0.510352 1.877730 0.502655 0.860168 0.094248 0.094248 0.094248 1.759292 0.246301 2.739469 1.178961 2.679700 0.515300 0.837077 0.515300 2.337816 0.769769 0.000000 2.608778 2.005985 0.331831 3.520390 3.090699 2.424995 0.000000 0.094248 1.759292 2.312212 2.274827 2.236814 0.246301 0.847130 2.347869 2.164400 2.251108 2.095442 0.769769 2.538407 0.000000 0.860168 2.077692 1.122412 0.528102 0.860168 0.000000 1.759292 1.759292 1.809557 2.055858 2.664071 2.417770 1.424084 2.683313 4.357467 1.914329 3.240160 0.622114 0.769769 2.679150 2.878327 2.248438 2.776540 1.828407 1.969779 1.759292 1.759292 1.759292 0.246301 1.829664 3.538690 0.246301 0.246301 1.674155 2.284016 0.000000 1.652713 1.674155 0.769769 2.302159 2.062456 2.212310 0.958500 2.590557 0.860168 1.759292 1.759292 2.236814 1.829664 3.664354 2.332318 1.990513 0.246301 0.000000 0.430084 0.342119 1.801075 1.327323 0.331831 2.282053 0.860168 2.689203 1.293080 2.590557 1.290566 1.759292 1.759292 3.664354 1.990513 3.664354 0.246301 3.538690 0.246301 0.246301 1.969779 1.677296 0.000000 2.164400 0.000000 1.168908 2.591186 3.090699 0.606327 0.528102 2.346456 1.759292 1.759292 0.246301 3.664354 3.538690 0.246301 1.829664 2.664071 0.000000 0.000000 0.958500 2.610663 2.704754 1.030757 0.837077 2.610663 0.000000 0.958500 0.000000 2.131256 1.759292 1.759292 1.759292 0.246301 2.483115 1.990513 3.664354 3.664354 1.990513 2.281739 1.404920 2.650562 2.729730 2.915712 0.606327 1.056518 0.958186 1.300619 2.590557 1.837832 1.759292 1.759292 0.982847 0.982847 0.982847 0.000000 3.538690 2.055858 2.236814 2.845026 2.236814 0.000000 0.860168 0.860168 3.090699 0.860168 0.860168 0.000000 0.528102 2.746694 1.759292 1.759292 0.441786 2.538407 0.675128 0.918837 0.982847 0.982847 0.982847 0.246301 0.246301 3.664354 0.342119 0.860168 2.140681 0.606327 2.040464 2.590557 1.940248 2.452956 0.377148 0.982847 1.759292 1.221451 2.774655 1.452280 1.837675 0.587007 0.982847 0.541061 1.990513 3.483398 0.000000 2.055230 0.000000 2.281739 3.090699 2.538407 1.221451 2.463009 