Releaseoutput64/ParameterPackage/11/queralba_IV_40.asc
ncols  20
nrows  20
xllcorner  0
yllcorner  0
cellsize  30
NODATA_value  -9999
0 0 0 0 0 0 0 0 0 0 0 0 0 0 0 0 0.103846 0.103846 0.103846 0 0 0 0 0 0 0 0 0 0 0 0 0 0 0 0 0 0.103846 0.103846 0 0 0 0 0.103846 0.103846 0.103846 0 0 0 0 0 0 0 0 0.103846 0.103846 0.103846 0.103846 0.103846 0.103846 0.103846 0 0.103846 0.103846 0.103846 0.103846 0.103846 0.103846 0.103846 0.103846 0.103846 0.103846 0.103846 0.103846 0.103846 0 0 0 0 0 0 0.103846 0.103846 0.103846 0.103846 0.103846 0.103846 0.103846 0.103846 0.103846 0.103846 0 0 0 0 0 0 1.593725 0.943355 0.000000 1.002602 0.103846 0.103846 0.103846 0.103846 0.103846 0.103846 0 0 0 0 0 0 0.742668 0.000000 0.000000 0.207445 0.389196 0 0 0.000000 0.103846 0 0 0 0 0 0 0 1.240882 0 2.000000 0.722386 0 0.000000 0.941237 0.779901 0.904713 1.538600 0.000000 0.000000 0 0 0 0 0.742668 0.742668 0 1.053887 0.484295 1.372128 0.762458 2.000000 0.000000 0.000000 1.374331 0 0.237216 0.000000 0.000000 1.572621 0.742668 1.503813 0.742668 0.742668 0.742668 0.000000 0.000000 0.779901 0.288568 0.947344 0.370698 0.841398 0.000000 0.345953 0.000000 0.783777 1.351922 0.267803 1.557127 1.454514 1.503813 1.503813 1.503813 0.742668 0.323798 0.000000 1.023021 0.000000 1.417680 1.002602 1.607060 0.000000 1.492705 0 0.000000 0.183857 1.717622 0.000000 0.000000 0.000000 2.000000 1.503813 0.742668 0.000000 0.000000 0.271129 0.323798 1.244396 0.000000 0.000000 0.000000 0.000000 1.492705 0.000000 0 1.454514 0.250481 0.783777 1.689201 1.427915 2.000000 0.742668 0.742668 0.494176 0.439216 0.000000 0.325209 0.466547 0.000000 0.000000 0.257451 0.000000 1.421336 1.492705 0.000000 0.000000 0.226040 0.000000 0.479487 0.153316 0.742668 0.742668 0.742668 0.292067 0.385511 0.000000 0.294214 0.231124 0.496057 0.000000 0.206782 0.597438 0.303352 1.492705 0.167347 0.416276 0.157381 1.475874 0.000000 1.699657 0.742668 0.742668 0.184848 0.385511 0.000000 0.409905 0.614971 0.334397 0.365439 1.406605 1.765999 0.283510 0.500303 1.543867 0.000000 0.888738 0.195493 1.029166 0.263361 1.202678 0.742668 0.742668 0.000000 0.407400 0.000000 0.327888 0.000000 0.429429 0.233196 0.153316 0.506388 2.000000 0.000000 2.000000 0.700329 0.000000 0.000000 1.572621 1.689201 0.000000 0.742668 0.742668 0.328426 0.000000 0.000000 0.295934 0.424071 0.000000 2.000000 0.000000 1.283127 0.000000 0.000000 1.246997 1.002602 0.000000 0.000000 1.306226 2.000000 0.147502 0.742668 0.742668 0.742668 0.326823 0.000000 0.635591 0.000000 0.000000 0.302358 0.000000 0.919354 0.000000 0.000000 0.000000 1.572621 0.857958 1.268163 1.227103 0.000000 0.458919 0.742668 0.742668 1.674309 1.428093 1.411978 2.000000 0.000000 0.271129 0.184848 0.000000 0.159779 0.000000 1.427915 0.888738 0.000000 0.888738 1.427915 2.000000 1.689201 0.000000 0.742668 0.742668 1.730278 0.213552 1.456571 0.815662 1.428093 1.411978 1.402781 0.292067 0.300074 0.000000 1.765999 1.431975 0.603543 1.572621 0.149580 0.000000 0.398710 0.000000 0.330397 1.411978 0.742668 1.069276 0.000000 0.171901 0.229838 1.307102 1.411978 2.000000 0.296195 0.000000 2.000000 0.305397 2.000000 0.000000 0.000000 0.368694 1.069944 0.000000 