Releaseoutput64/ParameterPackage/11/quervelu_BA_50.asc
ncols  20
nrows  20
xllcorner  0
yllcorner  0
cellsize  30
NODATA_value  -9999
0.000000 0.000000 0.000000 0.000000 0.000000 0.000000 0.000000 0.000000 0.000000 0.000000 0.000000 0.000000 0.000000 0.000000 0.000000 0.000000 1.086991 1.086991 1.086991 0.000000 0.000000 0.000000 0.000000 0.000000 0.000000 0.000000 0.000000 0.000000 0.000000 0.000000 0.000000 0.000000 0.000000 0.000000 0.000000 0.000000 1.086991 1.086991 0.000000 0.000000 0.000000 0.000000 1.086991 1.086991 1.086991 0.000000 0.000000 0.000000 0.000000 0.000000 0.000000 0.000000 0.000000 1.086991 1.086991 1.086991 1.086991 1.086991 1.086991 1.086991 0.000000 1.086991 1.086991 1.086991 1.086991 1.086991 1.086991 1.086991 1.086991 1.086991 1.086991 1.086991 1.086991 1.086991 0.000000 0.000000 0.000000 0.000000 0.000000 0.000000 1.086991 1.086991 1.086991 1.086991 1.086991 1.086991 1.086991 1.086991 1.086991 1.086991 0.000000 0.000000 0.000000 0.000000 0.000000 0.000000 0.364425 0.985203 2.896941 1.244228 1.086991 1.086991 1.086991 1.086991 1.086991 1.086991 0.000000 0.000000 0.000000 0.000000 0.000000 0.000000 1.759292 3.519055 4.705399 1.837675 1.779634 0.000000 0.000000 5.654395 1.086991 0.000000 0.000000 0.000000 0.000000 0.000000 0.000000 0.000000 1.137414 0.000000 0.000000 2.216943 0.000000 2.061199 1.868776 0.622114 1.254281 0.565722 3.549214 1.867677 0.000000 0.000000 0.000000 0.000000 1.759292 1.759292 0.000000 0.865901 2.488455 1.040653 1.040653 0.000000 3.082845 2.829947 0.515300 0.000000 2.683313 2.898276 2.900318 0.958186 1.759292 0.094248 1.759292 1.759292 1.759292 2.381641 3.257596 0.622114 1.866342 1.254281 1.769581 1.769581 0.502655 2.483115 2.704754 1.692926 0.837077 2.732243 0.502655 1.272345 0.094248 0.094248 0.094248 1.759292 0.407150 3.257203 1.030599 3.422294 0.738981 1.244228 0.738981 2.274827 1.038689 0.000000 2.985770 3.003755 0.515300 4.327073 3.791588 3.296787 0.000000 0.094248 1.759292 3.257203 3.209765 2.840000 0.407150 1.254281 3.013808 3.305427 3.412241 2.530003 0.000000 3.031009 0.000000 1.272345 2.061199 1.692926 0.754296 1.272345 0.000000 1.759292 1.759292 2.754548 2.840000 3.161699 2.754548 2.178066 3.082845 4.832319 2.061199 4.725505 0.865901 1.038689 2.935504 3.480885 2.662814 3.417110 2.672867 2.611606 1.759292 1.759292 1.759292 0.407150 2.553486 2.473062 0.407150 0.407150 2.488455 2.530003 0.000000 2.343864 2.488455 1.038689 3.041062 2.436619 2.505734 0.636173 3.190916 0.636173 1.759292 1.759292 2.875186 2.553486 2.473062 2.769628 1.945274 0.407150 0.000000 0.636173 0.528102 2.635482 1.545899 0.515300 3.548743 1.272345 3.402659 1.800447 2.662814 1.584305 1.759292 1.759292 2.473062 2.754548 2.473062 0.407150 2.473062 0.000000 0.407150 2.611606 2.254093 0.000000 3.305427 0.000000 1.759527 2.972575 4.427761 0.958186 0.754296 3.417110 1.759292 1.759292 0.407150 2.473062 2.473062 0.407150 2.553486 3.161699 0.000000 0.000000 1.496341 3.417110 3.966418 0.933838 1.244228 3.417110 0.000000 1.496341 0.000000 2.646792 1.759292 1.759292 1.759292 0.407150 3.161699 2.432849 2.473062 2.473062 2.754548 2.905973 1.421571 3.088814 3.090699 3.844995 0.958186 1.614464 1.390469 1.594358 3.190916 2.585845 1.759292 1.759292 0.769769 1.420157 1.420157 0.000000 2.473062 2.840000 2.875186 3.076247 3.161699 0.000000 1.272345 1.272345 4.427761 1.272345 1.272345 0.000000 0.754296 3.492823 1.759292 1.759292 0.650388 3.156672 0.622114 1.449138 1.420157 0.650388 1.420157 0.407150 0.407150 2.473062 0.528102 1.272345 2.748579 0.430084 2.403318 3.190916 2.618832 3.156672 0.663661 1.420157 1.759292 1.824637 4.161982 2.041407 2.479738 0.933838 1.420157 0.000000 2.754548 2.473062 0.000000 2.792562 0.000000 2.905973 4.427761 3.156672 1.925168 3.669380 