Releaseoutput64/ParameterPackage/11/quervelu_BA_40.asc
ncols  20
nrows  20
xllcorner  0
yllcorner  0
cellsize  30
NODATA_value  -9999
0.000000 0.000000 0.000000 0.000000 0.000000 0.000000 0.000000 0.000000 0.000000 0.000000 0.000000 0.000000 0.000000 0.000000 0.000000 0.000000 1.086991 1.086991 1.086991 0.000000 0.000000 0.000000 0.000000 0.000000 0.000000 0.000000 0.000000 0.000000 0.000000 0.000000 0.000000 0.000000 0.000000 0.000000 0.000000 0.000000 1.086991 1.086991 0.000000 0.000000 0.000000 0.000000 1.086991 1.086991 1.086991 0.000000 0.000000 0.000000 0.000000 0.000000 0.000000 0.000000 0.000000 1.086991 1.086991 1.086991 1.086991 1.086991 1.086991 1.086991 0.000000 1.086991 1.086991 1.086991 1.086991 1.086991 1.086991 1.086991 1.086991 1.086991 1.086991 1.086991 1.086991 1.086991 0.000000 0.000000 0.000000 0.000000 0.000000 0.000000 1.086991 1.086991 1.086991 1.086991 1.086991 1.086991 1.086991 1.086991 1.086991 1.086991 0.000000 0.000000 0.000000 0.000000 0.000000 0.000000 0.364425 0.985203 2.898276 1.030599 1.086991 1.086991 1.086991 1.086991 1.086991 1.086991 0.000000 0.000000 0.000000 0.000000 0.000000 0.000000 1.759292 2.898276 3.927541 1.973627 1.469244 0.000000 0.000000 4.845200 1.086991 0.000000 0.000000 0.000000 0.000000 0.000000 0.000000 0.000000 0.933838 0.000000 0.000000 1.866342 0.000000 2.189454 1.604883 0.515300 1.040653 0.396076 2.928436 1.500739 0.000000 0.000000 0.000000 0.000000 1.759292 1.759292 0.000000 0.738981 2.061199 0.847130 0.847130 0.000000 3.227437 2.824920 0.418539 0.000000 2.189454 2.337816 2.694230 0.772203 1.759292 0.094248 1.759292 1.759292 1.759292 2.479738 2.713472 0.515300 2.061199 1.459191 1.459191 1.459191 0.502655 2.146336 2.164400 1.392589 0.663661 2.284880 0.653451 1.056203 0.094248 0.094248 0.094248 1.759292 0.321699 2.910371 1.459191 3.326868 0.622114 1.030599 0.622114 2.382977 0.899202 0.000000 2.870159 2.479738 0.418539 4.258036 3.200969 2.698628 0.000000 0.094248 1.759292 2.910371 2.722190 2.578619 0.321699 1.040653 2.489791 2.704754 2.801515 2.311427 0.899202 2.769628 0.000000 1.056203 2.189454 1.392589 0.636173 1.056203 0.000000 1.759292 1.759292 2.256920 2.578619 2.824920 2.503221 1.780969 3.227437 5.288636 2.005985 3.947647 0.738981 0.899202 2.824920 3.041376 2.748579 3.384752 2.230531 2.305615 1.759292 1.759292 1.759292 0.321699 2.322265 2.860106 0.321699 0.321699 2.061199 2.566603 0.000000 1.983209 2.061199 0.899202 2.669097 2.542491 2.264774 0.870221 3.178663 0.528102 1.759292 1.759292 2.322265 2.322265 2.860106 2.473062 1.980460 0.321699 0.000000 0.528102 0.430084 2.198172 1.674155 0.418539 2.880212 1.056203 2.746694 1.486287 2.220478 1.290252 1.759292 1.759292 2.860106 2.503221 2.860106 0.321699 2.860106 0.000000 0.321699 2.305615 1.887469 0.000000 2.704754 0.000000 1.449138 2.932677 3.729070 0.772203 0.636173 2.856650 1.759292 1.759292 0.321699 2.860106 2.860106 0.321699 2.075964 2.824920 0.000000 0.000000 1.212341 2.856650 3.305427 0.750369 1.030599 2.856650 0.000000 1.212341 0.000000 2.303102 1.759292 1.759292 1.759292 0.321699 2.578619 2.256920 2.860106 2.860106 2.256920 2.589929 1.359367 2.621659 2.776854 3.413026 0.772203 1.320411 1.164274 1.300305 3.178663 2.040464 1.759292 1.759292 0.650388 1.191449 1.191449 0.000000 2.860106 2.578619 2.322265 2.749522 2.824920 0.000000 1.056203 1.056203 3.729070 1.056203 1.056203 0.000000 0.636173 3.402659 1.759292 1.759292 0.541061 2.618832 0.647325 1.168908 1.191449 1.191449 1.191449 0.321699 0.321699 2.860106 0.430084 1.056203 2.248438 0.772203 2.190633 3.178663 2.131256 3.025982 0.510352 1.191449 1.759292 1.507964 3.433132 1.885741 2.005985 0.750369 1.191449 0.000000 2.503221 2.613805 0.000000 2.290221 0.000000 2.589929 3.729070 2.618832 1.553203 3.036035 