Releaseoutput64/ParameterPackage/11/queralba_BA_30.asc
ncols  20
nrows  20
xllcorner  0
yllcorner  0
cellsize  30
NODATA_value  -9999
0.000000 0.000000 0.000000 0.000000 0.000000 0.000000 0.000000 0.000000 0.000000 0.000000 0.000000 0.000000 0.000000 0.000000 0.000000 0.000000 0.055155 0.055155 0.055155 0.000000 0.000000 0.000000 0.000000 0.000000 0.000000 0.000000 0.000000 0.000000 0.000000 0.000000 0.000000 0.000000 0.000000 0.000000 0.000000 0.000000 0.055155 0.055155 0.000000 0.000000 0.000000 0.000000 0.055155 0.055155 0.055155 0.000000 0.000000 0.000000 0.000000 0.000000 0.000000 0.000000 0.000000 0.055155 0.055155 0.055155 0.055155 0.055155 0.055155 0.055155 0.000000 0.055155 0.055155 0.055155 0.055155 0.055155 0.055155 0.055155 0.055155 0.055155 0.055155 0.055155 0.055155 0.055155 0.000000 0.000000 0.000000 0.000000 0.000000 0.000000 0.055155 0.055155 0.055155 0.055155 0.055155 0.055155 0.055155 0.055155 0.055155 0.055155 0.000000 0.000000 0.000000 0.000000 0.000000 0.000000 1.197418 0.966000 0.000000 0.585868 0.055155 0.055155 0.055155 0.055155 0.055155 0.055155 0.000000 0.000000 0.000000 0.000000 0.000000 0.000000 0.688009 0.000000 0.000000 0.200296 0.644537 0.000000 0.000000 0.000000 0.055155 0.000000 0.000000 0.000000 0.000000 0.000000 0.000000 0.000000 1.107843 0.000000 1.918590 0.621505 0.000000 0.107521 0.667667 0.166190 1.188779 1.337631 0.000000 0.135265 0.000000 0.000000 0.000000 0.000000 0.688009 0.688009 0.000000 0.802932 0.301455 1.185578 0.242786 1.918590 0.000000 0.000000 1.188779 0.000000 0.135265 0.000000 0.128825 1.648079 0.688009 0.223956 0.688009 0.688009 0.688009 0.247184 0.000000 0.166190 0.495999 1.068534 0.332380 0.915067 0.000000 0.480310 0.397137 0.455806 0.817953 0.135265 1.926012 1.418802 0.223956 0.223956 0.223956 0.688009 0.485082 0.077931 0.911199 0.000000 0.716794 0.585868 1.517762 0.000000 1.342324 0.000000 0.128825 0.220932 1.584266 0.000000 0.000000 0.173494 0.215042 0.223956 0.688009 0.077931 0.000000 0.233793 0.459635 1.149843 0.000000 0.000000 0.000000 0.000000 1.342324 0.000000 0.000000 1.560665 0.166190 0.455806 1.857820 1.447253 0.215042 0.688009 0.688009 0.233793 0.311725 0.077931 0.311725 0.455806 0.000000 0.000000 0.166190 0.000000 0.880961 1.342324 0.000000 0.000000 0.659342 0.000000 1.018877 0.141863 0.688009 0.688009 0.688009 0.459635 0.233793 0.000000 0.485082 0.407150 0.332380 0.000000 0.200296 0.413316 0.397137 1.342324 0.128825 0.744125 0.173494 1.471915 0.141863 1.560665 0.688009 0.688009 0.077931 0.233793 0.000000 0.233793 0.545518 0.485082 0.407150 0.678250 1.811599 0.498571 0.273711 1.198655 0.128825 0.343415 0.173494 1.100657 0.208307 1.404429 0.688009 0.688009 0.000000 0.233793 0.000000 0.459635 0.000000 0.407150 0.407150 0.141863 0.617382 0.296449 0.043374 0.923452 0.286160 0.000000 0.000000 1.582027 1.857820 0.429338 0.688009 0.688009 0.485082 0.000000 0.000000 0.459635 0.233793 0.077931 1.268929 0.000000 1.553302 0.141863 0.000000 0.882120 0.585868 0.141863 0.000000 1.534000 1.810245 0.173494 0.688009 0.688009 0.688009 0.485082 0.077931 0.389656 0.000000 0.000000 0.155862 0.113411 1.012123 0.000000 0.000000 0.000000 1.616664 1.233154 1.516702 1.263607 0.208307 0.623960 0.688009 0.688009 1.424496 1.431918 1.424496 1.954817 0.000000 0.233793 0.077931 0.000000 0.077931 0.000000 1.560665 0.343415 0.000000 0.343415 1.560665 1.268929 1.857820 0.000000 0.688009 0.688009 1.801605 0.101788 1.298597 1.000322 1.424496 1.424496 1.452771 0.459635 0.459635 0.000000 1.846235 1.472523 0.558477 1.648079 0.419795 0.000000 0.556651 0.351485 0.381232 1.424496 0.688009 0.990839 0.000000 0.405796 0.322563 1.341087 1.475567 1.759194 0.155862 0.000000 0.758734 0.359712 0.758734 0.113411 0.000000 0.186080 1.280297 0.128825 