Releaseoutput64/ParameterPackage/11/queralba_BA_20.asc
ncols  20
nrows  20
xllcorner  0
yllcorner  0
cellsize  30
NODATA_value  -9999
0.000000 0.000000 0.000000 0.000000 0.000000 0.000000 0.000000 0.000000 0.000000 0.000000 0.000000 0.000000 0.000000 0.000000 0.000000 0.000000 0.055155 0.055155 0.055155 0.000000 0.000000 0.000000 0.000000 0.000000 0.000000 0.000000 0.000000 0.000000 0.000000 0.000000 0.000000 0.000000 0.000000 0.000000 0.000000 0.000000 0.055155 0.055155 0.000000 0.000000 0.000000 0.000000 0.055155 0.055155 0.055155 0.000000 0.000000 0.000000 0.000000 0.000000 0.000000 0.000000 0.000000 0.055155 0.055155 0.055155 0.055155 0.055155 0.055155 0.055155 0.000000 0.055155 0.055155 0.055155 0.055155 0.055155 0.055155 0.055155 0.055155 0.055155 0.055155 0.055155 0.055155 0.055155 0.000000 0.000000 0.000000 0.000000 0.000000 0.000000 0.055155 0.055155 0.055155 0.055155 0.055155 0.055155 0.055155 0.055155 0.055155 0.055155 0.000000 0.000000 0.000000 0.000000 0.000000 0.000000 1.197418 0.966000 0.000000 0.486731 0.055155 0.055155 0.055155 0.055155 0.055155 0.055155 0.000000 0.000000 0.000000 0.000000 0.000000 0.000000 0.688009 0.000000 0.043374 0.273711 0.739335 0.000000 0.000000 0.259299 0.055155 0.000000 0.000000 0.000000 0.000000 0.000000 0.000000 0.000000 1.199519 0.000000 1.605275 0.751763 0.000000 0.528946 0.950096 0.135265 0.972303 1.108236 0.135265 0.455256 0.000000 0.000000 0.000000 0.000000 0.688009 0.688009 0.000000 0.950096 0.535111 0.950862 0.190479 1.605275 0.000000 0.308544 1.107568 0.000000 0.169096 0.200296 0.281506 1.565259 0.688009 0.223956 0.688009 0.688009 0.688009 0.194072 0.082958 0.135265 0.698258 1.190526 0.784731 1.107568 0.000000 0.524842 0.616302 0.369392 0.651488 0.675580 1.945097 1.250884 0.223956 0.223956 0.223956 0.688009 0.286278 0.114511 0.881708 0.000000 0.574892 0.486731 1.455500 0.000000 1.135568 0.000000 0.101788 0.149010 1.216700 0.107521 0.000000 0.425588 0.165915 0.223956 0.688009 0.186080 0.372848 0.300592 0.286278 1.125750 0.000000 0.215042 0.061575 0.059887 1.135568 0.090655 0.000000 1.250884 0.135265 0.369392 1.522966 1.250884 0.165915 0.688009 0.688009 0.357847 0.415103 0.243336 0.415103 0.777898 0.107521 0.107521 0.378051 0.373182 0.960738 1.135568 0.101788 0.000000 0.539176 0.359712 0.920408 0.340234 0.688009 0.688009 0.688009 0.286278 0.357847 0.065208 0.286278 0.286278 0.648582 0.000000 0.166190 0.480369 0.745205 1.135568 0.644125 0.686831 0.457220 1.631095 0.598689 1.250884 0.688009 0.688009 0.128825 0.357847 0.079522 0.343533 0.586869 0.286278 0.286278 0.554903 1.697344 0.719700 0.218223 0.961681 0.305363 0.267605 0.283725 1.184577 0.435130 1.280513 0.688009 0.688009 0.079522 0.286278 0.079522 0.286278 0.079522 0.286278 0.286278 0.482097 0.809530 0.239546 0.378601 0.747444 0.235345 0.239723 0.000000 1.555854 1.522966 0.681038 0.688009 0.688009 0.286278 0.079522 0.079522 0.286278 0.357847 0.114511 1.060052 0.000000 1.570836 0.434738 0.000000 0.822292 0.486731 0.425764 0.000000 1.325143 1.491550 0.413002 0.688009 0.688009 0.688009 0.286278 0.186080 0.472358 0.079522 0.079522 0.243336 0.088141 1.184577 0.000000 0.000000 0.000000 1.565259 1.449177 1.692592 1.372680 0.261636 0.818719 0.688009 0.688009 1.452947 1.426970 1.469382 1.469382 0.079522 0.343533 0.128825 0.128825 0.128825 0.000000 1.250884 0.267605 0.000000 0.267605 1.250884 1.060052 1.491550 0.315357 0.688009 0.688009 1.469382 0.626630 1.189643 1.057558 1.469382 1.469382 1.467968 0.286278 0.286278 0.065208 1.565259 1.250884 0.781510 1.565259 0.413002 0.343415 0.777721 0.429416 0.301181 1.469382 0.688009 0.924041 0.014314 0.422034 0.458162 1.312518 1.469382 1.607926 0.229022 0.039761 0.663661 0.359280 0.663661 0.088141 0.000000 0.653667 1.337553 0.467587 