Releaseoutput64/ParameterPackage/11/quervelu_IV_10.asc
ncols  20
nrows  20
xllcorner  0
yllcorner  0
cellsize  30
NODATA_value  -9999
0 0 0 0 0 0 0 0 0 0 0 0 0 0 0 0 1.896154 1.896154 1.896154 0 0 0 0 0 0 0 0 0 0 0 0 0 0 0 0 0 1.896154 1.896154 0 0 0 0 1.896154 1.896154 1.896154 0 0 0 0 0 0 0 0 1.896154 1.896154 1.896154 1.896154 1.896154 1.896154 1.896154 0 1.896154 1.896154 1.896154 1.896154 1.896154 1.896154 1.896154 1.896154 1.896154 1.896154 1.896154 1.896154 1.896154 0 0 0 0 0 0 1.896154 1.896154 1.896154 1.896154 1.896154 1.896154 1.896154 1.896154 1.896154 1.896154 0 0 0 0 0 0 0.251130 1.056645 1.733556 0.962378 1.896154 1.896154 1.896154 1.896154 1.896154 1.896154 0 0 0 0 0 0 1.257332 1.588084 1.676747 1.675304 1.069062 0 0 1.618357 1.896154 0 0 0 0 0 0 0 0.517381 0 0.000000 0.861898 0 1.134779 0.576878 1.203551 0.497652 0.687542 1.431819 1.109855 0 0 0 0 1.257332 1.257332 0 0.576878 0.866410 0.661258 1.228186 0.000000 1.818748 1.557478 0.633401 0 1.479258 1.577477 1.275961 0.264421 1.257332 1.257332 1.257332 1.257332 1.257332 1.464989 1.538680 1.203551 0.819533 0.551171 0.833800 0.674520 2.000000 1.129210 1.109855 1.196887 0.593745 0.586880 0.180053 0.505068 1.257332 1.257332 1.257332 1.257332 0.090095 1.076605 0.715267 1.774891 0.591696 0.962378 0.247664 1.848387 0.506239 0 1.766144 1.532031 0.375116 1.751145 1.858111 1.310891 0.000000 1.257332 1.257332 1.058197 1.570472 0.942453 0.090095 0.410377 1.774891 1.520736 1.847253 1.584886 0.506239 1.484326 0 0.505068 1.394042 1.196887 0.272766 0.505068 0.000000 1.257332 1.257332 0.900946 0.888563 1.058197 0.994335 0.681921 1.818748 1.752136 1.232584 1.402975 0.732008 0.506239 1.586340 1.913256 1.449575 1.358509 0.661105 1.698190 1.257332 1.257332 1.257332 0.090095 1.065293 1.791592 0.090095 0.090095 0.943203 1.664657 0.000000 0.958768 0.880844 0.506239 0.906510 1.248788 0.965503 0.324668 1.194116 0.505068 1.257332 1.257332 1.065293 1.065293 1.782412 0.914559 0.994335 0.090095 0.090095 0.572918 0.264421 0.851046 1.299707 0.300204 1.362888 1.124103 1.361818 0.588427 1.059992 0.864506 1.257332 1.257332 1.782412 1.075627 1.782412 0.090095 1.782412 0.090095 0.090095 1.657908 0.791229 0.000000 0.936403 0.000000 0.963810 1.290004 1.858111 0.264421 0.272766 1.293137 1.257332 1.257332 0.090095 1.782412 1.782412 0.090095 0.914559 1.076605 0.000000 0.000000 0.441969 1.293137 1.688352 0.923471 0.962378 1.449575 0.000000 0.444459 0.272766 1.284819 1.257332 1.257332 1.257332 0.090095 1.060679 0.868102 1.782412 1.782412 1.065293 1.885039 0.645348 1.750360 1.911422 1.913256 0.264421 0.357951 0.487299 0.441969 1.047577 0.781605 1.257332 1.257332 0.407103 0.407103 0.407103 0.407103 1.782412 1.004247 1.065293 1.065293 1.065293 0.000000 0.505068 1.124103 1.858111 1.124103 0.505068 0.000000 0.272766 1.292572 1.257332 1.257332 0.407103 1.002957 0.853713 0.426882 0.407103 0.407103 0.407103 0.090095 0.090095 1.791592 0.264421 0.505068 1.056907 0.264421 1.295047 1.254696 0.835597 1.018769 0.315990 0.407103 1.257332 0.516595 1.455347 1.299607 0.847633 0.263967 0.407103 0.407103 1.076605 1.790711 0.000000 1.315108 0.000000 1.885039 1.858111 0.948808 0.536065 1.374969 