Releaseoutput64/ParameterPackage/11/quervelu_IV_20.asc
ncols  20
nrows  20
xllcorner  0
yllcorner  0
cellsize  30
NODATA_value  -9999
0 0 0 0 0 0 0 0 0 0 0 0 0 0 0 0 1.896154 1.896154 1.896154 0 0 0 0 0 0 0 0 0 0 0 0 0 0 0 0 0 1.896154 1.896154 0 0 0 0 1.896154 1.896154 1.896154 0 0 0 0 0 0 0 0 1.896154 1.896154 1.896154 1.896154 1.896154 1.896154 1.896154 0 1.896154 1.896154 1.896154 1.896154 1.896154 1.896154 1.896154 1.896154 1.896154 1.896154 1.896154 1.896154 1.896154 0 0 0 0 0 0 1.896154 1.896154 1.896154 1.896154 1.896154 1.896154 1.896154 1.896154 1.896154 1.896154 0 0 0 0 0 0 0.251130 1.056645 2.000000 0.976900 1.896154 1.896154 1.896154 1.896154 1.896154 1.896154 0 0 0 0 0 0 1.257332 2.000000 1.873836 1.720380 1.117609 0 0 1.802551 1.896154 0 0 0 0 0 0 0 0.630216 0 0.000000 0.783395 0 1.289932 0.667775 1.210412 0.547108 0.778679 1.809087 1.361445 0 0 0 0 1.257332 1.257332 0 0.667775 1.163971 0.578277 1.232054 0.000000 2.000000 1.611102 0.506996 0 1.654831 1.784500 1.710788 0.277344 1.257332 0.496187 1.257332 1.257332 1.257332 1.453408 1.737309 1.210412 0.905280 0.688276 1.047932 0.686662 2.000000 1.541423 1.100917 1.204908 0.616649 0.998696 0.244415 0.507436 0.496187 0.496187 0.496187 1.257332 0.089152 1.671646 0.649393 2.000000 0.587973 0.976900 0.273335 2.000000 0.507025 0 1.882271 1.473237 0.452628 1.855454 2.000000 1.557143 0.000000 0.496187 1.257332 1.609177 1.500256 1.312377 0.089152 0.455364 2.000000 1.674787 1.845365 1.828320 0.507025 1.758255 0 0.507436 1.807305 1.204908 0.257249 0.507436 0.000000 1.257332 1.257332 1.217244 1.205134 1.396560 1.199862 0.936364 1.786524 1.882495 1.513867 1.613399 0.886427 0.507025 1.847329 2.000000 1.387231 1.611027 0.978029 1.780701 1.257332 1.257332 1.257332 0.089152 1.241811 1.948933 0.089152 0.089152 1.200352 2.000000 0.000000 1.237897 0.948129 0.507025 1.327855 1.158436 1.254328 0.430586 1.320507 0.507436 1.257332 1.257332 1.620586 1.241811 1.928708 1.266090 1.078340 0.089152 0.089152 0.581394 0.156432 1.067405 1.672919 0.309701 1.654770 1.118856 1.707180 0.751292 1.337583 0.894299 1.257332 1.257332 1.928708 1.385023 1.928708 0.089152 1.927410 0.089152 0.089152 1.709936 1.116501 0.000000 1.191477 0.000000 1.350358 1.744160 2.000000 0.277185 0.257249 1.234753 1.257332 1.257332 0.089152 1.928708 1.928708 0.089152 1.272589 1.671646 0.000000 0.000000 0.438703 1.427322 2.000000 1.089916 0.976900 1.496947 0.000000 0.603755 0.262273 1.429838 1.257332 1.257332 1.257332 0.089152 1.559807 1.165022 1.928708 1.928708 1.329234 1.895613 0.790424 2.000000 2.000000 2.000000 0.277344 0.456794 0.426523 0.595140 1.379861 1.162612 1.257332 1.257332 0.417986 0.416427 0.415419 0.415419 1.928708 1.277494 1.620586 1.620586 1.675752 0.000000 0.507436 1.118856 2.000000 1.118856 0.507436 0.000000 0.262273 1.650436 1.257332 1.257332 0.415419 1.191416 0.832739 0.561398 0.415419 0.415419 0.413623 0.089152 0.089152 1.948933 0.277344 0.507436 1.204088 0.277344 1.429838 1.571399 0.934380 1.418786 0.320779 0.415419 1.257332 0.915374 1.883040 1.526199 1.253147 0.377441 0.415419 0.244948 1.357768 1.972400 0.000000 1.506249 0.000000 1.895613 2.000000 1.130118 0.563957 1.298213 