Releaseoutput64/ParameterPackage/11/quervelu_BA_20.asc
ncols  20
nrows  20
xllcorner  0
yllcorner  0
cellsize  30
NODATA_value  -9999
0.000000 0.000000 0.000000 0.000000 0.000000 0.000000 0.000000 0.000000 0.000000 0.000000 0.000000 0.000000 0.000000 0.000000 0.000000 0.000000 1.086991 1.086991 1.086991 0.000000 0.000000 0.000000 0.000000 0.000000 0.000000 0.000000 0.000000 0.000000 0.000000 0.000000 0.000000 0.000000 0.000000 0.000000 0.000000 0.000000 1.086991 1.086991 0.000000 0.000000 0.000000 0.000000 1.086991 1.086991 1.086991 0.000000 0.000000 0.000000 0.000000 0.000000 0.000000 0.000000 0.000000 1.086991 1.086991 1.086991 1.086991 1.086991 1.086991 1.086991 0.000000 1.086991 1.086991 1.086991 1.086991 1.086991 1.086991 1.086991 1.086991 1.086991 1.086991 1.086991 1.086991 1.086991 0.000000 0.000000 0.000000 0.000000 0.000000 0.000000 1.086991 1.086991 1.086991 1.086991 1.086991 1.086991 1.086991 1.086991 1.086991 1.086991 0.000000 0.000000 0.000000 0.000000 0.000000 0.000000 0.364425 0.985203 2.092850 0.663661 1.086991 1.086991 1.086991 1.086991 1.086991 1.086991 0.000000 0.000000 0.000000 0.000000 0.000000 0.000000 1.759292 2.169505 2.838115 1.416151 1.194119 0.000000 0.000000 4.698016 1.086991 0.000000 0.000000 0.000000 0.000000 0.000000 0.000000 0.000000 0.685181 0.000000 0.000000 1.255616 0.000000 1.541108 1.137414 0.331831 0.673715 0.675442 1.916921 1.596479 0.000000 0.000000 0.000000 0.000000 1.759292 1.759292 0.000000 1.137414 1.582499 0.852236 0.520405 0.000000 2.189454 2.347398 0.673715 0.000000 1.607710 1.718451 2.015646 0.460557 1.759292 0.094248 1.759292 1.759292 1.759292 1.914329 2.153169 0.331831 1.327323 0.928890 1.444190 0.928890 0.502655 1.744212 1.264648 0.882395 0.377148 1.510792 0.371965 0.684239 0.094248 0.094248 0.094248 1.759292 0.180956 2.397663 0.928890 2.358079 0.418539 0.663661 0.418539 2.092850 0.650388 0.000000 2.392637 1.914329 0.673715 3.108292 2.512646 2.075964 0.000000 0.094248 1.759292 2.397663 1.867677 2.151363 0.180956 0.673715 2.102904 1.872939 2.016196 2.017845 0.650388 2.080991 0.000000 0.684239 1.862886 0.882395 0.430084 0.684239 0.000000 1.759292 1.759292 2.091044 2.025699 2.272000 2.025699 1.239437 2.189454 3.935316 1.653027 3.325847 1.189014 0.650388 2.347398 2.521756 1.994911 2.228646 1.466495 2.511703 1.759292 1.759292 1.759292 0.180956 2.075964 4.182088 0.180956 0.180956 1.515897 2.017845 0.000000 1.352377 1.327323 0.650388 1.829664 1.632686 1.783482 0.734819 2.062770 0.684239 1.759292 1.759292 2.397663 2.075964 4.182088 2.075964 1.824637 0.180956 0.180956 0.342119 0.264208 1.444190 1.862886 0.255176 2.362478 0.684239 2.272314 1.107726 2.062770 1.331093 1.759292 1.759292 4.182088 2.216708 4.182088 0.180956 4.101663 0.180956 0.180956 2.511703 1.426283 0.000000 1.684365 0.000000 1.337376 2.448557 2.854765 0.460557 0.430084 1.886526 1.759292 1.759292 0.180956 4.182088 4.182088 0.180956 2.075964 2.397663 0.000000 0.000000 0.734819 2.082876 2.164400 1.182888 0.663661 2.082876 0.000000 0.999026 0.430084 1.533726 1.759292 1.759292 1.759292 0.180956 2.397663 1.970407 4.182088 4.182088 2.216708 1.716880 1.002796 2.209168 2.632969 2.521756 0.460557 0.822783 0.772203 0.999026 2.062770 1.426283 1.759292 1.759292 0.794352 0.794352 0.794352 0.794352 4.182088 2.146336 2.397663 2.397663 2.397663 0.000000 0.684239 0.684239 2.512646 0.684239 0.684239 0.000000 0.430084 2.161102 1.759292 1.759292 0.794352 2.015646 0.675442 0.698926 0.794352 0.794352 0.794352 0.180956 0.180956 4.182088 0.460557 0.684239 1.859509 0.460557 1.533726 2.326978 1.487858 1.940248 0.264051 0.794352 1.759292 1.286796 2.432849 1.368478 1.397852 0.443750 0.794352 0.441786 2.216708 4.182088 0.000000 1.778456 0.000000 1.716880 2.512646 2.015646 0.929911 1.950301 