Releaseoutput64/ParameterPackage/11/queralba_BA_10.asc
ncols  20
nrows  20
xllcorner  0
yllcorner  0
cellsize  30
NODATA_value  -9999
0.000000 0.000000 0.000000 0.000000 0.000000 0.000000 0.000000 0.000000 0.000000 0.000000 0.000000 0.000000 0.000000 0.000000 0.000000 0.000000 0.055155 0.055155 0.055155 0.000000 0.000000 0.000000 0.000000 0.000000 0.000000 0.000000 0.000000 0.000000 0.000000 0.000000 0.000000 0.000000 0.000000 0.000000 0.000000 0.000000 0.055155 0.055155 0.000000 0.000000 0.000000 0.000000 0.055155 0.055155 0.055155 0.000000 0.000000 0.000000 0.000000 0.000000 0.000000 0.000000 0.000000 0.055155 0.055155 0.055155 0.055155 0.055155 0.055155 0.055155 0.000000 0.055155 0.055155 0.055155 0.055155 0.055155 0.055155 0.055155 0.055155 0.055155 0.055155 0.055155 0.055155 0.055155 0.000000 0.000000 0.000000 0.000000 0.000000 0.000000 0.055155 0.055155 0.055155 0.055155 0.055155 0.055155 0.055155 0.055155 0.055155 0.055155 0.000000 0.000000 0.000000 0.000000 0.000000 0.000000 1.197418 0.966000 0.126331 0.397137 0.055155 0.055155 0.055155 0.055155 0.055155 0.055155 0.000000 0.000000 0.000000 0.000000 0.000000 0.000000 0.688009 0.157060 0.156785 0.344554 0.852059 0.000000 0.000000 0.646226 0.055155 0.000000 0.000000 0.000000 0.000000 0.000000 0.000000 0.000000 1.179982 0.000000 1.320588 0.601968 0.000000 0.539431 0.938728 0.107521 0.885615 1.088091 0.341373 0.565487 0.000000 0.000000 0.000000 0.000000 0.688009 0.688009 0.000000 0.938728 0.584631 0.797120 0.144533 1.320588 0.082958 0.314905 0.885615 0.000000 0.270864 0.344829 0.469177 1.157363 0.688009 0.688009 0.688009 0.688009 0.688009 0.136365 0.061575 0.107521 0.560264 1.183143 0.860580 0.885615 0.000000 0.922450 0.565487 0.292522 0.504108 1.575587 1.830586 0.976093 0.688009 0.688009 0.688009 0.688009 0.141548 0.456454 0.691995 0.086747 0.448894 0.397137 1.254340 0.043374 0.947897 0.000000 0.213118 0.092991 1.155203 0.248873 0.113411 0.680253 0.123150 0.688009 0.688009 0.502576 0.307817 0.621859 0.141548 0.989013 0.086747 0.270864 0.043374 0.144827 0.947897 0.333991 0.000000 0.976093 0.393681 0.292522 1.101109 0.976093 0.123150 0.688009 0.688009 0.661619 0.701380 0.502576 0.542337 0.853924 0.082958 0.248873 0.531852 0.673970 1.009040 0.947897 0.314905 0.066052 0.431733 0.545145 1.341813 0.642259 0.688009 0.688009 0.688009 0.141548 0.462815 0.254469 0.141548 0.141548 0.765096 0.108621 0.135265 0.864507 0.694390 0.947897 0.909727 0.535210 0.415829 1.533922 0.582353 0.976093 0.688009 0.688009 0.462815 0.462815 0.260831 0.661619 0.542337 0.141548 0.141548 0.444280 1.157363 0.801911 0.424940 0.753334 0.526433 0.201337 0.633109 1.196299 0.570022 1.134429 0.688009 0.688009 0.260831 0.502576 0.260831 0.141548 0.260831 0.141548 0.141548 0.755671 0.988384 0.189006 0.452684 0.590521 0.693487 0.478504 0.113411 1.157363 1.101109 0.545145 0.688009 0.688009 0.141548 0.260831 0.260831 0.141548 0.661619 0.456454 0.870260 0.000000 1.363549 0.545145 0.190479 0.975209 0.397137 0.431733 0.000000 1.388761 1.101109 0.522781 0.688009 0.688009 0.688009 0.141548 0.502576 0.701380 0.260831 0.260831 0.462815 0.066052 1.196299 0.248480 0.066052 0.066052 1.157363 1.435453 1.473917 1.363549 0.617382 1.044933 0.688009 0.688009 1.147054 1.147054 1.147054 1.147054 0.260831 0.535975 0.462815 0.462815 0.462815 0.000000 0.976093 0.201337 0.113411 0.201337 0.976093 0.870260 1.101109 0.690012 0.688009 0.688009 1.147054 0.612316 1.195180 1.109650 1.147054 1.147054 1.147054 0.141548 0.141548 0.254469 1.157363 0.976093 0.850704 1.157363 0.541650 0.582353 0.795216 0.796806 0.230671 1.147054 0.688009 1.571346 0.240155 0.697866 0.793920 1.356088 1.147054 1.147054 0.456454 0.246517 0.574951 0.503911 0.574951 0.066052 0.113411 0.704561 1.025828 0.354666 