Releaseoutput64/ParameterPackage/11/quervelu_IV_30.asc
ncols  20
nrows  20
xllcorner  0
yllcorner  0
cellsize  30
NODATA_value  -9999
0 0 0 0 0 0 0 0 0 0 0 0 0 0 0 0 1.896154 1.896154 1.896154 0 0 0 0 0 0 0 0 0 0 0 0 0 0 0 0 0 1.896154 1.896154 0 0 0 0 1.896154 1.896154 1.896154 0 0 0 0 0 0 0 0 1.896154 1.896154 1.896154 1.896154 1.896154 1.896154 1.896154 0 1.896154 1.896154 1.896154 1.896154 1.896154 1.896154 1.896154 1.896154 1.896154 1.896154 1.896154 1.896154 1.896154 0 0 0 0 0 0 1.896154 1.896154 1.896154 1.896154 1.896154 1.896154 1.896154 1.896154 1.896154 1.896154 0 0 0 0 0 0 0.251130 1.056645 2.000000 0.988271 1.896154 1.896154 1.896154 1.896154 1.896154 1.896154 0 0 0 0 0 0 1.257332 2.000000 2.000000 1.811185 1.148476 0 0 2.000000 1.896154 0 0 0 0 0 0 0 0.730046 0 0.000000 0.963249 0 1.775320 0.876084 1.215782 0.555152 0.652273 2.000000 1.788930 0 0 0 0 1.257332 1.257332 0 0.811633 1.514078 0.448268 1.235094 0.000000 2.000000 2.000000 0.555152 0 1.796019 2.000000 1.864536 0.340381 1.257332 0.496187 1.257332 1.257332 1.257332 1.445850 2.000000 1.215782 1.271445 0.857900 1.510872 0.868848 2.000000 1.602799 1.475873 1.211190 0.634213 1.732804 0.340301 0.544104 0.496187 0.496187 0.496187 1.257332 0.102581 1.872339 0.764053 2.000000 0.584898 0.988271 0.324888 2.000000 0.507315 0 1.862033 1.400790 0.232004 2.000000 2.000000 1.808233 0.000000 0.496187 1.257332 1.842395 2.000000 1.467208 0.101577 0.536518 2.000000 2.000000 2.000000 2.000000 0.507315 2.000000 0 0.509165 1.783079 1.211190 0.264819 0.539450 0.000000 1.257332 1.257332 1.430246 1.346846 1.871579 1.438144 1.328964 2.000000 2.000000 1.777264 2.000000 0.580561 0.507315 2.000000 2.000000 1.328805 2.000000 1.042158 1.866152 1.257332 1.257332 1.257332 0.101577 1.407065 2.000000 0.101852 0.100470 1.501018 2.000000 0.000000 1.399947 1.379695 0.507315 1.847007 1.234864 1.608962 0.594377 1.805225 0.509165 1.257332 1.257332 1.841333 1.407065 2.000000 1.503483 1.204228 0.101864 0.000000 0.588045 0.192184 1.354625 1.495708 0.316814 1.821565 1.114673 1.828284 0.807419 1.654235 0.842511 1.257332 1.257332 2.000000 1.484769 2.000000 0.101577 2.000000 0.100548 0.100548 1.866152 1.252962 0.000000 1.837497 0.000000 1.303336 2.000000 2.000000 0.351144 0.264819 1.559614 1.257332 1.257332 0.102199 2.000000 2.000000 0.101577 1.407065 1.871579 0.000000 0.000000 0.558069 1.805604 2.000000 1.038852 0.988271 1.805604 0.000000 0.551220 0.000000 1.695573 1.257332 1.257332 1.257332 0.101864 1.858459 1.277238 2.000000 2.000000 1.502130 1.890150 1.055205 2.000000 2.000000 2.000000 0.346827 0.623833 0.524045 0.773884 1.654235 1.347925 1.257332 1.257332 0.508270 0.493972 0.508270 0.000000 2.000000 1.420387 1.841333 2.000000 1.841333 0.000000 0.509165 1.114673 2.000000 1.114673 0.509165 0.000000 0.264819 2.000000 1.257332 1.257332 0.235389 1.818590 0.675391 0.662962 0.508270 0.508270 0.498769 0.101577 0.101577 2.000000 0.189670 0.535412 1.459759 0.340381 1.631490 2.000000 1.268290 1.624668 0.323104 0.508270 1.257332 0.852121 2.000000 1.567319 1.517348 0.459647 0.495027 0.273679 1.502130 2.000000 0.000000 1.641970 0.000000 1.890150 2.000000 1.681701 0.723533 1.807439 