Releaseoutput64/ParameterPackage/11/queralba_IV_30.asc
ncols  20
nrows  20
xllcorner  0
yllcorner  0
cellsize  30
NODATA_value  -9999
0 0 0 0 0 0 0 0 0 0 0 0 0 0 0 0 0.103846 0.103846 0.103846 0 0 0 0 0 0 0 0 0 0 0 0 0 0 0 0 0 0.103846 0.103846 0 0 0 0 0.103846 0.103846 0.103846 0 0 0 0 0 0 0 0 0.103846 0.103846 0.103846 0.103846 0.103846 0.103846 0.103846 0 0.103846 0.103846 0.103846 0.103846 0.103846 0.103846 0.103846 0.103846 0.103846 0.103846 0.103846 0.103846 0.103846 0 0 0 0 0 0 0.103846 0.103846 0.103846 0.103846 0.103846 0.103846 0.103846 0.103846 0.103846 0.103846 0 0 0 0 0 0 1.593725 0.943355 0.000000 1.011729 0.103846 0.103846 0.103846 0.103846 0.103846 0.103846 0 0 0 0 0 0 0.742668 0.000000 0.000000 0.188815 0.851524 0 0 0.000000 0.103846 0 0 0 0 0 0 0 1.269954 0 2.000000 1.036751 0 0.224680 0.932117 0.784218 1.160264 1.347727 0.000000 0.211070 0 0 0 0 0.742668 0.742668 0 1.014370 0.485922 1.478391 0.764906 2.000000 0.000000 0.000000 1.160264 0 0.203981 0.000000 0.135464 1.659619 0.742668 1.503813 0.742668 0.742668 0.742668 0.554150 0.000000 0.784218 0.728555 1.142100 0.489128 0.971203 0.000000 0.397201 0.524127 0.788810 1.365787 0.267196 1.659699 1.455896 1.503813 1.503813 1.503813 0.742668 0.410787 0.127661 1.235947 0.000000 1.415102 1.011729 1.675112 0.000000 1.492685 0 0.137967 0.599210 1.767996 0.000000 0.000000 0.191767 2.000000 1.503813 0.742668 0.157605 0.000000 0.342383 0.385861 1.371070 0.000000 0.000000 0.000000 0.000000 1.492685 0.000000 0 1.490835 0.216921 0.788810 1.735181 1.460550 2.000000 0.742668 0.742668 0.446343 0.461738 0.128421 0.397460 0.671036 0.000000 0.000000 0.222736 0.000000 1.419439 1.492685 0.000000 0.000000 0.671195 0.000000 0.957842 0.133848 0.742668 0.742668 0.742668 0.385861 0.382823 0.000000 0.406492 0.350018 0.498982 0.000000 0.229806 0.600053 0.620305 1.492685 0.152993 0.765136 0.141591 1.405623 0.194775 1.490835 0.742668 0.742668 0.158667 0.382823 0.000000 0.319793 0.647629 0.409376 0.359096 1.411955 1.807816 0.645375 0.504292 1.683186 0.178435 0.885327 0.171716 0.963824 0.197710 1.157489 0.742668 0.742668 0.000000 0.403920 0.000000 0.385861 0.000000 0.352536 0.352536 0.133848 0.563882 2.000000 0.162503 2.000000 0.696664 0.000000 0.000000 1.648856 1.735181 0.440386 0.742668 0.742668 0.410035 0.000000 0.000000 0.385861 0.382823 0.128421 2.000000 0.000000 1.441931 0.194396 0.000000 0.961148 1.011729 0.194396 0.000000 1.448780 2.000000 0.122108 0.742668 0.742668 0.742668 0.409376 0.141541 0.544294 0.000000 0.000000 0.270639 0.109850 0.837477 0.000000 0.000000 0.000000 1.653173 1.049447 1.355215 1.226116 0.197710 0.557939 0.742668 0.742668 1.491730 1.506028 1.491730 2.000000 0.000000 0.372225 0.158667 0.000000 0.158667 0.000000 1.490835 0.885327 0.000000 0.885327 1.490835 2.000000 1.735181 0.000000 0.742668 0.742668 1.764611 0.181410 1.324609 0.949584 1.491730 1.491730 1.501231 0.385861 0.385861 0.000000 1.810330 1.464588 0.540241 1.659619 0.275320 0.000000 0.480107 0.375332 0.353044 1.491730 0.742668 1.147879 0.000000 0.432681 0.482652 1.419349 1.504973 1.726321 0.270639 0.000000 2.000000 0.260893 2.000000 0.109850 0.000000 0.318299 1.276467 0.192561 