Releaseoutput64/ParameterPackage/11/quervelu_IV_0.asc
ncols  20
nrows  20
xllcorner  0
yllcorner  0
cellsize  30
NODATA_value  -9999
0 0 0 0 0 0 0 0 0 0 0 0 0 0 0 0 1.896154 1.896154 1.896154 0 0 0 0 0 0 0 0 0 0 0 0 0 0 0 0 0 1.896154 1.896154 0 0 0 0 1.896154 1.896154 1.896154 0 0 0 0 0 0 0 0 1.896154 1.896154 1.896154 1.896154 1.896154 1.896154 1.896154 0 1.896154 1.896154 1.896154 1.896154 1.896154 1.896154 1.896154 1.896154 1.896154 1.896154 1.896154 1.896154 1.896154 0 0 0 0 0 0 1.896154 1.896154 1.896154 1.896154 1.896154 1.896154 1.896154 1.896154 1.896154 1.896154 0 0 0 0 0 0 0.251130 1.056645 1.265591 0.943259 1.896154 1.896154 1.896154 1.896154 1.896154 1.896154 0 0 0 0 0 0 1.257332 1.116225 1.298322 1.497099 0.951959 0 0 1.444211 1.896154 0 0 0 0 0 0 0 0.566199 0 0.000000 0.910888 0 1.124366 0.365038 1.194483 0.616700 0.566199 1.510999 0.673378 0 0 0 0 1.257332 1.257332 0 0.365038 0.731637 0.601296 1.223129 0.000000 1.432745 1.424229 0.616700 0 1.014660 1.550488 0.743455 0.298773 1.257332 1.257332 1.257332 1.257332 1.257332 1.033714 1.135576 1.194483 0.731637 0.508300 0.508300 0.616700 2.000000 1.071471 0.673378 1.186374 0.562796 0.462552 0.157943 0.501678 1.257332 1.257332 1.257332 1.257332 0.089520 0.756883 0.735510 1.778657 0.596272 0.943259 0.264754 1.265591 0.504652 0 1.545746 1.033714 0.394522 1.605379 1.626213 1.088749 0.000000 1.257332 1.257332 0.756883 1.330566 0.756883 0.089520 0.394522 1.778657 1.014660 1.265591 1.246091 0.504652 1.117205 0 0.501678 1.124366 1.186374 0.300471 0.501678 0.000000 1.257332 1.257332 0.756883 0.756883 0.756883 0.756883 0.601296 1.432745 1.605379 0.883689 1.103175 0.860535 0.504652 1.424229 1.680929 0.965402 0.965402 0.594071 1.578450 1.257332 1.257332 1.257332 0.089520 0.756883 1.577708 0.089520 0.089520 0.740205 1.246091 0.000000 0.860535 0.790836 0.504652 0.561606 0.728581 0.639271 0.403858 0.728581 0.501678 1.257332 1.257332 0.756883 0.756883 1.577708 0.756883 0.756883 0.089520 0.089520 0.561781 0.298773 0.508300 1.124366 0.287100 1.196748 1.130861 1.088749 0.558233 0.900991 0.612120 1.257332 1.257332 1.577708 0.756883 1.577708 0.089520 1.577708 0.089520 0.089520 1.578450 0.558233 0.000000 0.504808 0.000000 0.692574 0.808703 1.626213 0.298773 0.300471 0.965402 1.257332 1.257332 0.089520 1.577708 1.577708 0.089520 0.756883 0.756883 0.000000 0.000000 0.403858 0.965402 1.585502 0.951959 0.943259 0.965402 0.000000 0.403858 0.300471 1.087022 1.257332 1.257332 1.257332 0.089520 0.756883 0.756883 1.577708 1.577708 0.756883 1.864923 0.558233 1.535923 1.680929 1.680929 0.298773 0.251667 0.594071 0.403858 0.900991 0.558233 1.257332 1.257332 0.455639 0.455639 0.455639 0.455639 1.577708 0.756883 0.756883 0.756883 0.756883 0.000000 0.501678 1.130861 1.626213 1.130861 0.501678 0.000000 0.300471 1.026044 1.257332 1.257332 0.455639 0.536662 1.033764 0.378323 0.455639 0.455639 0.455639 0.089520 0.089520 1.577708 0.298773 0.501678 0.612120 0.298773 1.087022 0.728581 0.868903 0.737641 0.305121 0.455639 1.257332 0.367116 1.016536 0.934212 0.637268 0.148730 0.455639 0.455639 0.756883 1.577708 0.000000 1.087022 0.000000 1.864923 1.626213 0.536662 0.642241 0.974686 