Releaseoutput64/ParameterPackage/11/queralba_BA_40.asc
ncols  20
nrows  20
xllcorner  0
yllcorner  0
cellsize  30
NODATA_value  -9999
0.000000 0.000000 0.000000 0.000000 0.000000 0.000000 0.000000 0.000000 0.000000 0.000000 0.000000 0.000000 0.000000 0.000000 0.000000 0.000000 0.055155 0.055155 0.055155 0.000000 0.000000 0.000000 0.000000 0.000000 0.000000 0.000000 0.000000 0.000000 0.000000 0.000000 0.000000 0.000000 0.000000 0.000000 0.000000 0.000000 0.055155 0.055155 0.000000 0.000000 0.000000 0.000000 0.055155 0.055155 0.055155 0.000000 0.000000 0.000000 0.000000 0.000000 0.000000 0.000000 0.000000 0.055155 0.055155 0.055155 0.055155 0.055155 0.055155 0.055155 0.000000 0.055155 0.055155 0.055155 0.055155 0.055155 0.055155 0.055155 0.055155 0.055155 0.055155 0.055155 0.055155 0.055155 0.000000 0.000000 0.000000 0.000000 0.000000 0.000000 0.055155 0.055155 0.055155 0.055155 0.055155 0.055155 0.055155 0.055155 0.055155 0.055155 0.000000 0.000000 0.000000 0.000000 0.000000 0.000000 1.197418 0.966000 0.000000 0.694547 0.055155 0.055155 0.055155 0.055155 0.055155 0.055155 0.000000 0.000000 0.000000 0.000000 0.000000 0.000000 0.688009 0.000000 0.000000 0.237583 0.237583 0.000000 0.000000 0.000000 0.055155 0.000000 0.000000 0.000000 0.000000 0.000000 0.000000 0.000000 1.038768 0.000000 1.772644 0.331831 0.000000 0.000000 0.819111 0.200296 0.891663 1.477511 0.000000 0.000000 0.000000 0.000000 0.000000 0.000000 0.688009 0.688009 0.000000 0.571986 0.366486 1.154791 0.301455 2.260533 0.000000 0.000000 1.427520 0.000000 0.166190 0.000000 0.000000 1.586544 0.688009 0.223956 0.688009 0.688009 0.688009 0.000000 0.000000 0.200296 0.200296 0.878939 0.200296 0.756397 0.000000 0.421464 0.000000 0.551762 1.003503 0.166190 1.849672 1.731940 0.223956 0.223956 0.223956 0.688009 0.459635 0.000000 0.807880 0.000000 0.874600 0.694547 1.437652 0.000000 1.568165 0.000000 0.000000 0.043374 1.618588 0.000000 0.000000 0.000000 0.270530 0.223956 0.688009 0.000000 0.000000 0.203575 0.459635 1.091389 0.000000 0.000000 0.000000 0.000000 1.568165 0.000000 0.000000 1.731940 0.200296 0.551762 1.925953 1.650161 0.270530 0.688009 0.688009 0.305363 0.305363 0.000000 0.203575 0.273711 0.000000 0.000000 0.200296 0.000000 1.054672 1.568165 0.000000 0.000000 0.173494 0.000000 0.381802 0.173494 0.688009 0.688009 0.688009 0.419874 0.305363 0.000000 0.419874 0.318086 0.400592 0.000000 0.237583 0.487889 0.237583 1.568165 0.159043 0.381802 0.208307 1.564238 0.000000 1.905435 0.688009 0.688009 0.101788 0.305363 0.000000 0.305363 0.407150 0.437369 0.516890 0.814320 1.850967 0.200296 0.335561 0.845422 0.000000 0.428768 0.208307 1.189760 0.246301 1.490529 0.688009 0.688009 0.000000 0.305363 0.000000 0.459635 0.000000 0.596412 0.318086 0.173494 0.599082 0.359712 0.000000 1.118544 0.363031 0.000000 0.000000 1.586544 1.925953 0.000000 0.688009 0.688009 0.459635 0.000000 0.000000 0.419874 0.305363 0.000000 1.496890 0.000000 1.384382 0.000000 0.000000 1.037629 0.694547 0.000000 0.000000 1.406079 2.280875 0.208307 0.688009 0.688009 0.688009 0.459635 0.000000 0.508938 0.000000 0.000000 0.203575 0.000000 1.233546 0.000000 0.000000 0.000000 1.586544 1.123885 1.527207 1.299422 0.000000 0.488851 0.688009 0.688009 1.757250 1.431388 1.428914 2.274847 0.000000 0.203575 0.101788 0.000000 0.101788 0.000000 1.650161 0.428768 0.000000 0.428768 1.650161 1.496890 1.925953 0.000000 0.688009 0.688009 1.921418 0.128825 1.367967 0.838471 1.431388 1.428914 1.376960 0.419874 0.397608 0.000000 1.850967 1.678612 0.666096 1.586544 0.208307 0.000000 0.504167 0.000000 0.470827 1.428914 0.688009 1.016286 0.000000 0.166190 0.135265 1.299755 1.428914 2.226074 0.203575 0.000000 0.860168 0.429338 0.860168 0.000000 0.000000 0.236974 1.049685 0.000000 