Releaseoutput64/ParameterPackage/11/quervelu_IV_40.asc
ncols  20
nrows  20
xllcorner  0
yllcorner  0
cellsize  30
NODATA_value  -9999
0 0 0 0 0 0 0 0 0 0 0 0 0 0 0 0 1.896154 1.896154 1.896154 0 0 0 0 0 0 0 0 0 0 0 0 0 0 0 0 0 1.896154 1.896154 0 0 0 0 1.896154 1.896154 1.896154 0 0 0 0 0 0 0 0 1.896154 1.896154 1.896154 1.896154 1.896154 1.896154 1.896154 0 1.896154 1.896154 1.896154 1.896154 1.896154 1.896154 1.896154 1.896154 1.896154 1.896154 1.896154 1.896154 1.896154 0 0 0 0 0 0 1.896154 1.896154 1.896154 1.896154 1.896154 1.896154 1.896154 1.896154 1.896154 1.896154 0 0 0 0 0 0 0.251130 1.056645 2.000000 0.997398 1.896154 1.896154 1.896154 1.896154 1.896154 1.896154 0 0 0 0 0 0 1.257332 2.000000 2.000000 1.792555 1.610804 0 0 2.000000 1.896154 0 0 0 0 0 0 0 0.759118 0 0.000000 1.277614 0 2.000000 0.869602 1.220099 0.722337 0.461400 2.000000 2.000000 0 0 0 0 1.257332 1.257332 0 0.666939 1.515705 0.535532 1.237542 0.000000 2.000000 2.000000 0.297709 0 1.762784 2.000000 2.000000 0.427379 1.257332 0.496187 1.257332 1.257332 1.257332 2.000000 2.000000 1.220099 1.711432 1.052656 1.629302 1.158602 2.000000 1.654047 2.000000 1.216223 0.648078 1.732197 0.442873 0.545486 0.496187 0.496187 0.496187 1.257332 0.123195 2.000000 0.976979 2.000000 0.582320 0.997398 0.392940 2.000000 0.507295 0 2.000000 1.816143 0.282378 2.000000 2.000000 2.000000 0.000000 0.496187 1.257332 2.000000 2.000000 1.500963 0.123195 0.638079 2.000000 2.000000 2.000000 2.000000 0.507295 2.000000 0 0.545486 1.749519 1.216223 0.310799 0.572085 0.000000 1.257332 1.257332 1.505824 1.560784 2.000000 1.674791 1.533453 2.000000 2.000000 1.742549 2.000000 0.578664 0.507295 2.000000 2.000000 1.773960 2.000000 1.520513 1.846684 1.257332 1.257332 1.257332 0.122127 1.403169 2.000000 0.123772 0.121196 1.503943 2.000000 0.000000 1.402562 1.696648 0.507295 1.832653 1.583724 1.567074 0.524126 2.000000 0.300343 1.257332 1.257332 1.815152 1.403169 2.000000 1.590095 1.385029 0.123704 0.000000 0.593395 0.234001 1.716490 1.499697 0.456133 2.000000 1.111262 1.804507 0.836129 1.538398 0.797322 1.257332 1.257332 2.000000 1.480418 2.000000 0.124243 2.000000 0.000000 0.121476 1.846684 1.266683 0.000000 2.000000 0.000000 1.299671 2.000000 2.000000 0.427379 0.310799 2.000000 1.257332 1.257332 0.124620 2.000000 2.000000 0.123307 1.343476 2.000000 0.000000 0.000000 0.716873 2.000000 2.000000 0.753003 0.997398 2.000000 0.000000 0.693774 0.000000 1.626805 1.257332 1.257332 1.257332 0.123498 2.000000 1.257406 2.000000 2.000000 1.443977 2.000000 0.965528 2.000000 2.000000 2.000000 0.427379 0.746682 0.594169 0.772897 2.000000 1.413527 1.257332 1.257332 0.325691 0.571907 0.588022 0.000000 2.000000 1.500963 1.815152 2.000000 1.840221 0.000000 0.572085 1.111262 2.000000 1.111262 0.572085 0.000000 0.310799 2.000000 1.257332 1.257332 0.269722 1.786448 0.543429 0.850845 0.571907 0.588022 0.597219 0.122127 0.122602 2.000000 0.234001 0.568025 1.396457 0.427379 1.738612 2.000000 1.301619 2.000000 0.324300 0.588022 1.257332 0.930724 2.000000 1.828099 1.770162 0.550490 0.588022 0.000000 1.576256 2.000000 0.000000 1.577648 0.000000 2.000000 2.000000 1.631306 0.930056 2.000000 