Releaseoutput64/ParameterPackage/11/queralba_BA_50.asc
ncols  20
nrows  20
xllcorner  0
yllcorner  0
cellsize  30
NODATA_value  -9999
0.000000 0.000000 0.000000 0.000000 0.000000 0.000000 0.000000 0.000000 0.000000 0.000000 0.000000 0.000000 0.000000 0.000000 0.000000 0.000000 0.055155 0.055155 0.055155 0.000000 0.000000 0.000000 0.000000 0.000000 0.000000 0.000000 0.000000 0.000000 0.000000 0.000000 0.000000 0.000000 0.000000 0.000000 0.000000 0.000000 0.055155 0.055155 0.000000 0.000000 0.000000 0.000000 0.055155 0.055155 0.055155 0.000000 0.000000 0.000000 0.000000 0.000000 0.000000 0.000000 0.000000 0.055155 0.055155 0.055155 0.055155 0.055155 0.055155 0.055155 0.000000 0.055155 0.055155 0.055155 0.055155 0.055155 0.055155 0.055155 0.055155 0.055155 0.055155 0.055155 0.055155 0.055155 0.000000 0.000000 0.000000 0.000000 0.000000 0.000000 0.055155 0.055155 0.055155 0.055155 0.055155 0.055155 0.055155 0.055155 0.055155 0.055155 0.000000 0.000000 0.000000 0.000000 0.000000 0.000000 1.197418 0.966000 0.000000 0.812769 0.055155 0.055155 0.055155 0.055155 0.055155 0.055155 0.000000 0.000000 0.000000 0.000000 0.000000 0.000000 0.688009 0.000000 0.000000 0.000000 0.278051 0.000000 0.000000 0.000000 0.055155 0.000000 0.000000 0.000000 0.000000 0.000000 0.000000 0.000000 0.990799 0.000000 2.062279 0.322563 0.000000 0.000000 0.332380 0.237583 0.880981 1.615093 0.000000 0.000000 0.000000 0.000000 0.000000 0.000000 0.688009 0.688009 0.000000 0.698867 0.000000 1.007018 0.366486 2.212565 0.000000 0.000000 1.522337 0.000000 0.000000 0.000000 0.000000 1.587761 0.688009 0.223956 0.688009 0.688009 0.688009 0.000000 0.000000 0.237583 0.237583 1.034448 0.237583 0.643398 0.000000 0.268783 0.000000 0.657260 1.208139 0.000000 2.185253 1.344916 0.223956 0.223956 0.223956 0.688009 0.415103 0.000000 0.983888 0.000000 1.048310 0.812769 1.507297 0.000000 1.813092 0.000000 0.000000 0.000000 1.602094 0.000000 0.000000 0.000000 0.332380 0.223956 0.688009 0.000000 0.000000 0.128825 0.415103 0.972578 0.000000 0.000000 0.000000 0.000000 1.077959 0.000000 0.000000 1.344916 0.237583 0.657260 1.845352 1.446173 0.332380 0.688009 0.688009 0.386475 0.128825 0.000000 0.128825 0.135265 0.000000 0.000000 0.237583 0.000000 1.244287 1.813092 0.000000 0.000000 0.208307 0.000000 0.454608 0.000000 0.688009 0.688009 0.688009 0.472358 0.128825 0.000000 0.472358 0.286278 0.237583 0.000000 0.278051 0.000000 0.000000 0.762523 0.000000 0.454608 0.246301 1.719786 0.000000 2.143332 0.688009 0.688009 0.128825 0.128825 0.000000 0.128825 0.515300 0.458044 0.515300 0.963114 1.927995 0.000000 0.403773 1.049174 0.000000 0.523664 0.000000 0.783258 0.287475 1.241793 0.688009 0.688009 0.000000 0.128825 0.000000 0.472358 0.000000 0.629811 0.286278 0.000000 0.381802 0.429338 0.000000 1.332722 0.449444 0.000000 0.000000 1.587761 1.880165 0.000000 0.688009 0.688009 0.472358 0.000000 0.000000 0.415103 0.386475 0.000000 1.743937 0.000000 1.221392 0.000000 0.000000 1.205861 0.812769 0.000000 0.000000 1.293629 2.427921 0.000000 0.688009 0.688009 0.688009 0.472358 0.000000 0.386475 0.000000 0.000000 0.257650 0.000000 1.130247 0.000000 0.000000 0.000000 1.587761 1.073914 1.401818 1.253024 0.000000 0.416614 0.688009 0.688009 1.882364 1.372365 1.401347 2.375751 0.000000 0.000000 0.128825 0.000000 0.000000 0.000000 1.540500 0.523664 0.000000 0.523664 1.446173 1.743937 1.880165 0.000000 0.688009 0.688009 1.882364 0.000000 1.425498 0.515634 1.372365 1.669423 1.372189 0.343533 0.343533 0.000000 1.927995 1.619668 0.287475 1.927995 0.246301 0.000000 0.000000 0.000000 0.332380 1.430505 0.688009 1.118073 0.000000 0.000000 0.000000 1.150628 1.430505 2.346593 0.128825 0.000000 0.967964 0.000000 0.967964 0.000000 0.000000 0.000000 1.030599 0.000000 