Releaseoutput64/ParameterPackage/11/quervelu_IV_50.asc
ncols  20
nrows  20
xllcorner  0
yllcorner  0
cellsize  30
NODATA_value  -9999
0 0 0 0 0 0 0 0 0 0 0 0 0 0 0 0 1.896154 1.896154 1.896154 0 0 0 0 0 0 0 0 0 0 0 0 0 0 0 0 0 1.896154 1.896154 0 0 0 0 1.896154 1.896154 1.896154 0 0 0 0 0 0 0 0 1.896154 1.896154 1.896154 1.896154 1.896154 1.896154 1.896154 0 1.896154 1.896154 1.896154 1.896154 1.896154 1.896154 1.896154 1.896154 1.896154 1.896154 1.896154 1.896154 1.896154 0 0 0 0 0 0 1.896154 1.896154 1.896154 1.896154 1.896154 1.896154 1.896154 1.896154 1.896154 1.896154 0 0 0 0 0 0 0.251130 1.056645 2.000000 1.004876 1.896154 1.896154 1.896154 1.896154 1.896154 1.896154 0 0 0 0 0 0 1.257332 2.000000 2.000000 2.000000 1.614872 0 0 2.000000 1.896154 0 0 0 0 0 0 0 0.867779 0 0.000000 1.372982 0 2.000000 1.182003 1.223643 0.798362 0.532136 2.000000 2.000000 0 0 0 0 1.257332 1.257332 0 0.660524 2.000000 0.671964 1.239552 0.000000 2.000000 2.000000 0.330477 0 2.000000 2.000000 2.000000 0.501357 1.257332 0.496187 1.257332 1.257332 1.257332 2.000000 2.000000 1.223643 1.637076 0.881358 1.631632 1.333359 2.000000 1.791217 2.000000 1.220337 0.659286 2.000000 0.287006 0.736136 0.496187 0.496187 0.496187 1.257332 0.146815 2.000000 0.761594 2.000000 0.580131 1.004876 0.440091 2.000000 0.507082 0 2.000000 2.000000 0.343365 2.000000 2.000000 2.000000 0.000000 0.496187 1.257332 2.000000 2.000000 1.789941 0.148591 0.763408 2.000000 2.000000 2.000000 2.000000 0.000000 2.000000 0 0.736136 1.696648 1.220337 0.373487 0.718029 0.000000 1.257332 1.257332 1.501959 1.789941 2.000000 1.788655 1.741528 2.000000 2.000000 1.696648 2.000000 0.577010 0.507082 2.000000 2.000000 1.727447 2.000000 1.521307 2.000000 1.257332 1.257332 1.257332 0.147919 1.785306 2.000000 0.148627 0.144612 1.712847 2.000000 0.000000 2.000000 2.000000 0.776661 2.000000 1.509430 1.696961 0.370027 2.000000 0.319789 1.257332 1.257332 1.814259 1.785306 2.000000 1.812697 1.290577 0.148373 0.000000 0.597785 0.270572 2.000000 1.392902 0.454376 2.000000 1.108429 2.000000 1.096117 1.540723 0.989169 1.257332 1.257332 2.000000 1.788655 2.000000 0.149960 2.000000 0.000000 0.145207 2.000000 1.413273 0.000000 2.000000 0.000000 1.296537 2.000000 2.000000 0.501357 0.369652 2.000000 1.257332 1.257332 0.148591 2.000000 2.000000 0.149903 1.493544 2.000000 0.000000 0.000000 0.883917 2.000000 2.000000 0.769768 1.004876 2.000000 0.000000 0.836329 0.000000 1.727469 1.257332 1.257332 1.257332 0.148997 2.000000 1.434348 2.000000 2.000000 1.628750 2.000000 0.980299 2.000000 2.000000 2.000000 0.501357 0.823180 0.694474 0.893272 2.000000 1.529895 1.257332 1.257332 0.356912 0.662403 0.670000 0.000000 2.000000 2.000000 1.814259 2.000000 2.000000 0.000000 0.674556 1.108429 2.000000 1.108429 0.718029 0.000000 0.369652 2.000000 1.257332 1.257332 0.323458 2.000000 0.446681 1.071144 0.662403 0.357286 0.675256 0.148182 0.148182 2.000000 0.270572 0.662174 1.738646 0.237943 1.697325 2.000000 2.000000 2.000000 0.392671 0.664852 1.257332 0.995053 2.000000 2.000000 2.000000 0.676024 0.664852 0.000000 1.788655 2.000000 0.000000 1.854857 0.000000 2.000000 2.000000 2.000000 1.051326 2.000000 