Releaseoutput64/ParameterPackage/11/RelativeDensity_0.asc
ncols  20
nrows  20
xllcorner  0
yllcorner  0
cellsize  30
NODATA_value  -9999
0.000000 0.000000 0.000000 0.000000 0.000000 0.000000 0.000000 0.000000 0.000000 0.000000 0.000000 0.000000 0.000000 0.000000 0.000000 0.000000 0.419682 0.419682 0.419682 0.000000 0.000000 0.000000 0.000000 0.000000 0.000000 0.000000 0.000000 0.000000 0.000000 0.000000 0.000000 0.000000 0.000000 0.000000 0.000000 0.000000 0.419682 0.419682 0.000000 0.000000 0.000000 0.000000 0.419682 0.419682 0.419682 0.000000 0.000000 0.000000 0.000000 0.000000 0.000000 0.000000 0.000000 0.419682 0.419682 0.419682 0.419682 0.419682 0.419682 0.419682 0.000000 0.419682 0.419682 0.419682 0.419682 0.419682 0.419682 0.419682 0.419682 0.419682 0.419682 0.419682 0.419682 0.419682 0.000000 0.000000 0.000000 0.000000 0.000000 0.000000 0.419682 0.419682 0.419682 0.419682 0.419682 0.419682 0.419682 0.419682 0.419682 0.419682 0.000000 0.000000 0.000000 0.000000 0.000000 0.000000 0.622667 0.706029 0.906649 0.215347 0.419682 0.419682 0.419682 0.419682 0.419682 0.419682 0.000000 0.000000 0.000000 0.000000 0.000000 0.000000 1.055437 0.716877 1.349473 0.933321 0.535969 0.000000 0.000000 2.457908 0.419682 0.000000 0.000000 0.000000 0.000000 0.000000 0.000000 0.000000 0.570079 0.000000 0.341877 0.453848 0.000000 0.521807 0.821318 0.084915 0.419941 0.570079 0.545826 0.732899 0.000000 0.000000 0.000000 0.000000 1.055437 1.055437 0.000000 0.821318 0.916128 0.477640 0.125633 0.341877 0.679309 1.002649 0.419941 0.000000 0.749789 0.415593 0.961026 0.392146 1.055437 1.055437 1.055437 1.055437 1.055437 0.671484 0.842406 0.084915 0.916128 0.740387 0.740387 0.419941 0.212519 0.498452 0.732899 0.224190 0.197249 1.850393 0.604197 0.380246 1.055437 1.055437 1.055437 1.055437 0.305827 0.691591 0.368304 0.447585 0.193147 0.215347 0.412841 0.906649 0.347644 0.000000 1.369559 0.671484 0.438941 1.544439 0.907841 0.691821 0.034413 1.055437 1.055437 0.691591 0.719352 0.691591 0.305827 0.438941 0.447585 0.749789 0.906649 0.859778 0.347644 1.371823 0.000000 0.380246 0.521807 0.224190 0.375487 0.380246 0.034413 1.055437 1.055437 0.691591 0.691591 0.691591 0.691591 0.477640 0.679309 1.544439 0.835867 1.692913 0.540200 0.347644 1.002649 0.842069 0.875157 0.875157 0.669788 1.688300 1.055437 1.055437 1.055437 0.305827 0.691591 1.946593 0.305827 0.305827 0.659816 0.859778 0.098125 0.540200 1.048689 0.347644 0.763031 1.003457 0.712821 0.590934 1.003457 0.380246 1.055437 1.055437 0.691591 0.691591 1.946593 0.691591 0.691591 0.305827 0.305827 0.175908 0.392146 0.740387 0.521807 0.240702 1.091001 0.171405 0.691821 0.749977 0.681823 0.895474 1.055437 1.055437 1.946593 0.691591 1.946593 0.305827 1.946593 0.305827 0.305827 1.688300 0.749977 0.050494 0.911862 0.158516 1.389300 0.938668 0.907841 0.392146 0.375487 0.875157 1.055437 1.055437 0.305827 1.946593 1.946593 0.305827 0.691591 0.691591 0.226267 0.013539 0.590934 0.875157 0.491431 0.535969 0.215347 0.875157 0.013539 0.590934 0.375487 0.516877 1.055437 1.055437 1.055437 0.305827 0.691591 0.691591 1.946593 1.946593 0.691591 0.241548 0.749977 1.210487 0.842069 0.842069 0.392146 0.790680 0.669788 0.590934 0.681823 0.749977 1.055437 1.055437 0.452269 0.452269 0.452269 0.452269 1.946593 0.691591 0.691591 0.691591 0.691591 0.013539 0.380246 0.171405 0.907841 0.171405 0.380246 0.226267 0.375487 0.747978 1.055437 1.055437 0.452269 1.057263 0.497321 0.719613 0.452269 0.452269 0.452269 0.305827 0.305827 1.946593 0.392146 0.380246 0.895474 0.392146 0.516877 1.003457 0.617681 0.742923 0.146755 0.452269 1.055437 1.600136 0.799465 1.267583 0.624380 0.767905 0.452269 0.452269 0.691591 1.946593 0.138674 0.516877 0.138674 0.241548 0.907841 1.057263 0.501167 0.853733 