Releaseoutput64/ParameterPackage/11/RelativeDensity_50.asc
ncols  20
nrows  20
xllcorner  0
yllcorner  0
cellsize  30
NODATA_value  -9999
0.000000 0.000000 0.000000 0.000000 0.000000 0.000000 0.000000 0.000000 0.000000 0.000000 0.000000 0.000000 0.000000 0.000000 0.000000 0.000000 0.419682 0.419682 0.419682 0.000000 0.000000 0.000000 0.000000 0.000000 0.000000 0.000000 0.000000 0.000000 0.000000 0.000000 0.000000 0.000000 0.000000 0.000000 0.000000 0.000000 0.419682 0.419682 0.000000 0.000000 0.000000 0.000000 0.419682 0.419682 0.419682 0.000000 0.000000 0.000000 0.000000 0.000000 0.000000 0.000000 0.000000 0.419682 0.419682 0.419682 0.419682 0.419682 0.419682 0.419682 0.000000 0.419682 0.419682 0.419682 0.419682 0.419682 0.419682 0.419682 0.419682 0.419682 0.419682 0.419682 0.419682 0.419682 0.000000 0.000000 0.000000 0.000000 0.000000 0.000000 0.419682 0.419682 0.419682 0.419682 0.419682 0.419682 0.419682 0.419682 0.419682 0.419682 0.000000 0.000000 0.000000 0.000000 0.000000 0.000000 0.622667 0.706029 0.688307 0.514490 0.419682 0.419682 0.419682 0.419682 0.419682 0.419682 0.000000 0.000000 0.000000 0.000000 0.000000 0.000000 1.055437 0.834154 1.085745 0.494969 0.495833 0.000000 0.000000 1.336694 0.419682 0.000000 0.000000 0.000000 0.000000 0.000000 0.000000 0.000000 0.549736 0.000000 0.557710 0.609316 0.000000 0.501537 0.537468 0.213207 0.587258 0.639588 0.837549 0.462989 0.000000 0.000000 0.000000 0.000000 1.055437 1.055437 0.000000 0.432818 0.583385 0.583813 0.361258 0.606146 0.692526 0.675494 0.605091 0.000000 0.647383 0.713758 0.749863 0.757292 1.055437 0.144085 1.055437 1.055437 1.055437 0.562923 0.754316 0.213207 0.504900 0.580829 0.485582 0.590041 0.212519 0.736213 0.675210 0.588884 0.565545 0.627705 0.735662 0.680787 0.144085 0.144085 0.144085 1.055437 0.765790 0.781719 0.542739 0.814836 0.471103 0.514490 0.610563 0.542461 0.700057 0.000000 0.750560 0.708770 0.602332 0.984218 0.853366 0.790197 0.101130 0.144085 1.055437 0.781719 0.715239 0.717906 0.757588 0.607409 0.709914 0.793230 0.813692 0.613688 0.292935 0.797469 0.000000 0.680787 0.568898 0.588884 0.727380 0.705141 0.101130 1.055437 1.055437 0.782465 0.717906 0.762597 0.700029 0.566051 0.692526 1.108458 0.568898 1.087996 0.538170 0.700057 0.695810 0.872550 0.676303 0.785921 0.746780 0.710905 1.055437 1.055437 1.055437 0.770208 0.660591 0.694747 0.766650 0.759529 0.650746 0.613688 0.405869 0.525072 0.583385 0.445458 0.764753 0.703286 0.743943 0.655380 0.743567 0.766485 1.055437 1.055437 0.746501 0.660591 0.694747 0.726184 0.641020 0.770239 0.751994 0.419346 0.760473 0.608388 0.494079 0.449928 0.863946 0.454460 0.836871 0.663878 0.712959 0.717183 1.055437 1.055437 0.694747 0.700029 0.694747 0.760571 0.694747 0.770021 0.756860 0.710905 0.747488 0.123029 0.793230 0.380936 0.555332 0.728418 1.001851 0.757292 0.735653 0.785921 1.055437 1.055437 0.766709 0.694747 0.694747 0.751598 0.743027 0.762597 0.473477 0.035036 0.721719 0.785921 0.918291 0.556998 0.514490 0.785921 0.035036 0.749706 0.753663 0.750019 1.055437 1.055437 1.055437 0.764829 0.762597 0.696555 0.694747 0.694747 0.741247 0.788068 0.729103 0.794850 0.750257 0.920489 0.757292 0.756396 0.744404 0.748952 0.743567 0.798725 1.055437 1.055437 0.765894 0.765787 0.761352 0.759124 0.694747 0.676688 0.746501 0.744720 0.762597 0.035036 0.739601 0.454460 1.001851 0.454460 0.705141 0.473477 0.735653 0.829090 1.055437 1.055437 0.744007 0.737591 0.550011 0.552916 0.765787 0.673346 0.753920 0.752531 0.752531 0.694747 0.760473 0.757482 0.738492 0.741049 0.762278 0.743567 0.634861 0.737591 0.517891 0.768784 1.055437 0.749519 0.983410 0.570681 0.607647 0.580201 0.768784 0.751692 0.700029 0.694747 0.238463 0.758269 0.238463 0.788068 1.001851 0.737591 0.784163 0.861650 