Releaseoutput64/ParameterPackage/11/RelativeDensity_30.asc
ncols  20
nrows  20
xllcorner  0
yllcorner  0
cellsize  30
NODATA_value  -9999
0.000000 0.000000 0.000000 0.000000 0.000000 0.000000 0.000000 0.000000 0.000000 0.000000 0.000000 0.000000 0.000000 0.000000 0.000000 0.000000 0.419682 0.419682 0.419682 0.000000 0.000000 0.000000 0.000000 0.000000 0.000000 0.000000 0.000000 0.000000 0.000000 0.000000 0.000000 0.000000 0.000000 0.000000 0.000000 0.000000 0.419682 0.419682 0.000000 0.000000 0.000000 0.000000 0.419682 0.419682 0.419682 0.000000 0.000000 0.000000 0.000000 0.000000 0.000000 0.000000 0.000000 0.419682 0.419682 0.419682 0.419682 0.419682 0.419682 0.419682 0.000000 0.419682 0.419682 0.419682 0.419682 0.419682 0.419682 0.419682 0.419682 0.419682 0.419682 0.419682 0.419682 0.419682 0.000000 0.000000 0.000000 0.000000 0.000000 0.000000 0.419682 0.419682 0.419682 0.419682 0.419682 0.419682 0.419682 0.419682 0.419682 0.419682 0.000000 0.000000 0.000000 0.000000 0.000000 0.000000 0.622667 0.706029 0.600590 0.383032 0.419682 0.419682 0.419682 0.419682 0.419682 0.419682 0.000000 0.000000 0.000000 0.000000 0.000000 0.000000 1.055437 0.600590 0.800594 0.579962 0.488554 0.000000 0.000000 1.185444 0.419682 0.000000 0.000000 0.000000 0.000000 0.000000 0.000000 0.000000 0.563369 0.000000 0.551711 0.600314 0.000000 0.494061 0.549396 0.156675 0.614971 0.601415 0.604255 0.539129 0.000000 0.000000 0.000000 0.000000 1.055437 1.055437 0.000000 0.592260 0.517870 0.609153 0.255962 0.551711 0.647383 0.690755 0.614971 0.000000 0.589347 0.494969 0.710358 0.768920 1.055437 0.144085 1.055437 1.055437 1.055437 0.601587 0.624933 0.156675 0.580668 0.621720 0.548510 0.593564 0.212519 0.736513 0.585884 0.426634 0.400833 0.507041 0.732020 0.659292 0.144085 0.144085 0.144085 1.055437 0.749290 0.760352 0.611330 0.689903 0.348854 0.383032 0.610532 0.600590 0.547299 0.000000 0.760648 0.597099 0.614632 0.859604 0.750208 0.687965 0.071305 0.144085 1.055437 0.636874 0.542461 0.690103 0.750454 0.620122 0.601829 0.564519 0.582555 0.571849 0.547299 0.752822 0.000000 0.703826 0.597048 0.426634 0.762547 0.666614 0.071305 1.055437 1.055437 0.558356 0.663500 0.743779 0.771780 0.510808 0.647383 1.071825 0.562273 0.803020 0.409127 0.547299 0.690755 0.777945 0.759649 0.689568 0.762089 0.660901 1.055437 1.055437 1.055437 0.750454 0.586316 1.139961 0.753340 0.751255 0.525572 0.627810 0.261476 0.515902 0.548835 0.547299 0.683201 0.755032 0.692856 0.725146 0.696483 0.703826 1.055437 1.055437 0.620302 0.586316 1.180366 0.726366 0.747923 0.753399 0.691744 0.312419 0.757077 0.599075 0.438516 0.458734 0.646501 0.329047 0.761320 0.713038 0.726448 0.754152 1.055437 1.055437 1.180366 0.612496 1.180366 0.750454 1.139961 0.750976 0.750976 0.660901 0.739702 0.091011 0.581725 0.283130 0.396018 0.689554 0.750208 0.744806 0.762547 0.704144 1.055437 1.055437 0.751422 1.180366 1.139961 0.750454 0.586316 0.743779 0.366354 0.025536 0.762536 0.699003 0.675210 0.539792 0.383032 0.699003 0.025536 0.764658 0.626928 0.742587 1.055437 1.055437 1.055437 0.753399 0.689639 0.675840 1.180366 1.180366 0.593229 0.739212 0.739706 0.771340 0.733167 0.770786 0.755638 0.708219 0.727000 0.754791 0.726448 0.742022 1.055437 1.055437 0.737699 0.759497 0.737699 0.698505 1.139961 0.635964 0.620302 0.770382 0.620302 0.025536 0.703826 0.329047 0.750208 0.329047 0.703826 0.366354 0.762547 0.704590 1.055437 1.055437 0.750470 0.675963 0.591944 0.610321 0.737699 0.737699 0.750912 0.750454 0.750454 1.180366 0.767908 0.673430 0.725512 0.768920 0.762021 0.651949 0.717894 0.729660 0.404844 0.737699 1.055437 0.619586 0.709877 0.591010 0.601926 0.591442 0.757315 0.757796 0.593229 1.126226 0.196128 0.742442 0.196128 0.739212 0.750208 0.704564 0.756942 0.666430 