Releaseoutput64/ParameterPackage/11/RelativeDensity_20.asc
ncols  20
nrows  20
xllcorner  0
yllcorner  0
cellsize  30
NODATA_value  -9999
0.000000 0.000000 0.000000 0.000000 0.000000 0.000000 0.000000 0.000000 0.000000 0.000000 0.000000 0.000000 0.000000 0.000000 0.000000 0.000000 0.419682 0.419682 0.419682 0.000000 0.000000 0.000000 0.000000 0.000000 0.000000 0.000000 0.000000 0.000000 0.000000 0.000000 0.000000 0.000000 0.000000 0.000000 0.000000 0.000000 0.419682 0.419682 0.000000 0.000000 0.000000 0.000000 0.419682 0.419682 0.419682 0.000000 0.000000 0.000000 0.000000 0.000000 0.000000 0.000000 0.000000 0.419682 0.419682 0.419682 0.419682 0.419682 0.419682 0.419682 0.000000 0.419682 0.419682 0.419682 0.419682 0.419682 0.419682 0.419682 0.419682 0.419682 0.419682 0.419682 0.419682 0.419682 0.000000 0.000000 0.000000 0.000000 0.000000 0.000000 0.419682 0.419682 0.419682 0.419682 0.419682 0.419682 0.419682 0.419682 0.419682 0.419682 0.000000 0.000000 0.000000 0.000000 0.000000 0.000000 0.622667 0.706029 0.566304 0.323028 0.419682 0.419682 0.419682 0.419682 0.419682 0.419682 0.000000 0.000000 0.000000 0.000000 0.000000 0.000000 1.055437 0.583043 0.759171 0.562815 0.541008 0.000000 0.000000 1.440331 0.419682 0.000000 0.000000 0.000000 0.000000 0.000000 0.000000 0.000000 0.589833 0.000000 0.477478 0.610967 0.000000 0.603506 0.614349 0.130938 0.519866 0.593129 0.560666 0.608759 0.000000 0.000000 0.000000 0.000000 1.055437 1.055437 0.000000 0.614349 0.604448 0.603137 0.208642 0.477478 0.549826 0.740435 0.562730 0.000000 0.503196 0.554000 0.721842 0.753639 1.055437 0.144085 1.055437 1.055437 1.055437 0.587236 0.605757 0.130938 0.600531 0.624771 0.621563 0.613538 0.212519 0.747649 0.580005 0.353405 0.326862 0.623568 0.763380 0.587602 0.144085 0.144085 0.144085 1.055437 0.644065 0.737154 0.576471 0.638935 0.293098 0.323028 0.607612 0.566304 0.476660 0.000000 0.727090 0.572370 0.612592 0.832962 0.634987 0.708889 0.057906 0.144085 1.055437 0.759266 0.573214 0.758937 0.644065 0.604234 0.567600 0.588756 0.572358 0.621629 0.476660 0.697975 0.000000 0.587602 0.558949 0.353405 0.663561 0.587602 0.057906 1.055437 1.055437 0.760050 0.758083 0.759910 0.761535 0.612981 0.585478 1.043887 0.589979 0.992710 0.594584 0.476660 0.671680 0.710609 0.695171 0.684492 0.672232 0.962151 1.055437 1.055437 1.055437 0.644065 0.768685 1.498243 0.644065 0.644065 0.615368 0.596496 0.199312 0.483482 0.607599 0.476660 0.759141 0.658675 0.729573 0.770799 0.736732 0.587602 1.055437 1.055437 0.744223 0.768685 1.505311 0.761616 0.760790 0.644065 0.644065 0.263589 0.757593 0.605691 0.587903 0.379735 0.769459 0.272241 0.722161 0.738689 0.701227 0.758464 1.055437 1.055437 1.505311 0.757157 1.505311 0.644065 1.477070 0.644065 0.644065 1.006685 0.740165 0.076455 0.610143 0.238513 0.438360 0.762152 0.725247 0.752888 0.663561 0.700092 1.055437 1.055437 0.644065 1.505311 1.505311 0.644065 0.760414 0.737154 0.316809 0.021222 0.757864 0.688561 0.564519 0.579886 0.323028 0.676153 0.021222 0.747973 0.650278 0.680204 1.055437 1.055437 1.055437 0.644065 0.765724 0.765849 1.505311 1.505311 0.757452 0.601795 0.726047 0.692733 0.762902 0.710609 0.753639 0.764551 0.755428 0.758876 0.658457 0.727833 1.055437 1.055437 0.755348 0.763918 0.760600 0.760600 1.505311 0.758447 0.744223 0.744223 0.737765 0.021222 0.587602 0.272241 0.634987 0.272241 0.587602 0.316809 0.650278 0.677976 1.055437 1.055437 0.760600 0.749050 0.599658 0.586118 0.760600 0.760600 0.763866 0.644065 0.644065 1.498243 0.753639 0.587602 0.767947 0.753639 0.680204 0.728341 0.725214 0.656960 0.307419 0.760600 1.055437 0.642621 0.662507 0.618581 0.559236 0.571950 0.760600 0.725593 0.750384 1.487027 0.176149 0.750238 0.176149 0.601795 0.634987 0.764822 0.752869 0.683019 