Releaseoutput64/ParameterPackage/11/RelativeDensity_40.asc
ncols  20
nrows  20
xllcorner  0
yllcorner  0
cellsize  30
NODATA_value  -9999
0.000000 0.000000 0.000000 0.000000 0.000000 0.000000 0.000000 0.000000 0.000000 0.000000 0.000000 0.000000 0.000000 0.000000 0.000000 0.000000 0.419682 0.419682 0.419682 0.000000 0.000000 0.000000 0.000000 0.000000 0.000000 0.000000 0.000000 0.000000 0.000000 0.000000 0.000000 0.000000 0.000000 0.000000 0.000000 0.000000 0.419682 0.419682 0.000000 0.000000 0.000000 0.000000 0.419682 0.419682 0.419682 0.000000 0.000000 0.000000 0.000000 0.000000 0.000000 0.000000 0.000000 0.419682 0.419682 0.419682 0.419682 0.419682 0.419682 0.419682 0.000000 0.419682 0.419682 0.419682 0.419682 0.419682 0.419682 0.419682 0.419682 0.419682 0.419682 0.419682 0.419682 0.419682 0.000000 0.000000 0.000000 0.000000 0.000000 0.000000 0.419682 0.419682 0.419682 0.419682 0.419682 0.419682 0.419682 0.419682 0.419682 0.419682 0.000000 0.000000 0.000000 0.000000 0.000000 0.000000 0.622667 0.706029 0.713758 0.446903 0.419682 0.419682 0.419682 0.419682 0.419682 0.419682 0.000000 0.000000 0.000000 0.000000 0.000000 0.000000 1.055437 0.713758 0.939076 0.633959 0.426666 0.000000 0.000000 1.197274 0.419682 0.000000 0.000000 0.000000 0.000000 0.000000 0.000000 0.000000 0.533801 0.000000 0.493541 0.553352 0.000000 0.549826 0.634611 0.184121 0.555793 0.575379 0.717279 0.388370 0.000000 0.000000 0.000000 0.000000 1.055437 1.055437 0.000000 0.375723 0.610838 0.615105 0.306888 0.630016 0.750838 0.699210 0.570283 0.000000 0.600391 0.600590 0.737307 0.745847 1.055437 0.144085 1.055437 1.055437 1.055437 0.607647 0.650998 0.184121 0.560273 0.610699 0.416803 0.569649 0.212519 0.724037 0.564519 0.505206 0.480480 0.594171 0.708486 0.775558 0.144085 0.144085 0.144085 1.055437 0.763507 0.734098 0.605787 0.821056 0.408236 0.446903 0.590297 0.588373 0.621809 0.000000 0.763079 0.624854 0.613796 1.001607 0.744706 0.672557 0.085728 0.144085 1.055437 0.734098 0.626599 0.733638 0.763507 0.619154 0.608835 0.675210 0.694484 0.590158 0.621809 0.770819 0.000000 0.775558 0.608562 0.505206 0.759205 0.746154 0.085728 1.055437 1.055437 0.663329 0.749239 0.716221 0.698548 0.531171 0.750838 1.252375 0.571252 0.941409 0.471966 0.621809 0.699210 0.800584 0.712338 0.808483 0.646257 0.720741 1.055437 1.055437 1.055437 0.762121 0.714185 0.855426 0.752922 0.753467 0.619010 0.661493 0.330477 0.595621 0.568898 0.621809 0.755273 0.732920 0.713641 0.697540 0.768450 0.700021 1.055437 1.055437 0.627430 0.714185 0.855426 0.745882 0.641326 0.761075 0.756060 0.364378 0.746776 0.584256 0.526042 0.378761 0.730244 0.389842 0.765204 0.731489 0.617717 0.743123 1.055437 1.055437 0.855426 0.740937 0.855426 0.757517 0.855426 0.763786 0.752099 0.720741 0.746852 0.106549 0.675210 0.330642 0.473101 0.742209 0.872584 0.745847 0.759205 0.680605 1.055437 1.055437 0.755540 0.855426 0.855426 0.755663 0.644847 0.716221 0.418606 0.030144 0.734543 0.680605 0.793230 0.482615 0.446903 0.680605 0.030144 0.748818 0.751292 0.752482 1.055437 1.055437 1.055437 0.761462 0.646883 0.741813 0.855426 0.855426 0.647728 0.744317 0.783407 0.712261 0.708399 0.856884 0.745847 0.714810 0.752388 0.722847 0.768450 0.706983 1.055437 1.055437 0.733383 0.766975 0.749116 0.766883 0.855426 0.733638 0.627430 0.699648 0.750339 0.030144 0.746154 0.389842 0.872584 0.389842 0.746154 0.418606 0.759205 0.836871 1.055437 1.055437 0.769959 0.676080 0.570406 0.590392 0.766975 0.749116 0.735257 0.762121 0.760095 0.855426 0.746776 0.753476 0.752705 0.745847 0.734267 0.768450 0.720685 0.738648 0.512514 0.749116 1.055437 0.673987 0.842436 0.610180 0.555380 0.598748 0.749116 0.753550 0.708795 0.786089 0.216906 0.779434 0.216906 0.744317 0.872584 0.711211 0.731276 0.739843 