Releaseoutput64/ParameterPackage/11/RelativeDensity_10.asc
ncols  20
nrows  20
xllcorner  0
yllcorner  0
cellsize  30
NODATA_value  -9999
0.000000 0.000000 0.000000 0.000000 0.000000 0.000000 0.000000 0.000000 0.000000 0.000000 0.000000 0.000000 0.000000 0.000000 0.000000 0.000000 0.419682 0.419682 0.419682 0.000000 0.000000 0.000000 0.000000 0.000000 0.000000 0.000000 0.000000 0.000000 0.000000 0.000000 0.000000 0.000000 0.000000 0.000000 0.000000 0.000000 0.419682 0.419682 0.000000 0.000000 0.000000 0.000000 0.419682 0.419682 0.419682 0.000000 0.000000 0.000000 0.000000 0.000000 0.000000 0.000000 0.000000 0.419682 0.419682 0.419682 0.419682 0.419682 0.419682 0.419682 0.000000 0.419682 0.419682 0.419682 0.419682 0.419682 0.419682 0.419682 0.419682 0.419682 0.419682 0.419682 0.419682 0.419682 0.000000 0.000000 0.000000 0.000000 0.000000 0.000000 0.419682 0.419682 0.419682 0.419682 0.419682 0.419682 0.419682 0.419682 0.419682 0.419682 0.000000 0.000000 0.000000 0.000000 0.000000 0.000000 0.622667 0.706029 0.555346 0.267064 0.419682 0.419682 0.419682 0.419682 0.419682 0.419682 0.000000 0.000000 0.000000 0.000000 0.000000 0.000000 1.055437 0.583994 0.983668 0.657347 0.595453 0.000000 0.000000 1.751212 0.419682 0.000000 0.000000 0.000000 0.000000 0.000000 0.000000 0.000000 0.602898 0.000000 0.407474 0.605228 0.000000 0.595021 0.596619 0.106988 0.466738 0.607230 0.603881 0.553970 0.000000 0.000000 0.000000 0.000000 1.055437 1.055437 0.000000 0.596619 0.571826 0.603608 0.165120 0.407474 0.575436 0.689136 0.522699 0.000000 0.520384 0.561976 0.629405 0.607950 1.055437 1.055437 1.055437 1.055437 1.055437 0.541438 0.490140 0.106988 0.503570 0.601919 0.601072 0.504777 0.212519 0.728572 0.553970 0.285806 0.258875 0.994705 0.752706 0.479595 1.055437 1.055437 1.055437 1.055437 0.459611 0.745407 0.508307 0.587003 0.241131 0.267064 0.553380 0.470431 0.410048 0.000000 1.012602 0.524232 0.593905 1.118681 0.739296 0.755962 0.045587 1.055437 1.055437 0.760321 0.570833 0.759140 0.459611 0.543340 0.587003 0.562422 0.455058 0.588377 0.410048 0.992357 0.000000 0.479595 0.589429 0.285806 0.516656 0.479595 0.045587 1.055437 1.055437 0.760680 0.756533 0.760321 0.752945 0.602210 0.575436 1.134055 0.545953 1.131936 0.577531 0.410048 0.729541 0.730229 0.657436 0.694647 0.771149 1.295717 1.055437 1.055437 1.055437 0.459611 0.749094 1.735445 0.459611 0.459611 0.597282 0.571778 0.144576 0.613858 0.529653 0.410048 0.748613 0.624927 0.746686 0.753306 0.643324 0.479595 1.055437 1.055437 0.749094 0.749094 1.739132 0.759989 0.752945 0.459611 0.459611 0.218030 0.607950 0.586159 0.609358 0.306927 0.763732 0.219616 0.737565 0.752925 0.744672 0.718059 1.055437 1.055437 1.739132 0.753863 1.739132 0.459611 1.739132 0.459611 0.459611 1.332928 0.751573 0.062930 0.570251 0.196923 0.756699 0.713439 0.739296 0.607950 0.516656 0.621293 1.055437 1.055437 0.459611 1.739132 1.739132 0.459611 0.759989 0.745407 0.270075 0.017218 0.751314 0.621293 0.597431 0.599376 0.267064 0.657436 0.017218 0.750187 0.516656 0.754733 1.055437 1.055437 1.055437 0.459611 0.758683 0.750828 1.739132 1.739132 0.749094 0.405720 0.751199 0.803198 0.697775 0.730229 0.607950 0.752000 0.737731 0.751314 0.757770 0.743122 1.055437 1.055437 0.639215 0.639215 0.639215 0.639215 1.739132 0.749258 0.749094 0.749094 0.749094 0.017218 0.479595 0.219616 0.739296 0.219616 0.479595 0.270075 0.516656 0.735347 1.055437 1.055437 0.639215 0.667710 0.605933 0.588052 0.639215 0.639215 0.639215 0.459611 0.459611 1.735445 0.607950 0.479595 0.686797 0.607950 0.751904 0.701129 0.762179 0.750611 0.221030 0.639215 1.055437 0.848508 0.716102 0.792997 0.608155 0.605141 0.639215 0.639215 0.745407 1.703822 0.156990 0.757126 0.156990 0.405720 0.739296 0.702316 0.607430 0.654120 