Releaseoutput64/ParameterPackage/11/TotalBio_0.asc
ncols  20
nrows  20
xllcorner  0
yllcorner  0
cellsize  30
NODATA_value  -9999
0.000000 0.000000 0.000000 0.000000 0.000000 0.000000 0.000000 0.000000 0.000000 0.000000 0.000000 0.000000 0.000000 0.000000 0.000000 0.000000 8.333594 8.333594 8.333594 0.000000 0.000000 0.000000 0.000000 0.000000 0.000000 0.000000 0.000000 0.000000 0.000000 0.000000 0.000000 0.000000 0.000000 0.000000 0.000000 0.000000 8.333594 8.333594 0.000000 0.000000 0.000000 0.000000 8.333594 8.333594 8.333594 0.000000 0.000000 0.000000 0.000000 0.000000 0.000000 0.000000 0.000000 8.333594 8.333594 8.333594 8.333594 8.333594 8.333594 8.333594 0.000000 8.333594 8.333594 8.333594 8.333594 8.333594 8.333594 8.333594 8.333594 8.333594 8.333594 8.333594 8.333594 8.333594 0.000000 0.000000 0.000000 0.000000 0.000000 0.000000 8.333594 8.333594 8.333594 8.333594 8.333594 8.333594 8.333594 8.333594 8.333594 8.333594 0.000000 0.000000 0.000000 0.000000 0.000000 0.000000 12.354985 14.514240 23.557320 6.135700 8.333594 8.333594 8.333594 8.333594 8.333594 8.333594 0.000000 0.000000 0.000000 0.000000 0.000000 0.000000 15.259919 18.049702 37.660288 15.683117 13.821293 0.000000 0.000000 57.949992 8.333594 0.000000 0.000000 0.000000 0.000000 0.000000 0.000000 0.000000 10.305447 0.000000 9.060146 12.121268 0.000000 12.696051 17.882724 2.378398 10.830055 10.305447 13.983860 14.725176 0.000000 0.000000 0.000000 0.000000 15.259919 15.259919 0.000000 17.882724 21.516436 10.010893 3.138476 9.060146 21.942787 26.491307 10.830055 0.000000 17.384534 10.049270 17.000039 5.489535 15.259919 15.259919 15.259919 15.259919 15.259919 16.999652 24.900818 2.378398 21.516436 17.386234 17.386234 10.830055 3.140383 9.193624 14.725176 6.367206 4.079813 38.839650 11.523427 9.189227 15.259919 15.259919 15.259919 15.259919 3.716176 13.659366 8.682094 12.632274 5.055981 6.135700 8.654626 23.557320 12.063268 0.000000 31.695391 16.999652 8.971594 48.505205 28.246395 16.515587 0.581271 15.259919 15.259919 13.659366 24.125527 13.659366 3.716176 8.971594 12.632274 17.384534 23.557320 16.879661 12.063268 23.018335 0.000000 9.189227 12.696051 6.367206 7.457345 9.189227 0.581271 15.259919 15.259919 13.659366 13.659366 13.659366 13.659366 10.010893 21.942787 48.505205 20.138055 46.171797 15.941977 12.063268 26.491307 19.625114 24.160551 24.160551 17.310407 27.423039 15.259919 15.259919 15.259919 3.716176 13.659366 23.294503 3.716176 3.716176 15.818762 16.879661 1.371843 15.941977 25.588509 12.063268 13.190781 24.990778 13.022120 11.474279 24.990778 9.189227 15.259919 15.259919 13.659366 13.659366 23.294503 13.659366 13.659366 3.716176 3.716176 4.583851 5.489535 17.386234 12.696051 5.748712 25.171644 4.655086 16.515587 13.443338 17.984991 20.379976 15.259919 15.259919 23.294503 13.659366 23.294503 3.716176 23.294503 3.716176 3.716176 27.423039 13.443338 1.132552 16.831602 3.509368 32.521137 20.130329 28.246395 5.489535 7.457345 24.160551 15.259919 15.259919 3.716176 23.294503 23.294503 3.716176 13.659366 13.659366 5.897186 0.195087 11.474279 24.160551 15.092489 13.821293 6.135700 24.160551 0.195087 11.474279 7.457345 9.319331 15.259919 15.259919 15.259919 3.716176 13.659366 13.659366 23.294503 23.294503 13.659366 3.946193 13.443338 23.411282 19.625114 19.625114 5.489535 14.503400 17.310407 11.474279 17.984991 13.443338 15.259919 15.259919 8.959670 8.959670 8.959670 8.959670 23.294503 13.659366 13.659366 13.659366 13.659366 0.195087 9.189227 4.655086 28.246395 4.655086 9.189227 5.897186 7.457345 19.393557 15.259919 15.259919 8.959670 22.008740 9.577987 16.027848 8.959670 8.959670 8.959670 3.716176 3.716176 23.294503 5.489535 9.189227 20.379976 5.489535 9.319331 24.990778 15.028627 17.533290 2.186466 8.959670 15.259919 33.003878 19.376781 21.100953 11.708091 13.266821 8.959670 8.959670 13.659366 23.294503 4.812431 9.319331 4.812431 3.946193 28.246395 22.008740 10.041451 22.299569 