Releaseoutput64/ParameterPackage/11/TotalCarbon_30.asc
ncols  20
nrows  20
xllcorner  0
yllcorner  0
cellsize  30
NODATA_value  -9999
0.000000 0.000000 0.000000 0.000000 0.000000 0.000000 0.000000 0.000000 0.000000 0.000000 0.000000 0.000000 0.000000 0.000000 0.000000 0.000000 4.166797 4.166797 4.166797 0.000000 0.000000 0.000000 0.000000 0.000000 0.000000 0.000000 0.000000 0.000000 0.000000 0.000000 0.000000 0.000000 0.000000 0.000000 0.000000 0.000000 4.166797 4.166797 0.000000 0.000000 0.000000 0.000000 4.166797 4.166797 4.166797 0.000000 0.000000 0.000000 0.000000 0.000000 0.000000 0.000000 0.000000 4.166797 4.166797 4.166797 4.166797 4.166797 4.166797 4.166797 0.000000 4.166797 4.166797 4.166797 4.166797 4.166797 4.166797 4.166797 4.166797 4.166797 4.166797 4.166797 4.166797 4.166797 0.000000 0.000000 0.000000 0.000000 0.000000 0.000000 4.166797 4.166797 4.166797 4.166797 4.166797 4.166797 4.166797 4.166797 4.166797 4.166797 0.000000 0.000000 0.000000 0.000000 0.000000 0.000000 6.177493 7.257120 12.633940 7.356294 4.166797 4.166797 4.166797 4.166797 4.166797 4.166797 0.000000 0.000000 0.000000 0.000000 0.000000 0.000000 7.629959 12.633940 18.039248 8.504800 9.579740 0.000000 0.000000 23.905673 4.166797 0.000000 0.000000 0.000000 0.000000 0.000000 0.000000 0.000000 9.290798 0.000000 9.191886 11.180738 0.000000 9.649597 11.580332 3.039191 10.676213 7.747461 12.926840 10.100720 0.000000 0.000000 0.000000 0.000000 7.629959 7.629959 0.000000 12.160453 10.500882 8.230910 4.568769 9.191886 15.534385 14.421003 10.676213 0.000000 11.520259 9.429179 11.889292 9.120366 7.629959 0.926170 7.629959 7.629959 7.629959 11.836592 13.669831 3.039191 11.332834 11.291268 11.619745 10.906190 1.570192 11.074845 10.220989 8.169264 6.040491 11.177649 11.093270 10.959333 0.926170 0.926170 0.926170 7.629959 6.760311 14.517376 10.134237 14.459346 6.092933 7.356294 9.478210 12.633940 11.542452 0.000000 13.649892 11.689870 8.231512 20.122098 17.794300 13.629289 0.877430 0.926170 7.629959 12.487578 13.341129 12.729273 6.805434 9.364180 12.730090 11.504739 12.069340 10.690611 11.542452 11.769231 0.000000 11.574071 11.685472 8.169264 10.448492 11.105932 0.877430 7.629959 7.629959 10.633823 12.199101 14.055275 13.852483 9.624605 15.534385 24.709812 10.647692 18.235998 7.761289 11.542452 14.421003 14.788402 15.554665 15.572762 14.872304 9.203470 7.629959 7.629959 7.629959 6.805434 10.511155 14.936625 6.795171 6.657389 10.666095 11.559853 2.332878 11.599714 10.913598 11.542452 11.922435 14.547517 11.970374 11.285175 14.938045 11.574071 7.629959 7.629959 12.025476 10.511155 15.467020 13.003055 12.347433 6.815719 5.516194 5.463293 8.393023 12.365078 8.101074 7.104401 12.475562 6.169524 14.939683 12.268832 15.448550 13.300926 7.629959 7.629959 15.467020 11.460513 15.467020 6.805434 14.936625 6.668883 6.668883 9.203470 10.941856 1.325628 11.650057 4.124594 7.481123 13.481203 17.794300 8.877909 10.448492 15.268563 7.629959 7.629959 6.790495 15.467020 14.936625 6.805434 10.511155 14.055275 6.045887 0.254499 11.461044 15.126796 15.084641 9.337331 7.356294 15.126796 0.254499 11.264926 7.111233 10.982471 7.629959 7.629959 7.629959 6.815719 13.228584 12.119204 15.467020 15.467020 11.229646 10.624813 11.612668 12.511770 14.083927 15.333383 9.022229 11.880863 12.376896 12.098731 15.448550 11.853617 7.629959 7.629959 11.131085 10.898046 11.131085 7.404743 14.936625 11.902582 12.025476 14.585446 12.025476 0.254499 11.574071 6.169524 17.794300 6.169524 11.574071 6.045887 10.448492 14.868583 7.629959 7.629959 9.322748 14.367596 9.087529 9.945156 11.131085 11.131085 11.201661 6.805434 6.805434 15.467020 8.537343 11.229618 13.921842 9.120366 11.600745 14.323307 13.114544 15.001776 4.444762 11.131085 7.629959 11.010180 15.069488 7.936153 10.745323 9.036739 11.308367 9.815504 11.229646 14.640329 4.070568 11.482348 4.070568 10.624813 17.794300 14.707613 11.479563 14.046535 