Releaseoutput64/ParameterPackage/11/TotalBA_20.asc
ncols  20
nrows  20
xllcorner  0
yllcorner  0
cellsize  30
NODATA_value  -9999
0.000000 0.000000 0.000000 0.000000 0.000000 0.000000 0.000000 0.000000 0.000000 0.000000 0.000000 0.000000 0.000000 0.000000 0.000000 0.000000 1.142146 1.142146 1.142146 0.000000 0.000000 0.000000 0.000000 0.000000 0.000000 0.000000 0.000000 0.000000 0.000000 0.000000 0.000000 0.000000 0.000000 0.000000 0.000000 0.000000 1.142146 1.142146 0.000000 0.000000 0.000000 0.000000 1.142146 1.142146 1.142146 0.000000 0.000000 0.000000 0.000000 0.000000 0.000000 0.000000 0.000000 1.142146 1.142146 1.142146 1.142146 1.142146 1.142146 1.142146 0.000000 1.142146 1.142146 1.142146 1.142146 1.142146 1.142146 1.142146 1.142146 1.142146 1.142146 1.142146 1.142146 1.142146 0.000000 0.000000 0.000000 0.000000 0.000000 0.000000 1.142146 1.142146 1.142146 1.142146 1.142146 1.142146 1.142146 1.142146 1.142146 1.142146 0.000000 0.000000 0.000000 0.000000 0.000000 0.000000 1.726070 1.951204 2.092850 1.150392 1.142146 1.142146 1.142146 1.142146 1.142146 1.142146 0.000000 0.000000 0.000000 0.000000 0.000000 0.000000 2.447301 2.169505 2.881488 1.689863 1.933454 0.000000 0.000000 4.995329 1.142146 0.000000 0.000000 0.000000 0.000000 0.000000 0.000000 0.000000 1.884700 0.000000 1.605275 2.007379 0.000000 2.070054 2.213173 0.467096 1.844331 1.783678 2.052186 2.051735 0.000000 0.000000 0.000000 0.000000 2.447301 2.447301 0.000000 2.213173 2.117610 1.841111 0.710884 1.605275 2.189454 2.655942 1.979596 0.000000 1.776806 1.918747 2.297152 2.025817 2.447301 0.318204 2.447301 2.447301 2.447301 2.108401 2.243981 0.467096 2.025581 2.119417 2.228921 2.127251 0.502655 2.269055 1.880950 1.251787 1.028636 2.186372 2.362301 1.935123 0.318204 0.318204 0.318204 2.447301 2.326271 2.555293 1.810598 2.358079 0.993430 1.150392 1.874039 2.092850 1.785956 0.000000 2.494425 2.063339 1.939501 3.215813 2.512646 2.501552 0.165915 0.318204 2.447301 2.601415 2.240525 2.572827 2.326271 1.848552 2.102904 2.087981 2.077771 2.077732 1.785956 2.171646 0.000000 1.935123 1.998151 1.251787 1.953050 1.935123 0.165915 2.447301 2.447301 2.587435 2.544710 2.610762 2.561674 2.055348 2.296975 4.042837 2.031079 3.699029 2.149753 1.785956 2.449186 2.521756 2.534087 2.588358 2.386904 2.851938 2.447301 2.447301 2.447301 2.326271 2.572356 4.247296 2.326271 2.326271 2.164479 2.017845 0.708272 1.832746 2.072528 1.785956 2.473788 2.319516 2.428726 2.365914 2.661459 1.935123 2.447301 2.447301 2.569607 2.572356 4.261610 2.558042 2.497743 2.326271 2.326271 0.897023 1.961552 2.163890 2.081109 1.216857 2.667840 0.951844 2.556039 2.454566 2.604086 2.611606 2.447301 2.447301 4.261610 2.581447 4.261610 2.326271 4.181185 2.326271 2.326271 2.993800 2.398076 0.239546 2.062966 0.747444 1.572721 2.688280 2.854765 2.016412 1.953050 2.567565 2.447301 2.447301 2.326271 4.261610 4.261610 2.326271 2.537720 2.555293 1.060052 0.094640 2.305654 2.517613 2.164400 2.005180 1.150392 2.508640 0.094640 2.324170 1.921634 2.160670 2.447301 2.447301 2.447301 2.326271 2.626862 2.546673 4.261610 4.261610 2.598588 1.805022 2.349636 2.209168 2.632969 2.521756 2.025817 2.567741 2.561007 2.371706 2.472139 2.311054 2.447301 2.447301 2.247299 2.221322 2.263733 2.263733 4.261610 2.593777 2.569607 2.569607 2.544160 0.094640 1.935123 0.951844 2.512646 0.951844 1.935123 1.060052 1.921634 2.476459 2.447301 2.447301 2.263733 2.642276 1.865085 2.013545 2.263733 2.263733 2.262320 2.326271 2.326271 4.247296 2.025817 1.935123 2.641019 2.025817 2.160670 2.670393 2.558925 2.369664 0.989975 2.263733 2.447301 2.210837 2.447163 1.790511 1.856014 1.817843 2.263733 2.049712 2.584274 4.221849 0.663661 2.351678 0.663661 1.805022 2.512646 2.669313 2.267464 2.443334 