Releaseoutput64/ParameterPackage/11/TotalCarbon_50.asc
ncols  20
nrows  20
xllcorner  0
yllcorner  0
cellsize  30
NODATA_value  -9999
0.000000 0.000000 0.000000 0.000000 0.000000 0.000000 0.000000 0.000000 0.000000 0.000000 0.000000 0.000000 0.000000 0.000000 0.000000 0.000000 4.166797 4.166797 4.166797 0.000000 0.000000 0.000000 0.000000 0.000000 0.000000 0.000000 0.000000 0.000000 0.000000 0.000000 0.000000 0.000000 0.000000 0.000000 0.000000 0.000000 4.166797 4.166797 0.000000 0.000000 0.000000 0.000000 4.166797 4.166797 4.166797 0.000000 0.000000 0.000000 0.000000 0.000000 0.000000 0.000000 0.000000 4.166797 4.166797 4.166797 4.166797 4.166797 4.166797 4.166797 0.000000 4.166797 4.166797 4.166797 4.166797 4.166797 4.166797 4.166797 4.166797 4.166797 4.166797 4.166797 4.166797 4.166797 0.000000 0.000000 0.000000 0.000000 0.000000 0.000000 4.166797 4.166797 4.166797 4.166797 4.166797 4.166797 4.166797 4.166797 4.166797 4.166797 0.000000 0.000000 0.000000 0.000000 0.000000 0.000000 6.177493 7.257120 17.057086 11.536406 4.166797 4.166797 4.166797 4.166797 4.166797 4.166797 0.000000 0.000000 0.000000 0.000000 0.000000 0.000000 7.629959 20.773044 28.610149 9.429179 11.986343 0.000000 0.000000 33.637953 4.166797 0.000000 0.000000 0.000000 0.000000 0.000000 0.000000 0.000000 11.519429 0.000000 10.556627 15.062463 0.000000 11.818427 14.209020 4.867438 12.837559 10.194982 21.091438 10.496927 0.000000 0.000000 0.000000 0.000000 7.629959 7.629959 0.000000 9.245189 14.863831 10.604519 7.690591 11.162947 19.303372 16.578635 11.303748 0.000000 15.534385 16.406141 15.630355 11.969229 7.629959 0.926170 7.629959 7.629959 7.629959 14.102480 19.756133 4.867438 12.299354 12.656363 11.642800 13.821738 1.570192 14.289913 15.084641 13.208093 10.252228 16.704926 13.625499 14.125556 0.926170 0.926170 0.926170 7.629959 9.037682 18.992385 10.514596 20.116490 9.554119 11.536406 11.641908 13.341129 16.519425 0.000000 16.562092 17.818438 10.349466 26.735287 23.708295 19.245791 1.490667 0.926170 7.629959 18.992385 20.278318 17.225370 8.926323 12.104418 17.923235 19.250342 20.011693 14.606386 5.530127 16.003364 0.000000 14.125556 12.969907 13.208093 13.067859 14.687778 1.490667 7.629959 7.629959 17.765821 17.225370 18.343900 16.672462 13.260500 19.303372 29.585096 12.969907 28.823745 11.695634 16.519425 17.327176 19.355669 17.134356 20.851129 18.442777 13.246556 7.629959 7.629959 7.629959 9.044094 15.275436 12.116762 8.957297 8.715870 16.015312 14.606386 4.257646 14.721265 14.863831 10.468148 16.823789 16.683702 14.421661 11.824879 19.197367 14.036063 7.629959 7.629959 16.940645 15.275436 12.116762 16.192103 13.300330 8.936077 7.403617 8.540578 11.002548 16.048373 10.760634 7.586810 20.366383 10.018126 19.290037 14.844725 17.833074 15.524325 7.629959 7.629959 12.116762 16.672462 12.116762 8.973543 12.116762 7.609477 8.716534 13.246556 14.644472 2.066898 19.250342 6.421185 12.387256 16.918940 27.526706 11.969229 13.263643 20.851129 7.629959 7.629959 9.009010 12.116762 12.116762 8.896076 16.368794 18.343900 8.882999 0.410822 14.303154 20.851129 24.028043 11.424310 11.536406 20.851129 0.410822 14.526323 10.706911 14.697760 7.629959 7.629959 7.629959 9.034172 18.343900 16.100612 12.116762 12.116762 17.219142 14.837730 13.324496 16.663314 17.789887 22.487835 11.969229 15.816401 15.688714 15.146896 19.197367 16.573812 7.629959 7.629959 12.984831 14.527344 14.889388 10.148112 12.116762 16.678691 16.940645 17.790992 18.343900 0.410822 15.002184 10.018126 27.526706 10.018126 14.687778 8.882999 13.263643 20.587791 7.629959 7.629959 12.091848 18.928543 10.624841 11.500831 14.527344 11.223133 14.737540 8.739856 8.739856 12.116762 11.002548 15.473169 17.447317 10.329459 13.573808 19.197367 15.081552 18.928543 6.934369 15.041236 7.629959 16.220234 24.661748 10.048613 14.112284 11.050556 15.041236 9.996264 16.672462 12.116762 5.475041 15.244668 5.475041 14.837730 27.526706 18.928543 15.598861 21.899430 