Releaseoutput64/ParameterPackage/11/TotalBio_30.asc
ncols  20
nrows  20
xllcorner  0
yllcorner  0
cellsize  30
NODATA_value  -9999
0.000000 0.000000 0.000000 0.000000 0.000000 0.000000 0.000000 0.000000 0.000000 0.000000 0.000000 0.000000 0.000000 0.000000 0.000000 0.000000 8.333594 8.333594 8.333594 0.000000 0.000000 0.000000 0.000000 0.000000 0.000000 0.000000 0.000000 0.000000 0.000000 0.000000 0.000000 0.000000 0.000000 0.000000 0.000000 0.000000 8.333594 8.333594 0.000000 0.000000 0.000000 0.000000 8.333594 8.333594 8.333594 0.000000 0.000000 0.000000 0.000000 0.000000 0.000000 0.000000 0.000000 8.333594 8.333594 8.333594 8.333594 8.333594 8.333594 8.333594 0.000000 8.333594 8.333594 8.333594 8.333594 8.333594 8.333594 8.333594 8.333594 8.333594 8.333594 8.333594 8.333594 8.333594 0.000000 0.000000 0.000000 0.000000 0.000000 0.000000 8.333594 8.333594 8.333594 8.333594 8.333594 8.333594 8.333594 8.333594 8.333594 8.333594 0.000000 0.000000 0.000000 0.000000 0.000000 0.000000 12.354985 14.514240 25.267881 14.712589 8.333594 8.333594 8.333594 8.333594 8.333594 8.333594 0.000000 0.000000 0.000000 0.000000 0.000000 0.000000 15.259919 25.267881 36.078496 17.009599 19.159479 0.000000 0.000000 47.811345 8.333594 0.000000 0.000000 0.000000 0.000000 0.000000 0.000000 0.000000 18.581596 0.000000 18.383773 22.361475 0.000000 19.299194 23.160664 6.078381 21.352427 15.494922 25.853680 20.201440 0.000000 0.000000 0.000000 0.000000 15.259919 15.259919 0.000000 24.320905 21.001764 16.461820 9.137538 18.383773 31.068769 28.842006 21.352427 0.000000 23.040517 18.858357 23.778583 18.240732 15.259919 1.852341 15.259919 15.259919 15.259919 23.673184 27.339661 6.078381 22.665667 22.582537 23.239489 21.812380 3.140383 22.149689 20.441979 16.338527 12.080983 22.355298 22.186540 21.918667 1.852341 1.852341 1.852341 15.259919 13.520621 29.034752 20.268475 28.918692 12.185867 14.712589 18.956420 25.267881 23.084903 0.000000 27.299784 23.379741 16.463024 40.244197 35.588600 27.258579 1.754859 1.852341 15.259919 24.975155 26.682258 25.458545 13.610869 18.728360 25.460179 23.009479 24.138680 21.381221 23.084903 23.538461 0.000000 23.148142 23.370944 16.338527 20.896983 22.211864 1.754859 15.259919 15.259919 21.267645 24.398203 28.110549 27.704965 19.249210 31.068769 49.419625 21.295383 36.471997 15.522578 23.084903 28.842006 29.576803 31.109329 31.145524 29.744609 18.406940 15.259919 15.259919 15.259919 13.610869 21.022311 29.873249 13.590343 13.314778 21.332190 23.119705 4.665755 23.199429 21.827195 23.084903 23.844869 29.095035 23.940748 22.570350 29.876089 23.148142 15.259919 15.259919 24.050953 21.022311 30.934040 26.006111 24.694866 13.631438 11.032388 10.926585 16.786047 24.730156 16.202148 14.208802 24.951124 12.339048 29.879367 24.537664 30.897100 26.601852 15.259919 15.259919 30.934040 22.921027 30.934040 13.610869 29.873249 13.337766 13.337766 18.406940 21.883712 2.651257 23.300114 8.249188 14.962247 26.962406 35.588600 17.755818 20.896983 30.537126 15.259919 15.259919 13.580990 30.934040 29.873249 13.610869 21.022311 28.110549 12.091774 0.508997 22.922087 30.253592 30.169282 18.674663 14.712589 30.253592 0.508997 22.529853 14.222465 21.964941 15.259919 15.259919 15.259919 13.631438 26.457168 24.238407 30.934040 30.934040 22.459291 21.249627 23.225335 25.023540 28.167855 30.666766 18.044458 23.761726 24.753791 24.197461 30.897100 23.707234 15.259919 15.259919 22.262169 21.796093 22.262169 14.809486 29.873249 23.805164 24.050953 29.170892 24.050953 0.508997 23.148142 12.339048 35.588600 12.339048 23.148142 12.091774 20.896983 29.737166 15.259919 15.259919 18.645495 28.735193 18.175059 19.890311 22.262169 22.262169 22.403323 13.610869 13.610869 30.934040 17.074687 22.459237 27.843683 18.240732 23.201489 28.646614 26.229088 30.003552 8.889524 22.262169 15.259919 22.020360 30.138976 15.872305 21.490646 18.073479 22.616734 19.631007 22.459291 29.280659 8.141135 22.964695 8.141135 21.249627 35.588600 29.415226 22.959125 28.093071 