Releaseoutput64/ParameterPackage/11/TotalBA_10.asc
ncols  20
nrows  20
xllcorner  0
yllcorner  0
cellsize  30
NODATA_value  -9999
0.000000 0.000000 0.000000 0.000000 0.000000 0.000000 0.000000 0.000000 0.000000 0.000000 0.000000 0.000000 0.000000 0.000000 0.000000 0.000000 1.142146 1.142146 1.142146 0.000000 0.000000 0.000000 0.000000 0.000000 0.000000 0.000000 0.000000 0.000000 0.000000 0.000000 0.000000 0.000000 0.000000 0.000000 0.000000 0.000000 1.142146 1.142146 0.000000 0.000000 0.000000 0.000000 1.142146 1.142146 1.142146 0.000000 0.000000 0.000000 0.000000 0.000000 0.000000 0.000000 0.000000 1.142146 1.142146 1.142146 1.142146 1.142146 1.142146 1.142146 0.000000 1.142146 1.142146 1.142146 1.142146 1.142146 1.142146 1.142146 1.142146 1.142146 1.142146 1.142146 1.142146 1.142146 0.000000 0.000000 0.000000 0.000000 0.000000 0.000000 1.142146 1.142146 1.142146 1.142146 1.142146 1.142146 1.142146 1.142146 1.142146 1.142146 0.000000 0.000000 0.000000 0.000000 0.000000 0.000000 1.726070 1.951204 1.901331 0.907488 1.142146 1.142146 1.142146 1.142146 1.142146 1.142146 0.000000 0.000000 0.000000 0.000000 0.000000 0.000000 2.447301 1.998662 3.447682 1.800525 1.977220 0.000000 0.000000 5.555043 1.142146 0.000000 0.000000 0.000000 0.000000 0.000000 0.000000 0.000000 1.763612 0.000000 1.320588 1.929291 0.000000 1.907516 1.980087 0.362697 1.572289 1.713425 2.017963 1.725912 0.000000 0.000000 0.000000 0.000000 2.447301 2.447301 0.000000 1.980087 1.793908 1.741954 0.531734 1.320588 2.160650 2.335578 1.760863 0.000000 1.724086 1.798287 1.806239 1.492256 2.447301 2.447301 2.447301 2.447301 2.447301 1.855994 1.723713 0.362697 1.580967 1.892122 1.988098 1.670071 0.502655 2.043370 1.725912 0.965058 0.768159 3.076405 2.126603 1.504509 2.447301 2.447301 2.447301 2.447301 1.596106 2.309444 1.532999 2.003826 0.780725 0.907488 1.586170 1.629799 1.488958 0.000000 3.229047 1.812620 1.713621 4.056248 2.707425 2.452740 0.123150 2.447301 2.447301 2.337895 2.140387 2.293893 1.596106 1.547431 2.003826 1.856112 1.563198 1.770916 1.488958 2.786946 0.000000 1.504509 1.950340 0.965058 1.443228 1.504509 0.123150 2.447301 2.447301 2.308521 2.267543 2.337895 2.314902 1.798758 2.160650 4.122849 1.738773 3.874546 1.947984 1.488958 2.461241 2.365698 2.311348 2.424760 2.540724 3.546033 2.447301 2.447301 2.447301 1.596106 2.315805 4.403335 1.596106 1.596106 1.966912 1.734709 0.477777 2.135282 1.715094 1.488958 2.186470 2.130510 2.366680 2.075218 2.177654 1.504509 2.447301 2.447301 2.315805 2.315805 4.409696 2.268308 2.314902 1.596106 1.596106 0.708488 1.492256 1.929429 1.981599 0.941908 2.436521 0.729753 2.405596 2.289023 2.590695 2.322579 2.447301 2.447301 4.409696 2.312448 4.409696 1.596106 4.409696 1.596106 1.596106 3.659445 2.233790 0.189006 1.717332 0.590521 2.423169 2.278636 2.707425 1.492256 1.443228 2.160552 2.447301 2.447301 1.596106 4.409696 4.409696 1.596106 2.268308 2.309444 0.870260 0.072963 2.101195 2.160552 2.130019 1.930725 0.907488 2.311348 0.072963 2.126407 1.443228 2.148241 2.447301 2.447301 2.447301 1.596106 2.330119 2.247751 4.409696 4.409696 2.315805 1.111888 2.219908 2.326958 2.219928 2.365698 1.492256 2.295778 2.379717 2.101195 2.638054 2.184467 2.447301 2.447301 1.773017 1.773017 1.773017 1.773017 4.409696 2.308540 2.315805 2.315805 2.315805 0.072963 1.504509 0.729753 2.707425 0.729753 1.504509 0.870260 1.443228 2.474436 2.447301 2.447301 1.773017 2.165519 1.745430 1.892927 1.773017 1.773017 1.773017 1.596106 1.596106 4.403335 1.492256 1.504509 2.235204 1.492256 2.114017 2.374003 2.551287 2.481014 0.653059 1.773017 2.447301 2.601788 2.396544 2.072312 1.812267 1.774862 1.773017 1.773017 2.309444 4.314958 0.574951 2.154818 0.574951 1.111888 2.707425 2.257764 1.704412 2.277399 