Releaseoutput64/ParameterPackage/11/TotalBA_50.asc
ncols  20
nrows  20
xllcorner  0
yllcorner  0
cellsize  30
NODATA_value  -9999
0.000000 0.000000 0.000000 0.000000 0.000000 0.000000 0.000000 0.000000 0.000000 0.000000 0.000000 0.000000 0.000000 0.000000 0.000000 0.000000 1.142146 1.142146 1.142146 0.000000 0.000000 0.000000 0.000000 0.000000 0.000000 0.000000 0.000000 0.000000 0.000000 0.000000 0.000000 0.000000 0.000000 0.000000 0.000000 0.000000 1.142146 1.142146 0.000000 0.000000 0.000000 0.000000 1.142146 1.142146 1.142146 0.000000 0.000000 0.000000 0.000000 0.000000 0.000000 0.000000 0.000000 1.142146 1.142146 1.142146 1.142146 1.142146 1.142146 1.142146 0.000000 1.142146 1.142146 1.142146 1.142146 1.142146 1.142146 1.142146 1.142146 1.142146 1.142146 1.142146 1.142146 1.142146 0.000000 0.000000 0.000000 0.000000 0.000000 0.000000 1.142146 1.142146 1.142146 1.142146 1.142146 1.142146 1.142146 1.142146 1.142146 1.142146 0.000000 0.000000 0.000000 0.000000 0.000000 0.000000 1.726070 1.951204 2.896941 2.056997 1.142146 1.142146 1.142146 1.142146 1.142146 1.142146 0.000000 0.000000 0.000000 0.000000 0.000000 0.000000 2.447301 3.519055 4.705399 1.837675 2.057684 0.000000 0.000000 5.654395 1.142146 0.000000 0.000000 0.000000 0.000000 0.000000 0.000000 0.000000 2.128213 0.000000 2.062279 2.539506 0.000000 2.061199 2.389731 0.859697 2.446672 2.180815 3.549214 1.867677 0.000000 0.000000 0.000000 0.000000 2.447301 2.447301 0.000000 1.753342 2.488455 2.123147 1.407139 2.212565 3.082845 2.829947 2.349047 0.000000 2.683313 2.898276 2.900318 2.545947 2.447301 0.318204 2.447301 2.447301 2.447301 2.381641 3.257596 0.859697 2.103925 2.288729 2.007164 2.412979 0.502655 2.751898 2.704754 2.350186 2.045216 2.732243 2.687907 2.617261 0.318204 0.318204 0.318204 2.447301 3.243243 3.257203 2.014487 3.422294 1.787291 2.056997 2.246278 2.274827 2.851781 0.000000 2.985770 3.003755 2.117394 4.327073 3.791588 3.296787 0.332380 0.318204 2.447301 3.257203 3.209765 2.968825 3.198004 2.317651 3.013808 3.305427 3.412241 2.530003 1.077959 3.031009 0.000000 2.617261 2.298782 2.350186 2.599648 2.718518 0.332380 2.447301 2.447301 3.141023 2.968825 3.161699 2.883373 2.313331 3.082845 4.832319 2.298782 4.725505 2.110188 2.851781 2.935504 3.480885 2.871121 3.417110 3.127475 2.611606 2.447301 2.447301 2.447301 3.214968 2.682311 2.473062 3.185987 3.247307 2.726038 2.530003 1.715722 2.343864 2.488455 1.801212 3.041062 2.891227 2.793583 2.355959 3.190916 2.779504 2.447301 2.447301 3.004010 2.682311 2.473062 2.898453 2.460574 3.203482 3.114418 1.599287 2.456097 2.635482 1.949672 1.564474 3.548743 1.796009 3.402659 2.697116 3.046501 2.826098 2.447301 2.447301 2.473062 2.883373 2.473062 3.175384 2.473062 3.123607 3.241652 2.611606 2.901359 0.429338 3.305427 1.332722 2.208972 2.972575 4.427761 2.545947 2.634461 3.417110 2.447301 2.447301 3.198004 2.473062 2.473062 3.176798 2.939961 3.161699 1.743937 0.176636 2.717733 3.417110 3.966418 2.139699 2.056997 3.417110 0.176636 2.789970 2.427921 2.910843 2.447301 2.447301 2.447301 3.199418 3.161699 2.819324 2.473062 2.473062 3.012198 2.905973 2.703871 3.088814 3.090699 3.844995 2.545947 3.085869 2.944340 2.847382 3.190916 3.115871 2.447301 2.447301 2.652132 2.792522 2.821504 2.375751 2.473062 2.840000 3.004010 3.076247 3.161699 0.176636 2.812845 1.796009 4.427761 1.796009 2.718518 1.743937 2.634461 3.492823 2.447301 2.447301 2.532752 3.156672 2.047612 2.255212 2.792522 2.319811 2.792346 3.197120 3.197120 2.473062 2.456097 2.892013 3.036055 2.358079 2.781645 3.190916 2.618832 3.156672 2.022400 2.850661 2.447301 2.942710 4.161982 2.041407 2.479738 2.191987 2.850661 2.346593 2.883373 2.473062 0.967964 2.924587 0.967964 2.905973 4.427761 3.156672 2.955767 3.669380 