Releaseoutput64/ParameterPackage/11/TotalBio_40.asc
ncols  20
nrows  20
xllcorner  0
yllcorner  0
cellsize  30
NODATA_value  -9999
0.000000 0.000000 0.000000 0.000000 0.000000 0.000000 0.000000 0.000000 0.000000 0.000000 0.000000 0.000000 0.000000 0.000000 0.000000 0.000000 8.333594 8.333594 8.333594 0.000000 0.000000 0.000000 0.000000 0.000000 0.000000 0.000000 0.000000 0.000000 0.000000 0.000000 0.000000 0.000000 0.000000 0.000000 0.000000 0.000000 8.333594 8.333594 0.000000 0.000000 0.000000 0.000000 8.333594 8.333594 8.333594 0.000000 0.000000 0.000000 0.000000 0.000000 0.000000 0.000000 0.000000 8.333594 8.333594 8.333594 8.333594 8.333594 8.333594 8.333594 0.000000 8.333594 8.333594 8.333594 8.333594 8.333594 8.333594 8.333594 8.333594 8.333594 8.333594 8.333594 8.333594 8.333594 0.000000 0.000000 0.000000 0.000000 0.000000 0.000000 8.333594 8.333594 8.333594 8.333594 8.333594 8.333594 8.333594 8.333594 8.333594 8.333594 0.000000 0.000000 0.000000 0.000000 0.000000 0.000000 12.354985 14.514240 32.812281 18.612047 8.333594 8.333594 8.333594 8.333594 8.333594 8.333594 0.000000 0.000000 0.000000 0.000000 0.000000 0.000000 15.259919 32.812281 45.932600 21.205687 19.102603 0.000000 0.000000 55.034658 8.333594 0.000000 0.000000 0.000000 0.000000 0.000000 0.000000 0.000000 20.283432 0.000000 17.584132 24.855403 0.000000 24.260069 28.594166 7.780099 22.010767 16.664271 33.424281 16.092453 0.000000 0.000000 0.000000 0.000000 15.259919 15.259919 0.000000 15.021640 26.998407 19.060315 12.018635 22.405218 38.891874 31.805284 19.480865 0.000000 25.750736 25.267881 27.312241 20.731952 15.259919 1.852341 15.259919 15.259919 15.259919 28.224567 31.663472 7.780099 25.507739 25.008846 18.478229 24.055920 3.140383 25.183317 23.009479 21.010225 15.960614 28.382520 24.442397 27.995381 1.852341 1.852341 1.852341 15.259919 15.851154 32.181481 23.924309 37.601198 15.416912 18.612047 20.199374 26.903068 27.787783 0.000000 29.967168 28.515203 18.718757 50.710301 38.605360 30.195063 2.320482 1.852341 15.259919 32.181481 33.192255 30.624143 15.851154 21.570183 28.425770 30.169282 31.490782 25.264101 27.787783 27.517071 0.000000 27.995381 26.130955 21.010225 24.220847 27.400411 2.320482 15.259919 15.259919 27.801488 31.131906 31.075666 29.386885 22.232750 38.891874 62.528728 23.680254 46.343397 19.217737 27.787783 31.805284 32.072717 33.561095 39.627134 29.637345 23.410524 15.259919 15.259919 15.259919 15.902639 28.117974 26.182000 15.686051 15.355621 27.378625 27.776254 6.405323 28.849129 25.939814 27.787783 29.343786 32.628819 25.141968 23.634965 36.732507 23.477792 15.259919 15.259919 26.163281 28.117974 26.182000 28.914163 24.922551 15.626528 13.463724 13.799433 19.209206 27.642441 21.381982 11.723177 31.627102 15.913281 31.699517 28.520227 28.674333 28.880742 15.259919 15.259919 26.182000 30.339007 26.182000 15.790660 26.182000 13.649353 15.371180 23.410524 25.728328 3.342493 30.169282 10.393623 19.502262 32.236076 44.693732 20.731952 24.220847 33.538761 15.259919 15.259919 15.740211 26.182000 26.182000 15.812427 25.711758 31.075666 14.766431 0.654314 25.551087 33.538761 38.500685 18.339337 18.612047 33.538761 0.654314 25.511553 18.892554 26.003046 15.259919 15.259919 15.259919 15.892119 28.669450 29.624878 26.182000 26.182000 27.293725 24.829476 25.226397 26.667115 30.298727 37.935549 20.731952 27.303203 28.527260 26.060740 36.732507 26.523698 15.259919 15.259919 22.285686 25.517596 26.023041 18.340474 26.182000 30.624143 26.163281 30.151463 31.896485 0.654314 27.400411 15.913281 44.693732 15.913281 27.400411 14.766431 24.220847 38.580074 15.259919 15.259919 21.978024 31.256462 19.751704 21.810483 25.517596 26.023041 25.508341 15.902639 15.604708 26.182000 19.209206 27.693608 31.440366 20.731952 22.941923 36.732507 29.545859 34.599337 12.508663 26.023041 15.259919 26.485728 39.035571 18.875507 22.969609 20.426197 26.023041 17.869712 29.568637 23.775784 9.484390 27.849713 9.484390 24.829476 44.693732 32.169153 25.855112 34.799450 