Releaseoutput64/ParameterPackage/11/TotalBA_40.asc
ncols  20
nrows  20
xllcorner  0
yllcorner  0
cellsize  30
NODATA_value  -9999
0.000000 0.000000 0.000000 0.000000 0.000000 0.000000 0.000000 0.000000 0.000000 0.000000 0.000000 0.000000 0.000000 0.000000 0.000000 0.000000 1.142146 1.142146 1.142146 0.000000 0.000000 0.000000 0.000000 0.000000 0.000000 0.000000 0.000000 0.000000 0.000000 0.000000 0.000000 0.000000 0.000000 0.000000 0.000000 0.000000 1.142146 1.142146 0.000000 0.000000 0.000000 0.000000 1.142146 1.142146 1.142146 0.000000 0.000000 0.000000 0.000000 0.000000 0.000000 0.000000 0.000000 1.142146 1.142146 1.142146 1.142146 1.142146 1.142146 1.142146 0.000000 1.142146 1.142146 1.142146 1.142146 1.142146 1.142146 1.142146 1.142146 1.142146 1.142146 1.142146 1.142146 1.142146 0.000000 0.000000 0.000000 0.000000 0.000000 0.000000 1.142146 1.142146 1.142146 1.142146 1.142146 1.142146 1.142146 1.142146 1.142146 1.142146 0.000000 0.000000 0.000000 0.000000 0.000000 0.000000 1.726070 1.951204 2.898276 1.725147 1.142146 1.142146 1.142146 1.142146 1.142146 1.142146 0.000000 0.000000 0.000000 0.000000 0.000000 0.000000 2.447301 2.898276 3.927541 2.211210 1.706827 0.000000 0.000000 4.845200 1.142146 0.000000 0.000000 0.000000 0.000000 0.000000 0.000000 0.000000 1.972606 0.000000 1.772644 2.198172 0.000000 2.189454 2.590184 0.715596 2.203199 1.873587 2.928436 1.500739 0.000000 0.000000 0.000000 0.000000 2.447301 2.447301 0.000000 1.477157 2.427685 2.063496 1.148586 2.260533 3.227437 2.824920 2.116943 0.000000 2.355645 2.337816 2.694230 2.358747 2.447301 0.318204 2.447301 2.447301 2.447301 2.479738 2.713472 0.715596 2.261495 2.338130 1.659487 2.215589 0.502655 2.567800 2.164400 1.944351 1.667165 2.451071 2.503123 2.788144 0.318204 0.318204 0.318204 2.447301 3.036212 2.910371 2.267071 3.326868 1.496714 1.725147 2.059766 2.382977 2.467368 0.000000 2.870159 2.523111 2.037126 4.258036 3.200969 2.698628 0.270530 0.318204 2.447301 2.910371 2.722190 2.862069 3.036212 2.207519 2.489791 2.704754 2.801515 2.311427 2.467368 2.769628 0.000000 2.788144 2.389751 1.944351 2.562126 2.706364 0.270530 2.447301 2.447301 2.562283 2.883982 2.824920 2.706796 2.054680 3.227437 5.288636 2.206282 3.947647 1.793653 2.467368 2.824920 3.041376 2.922074 3.384752 2.612332 2.479109 2.447301 2.447301 2.447301 3.067137 2.707503 2.860106 3.019777 3.054413 2.461791 2.566603 1.327244 2.471098 2.298782 2.467368 2.828140 2.924293 2.589006 2.434459 3.178663 2.433537 2.447301 2.447301 2.424053 2.707503 2.860106 2.778424 2.387610 3.021721 2.966154 1.342422 2.281051 2.398469 2.009716 1.263961 2.880212 1.484972 2.955002 2.772259 2.547203 2.780781 2.447301 2.447301 2.860106 2.843220 2.860106 3.015006 2.860106 2.950250 3.053707 2.479109 2.714788 0.359712 2.704754 1.118544 1.812169 2.932677 3.729070 2.358747 2.562126 2.856650 2.447301 2.447301 3.004403 2.860106 2.860106 3.041690 2.461202 2.824920 1.496890 0.146477 2.596723 2.856650 3.305427 1.787998 1.725147 2.856650 0.146477 2.618419 2.280875 2.738232 2.447301 2.447301 2.447301 3.036212 2.578619 2.811097 2.860106 2.860106 2.540370 2.589929 2.724939 2.621659 2.776854 3.413026 2.358747 2.785945 2.823506 2.599727 3.178663 2.625527 2.447301 2.447301 2.407638 2.622837 2.620363 2.274847 2.860106 2.862069 2.424053 2.749522 2.926708 0.146477 2.706364 1.484972 3.729070 1.484972 2.706364 1.496890 2.562126 3.402659 2.447301 2.447301 2.462478 2.747657 2.015292 2.258707 2.622837 2.620363 2.568409 3.067137 3.044871 2.860106 2.281051 2.734815 2.914534 2.358747 2.512351 3.178663 2.856670 3.025982 1.888470 2.620363 2.447301 2.524250 3.433132 2.051931 2.141251 2.140917 2.620363 2.226074 2.752035 2.613805 0.860168 2.832970 0.860168 2.589929 3.729070 2.855806 2.602888 3.036035 