Releaseoutput64/ParameterPackage/11/TotalCarbon_40.asc
ncols  20
nrows  20
xllcorner  0
yllcorner  0
cellsize  30
NODATA_value  -9999
0.000000 0.000000 0.000000 0.000000 0.000000 0.000000 0.000000 0.000000 0.000000 0.000000 0.000000 0.000000 0.000000 0.000000 0.000000 0.000000 4.166797 4.166797 4.166797 0.000000 0.000000 0.000000 0.000000 0.000000 0.000000 0.000000 0.000000 0.000000 0.000000 0.000000 0.000000 0.000000 0.000000 0.000000 0.000000 0.000000 4.166797 4.166797 0.000000 0.000000 0.000000 0.000000 4.166797 4.166797 4.166797 0.000000 0.000000 0.000000 0.000000 0.000000 0.000000 0.000000 0.000000 4.166797 4.166797 4.166797 4.166797 4.166797 4.166797 4.166797 0.000000 4.166797 4.166797 4.166797 4.166797 4.166797 4.166797 4.166797 4.166797 4.166797 4.166797 4.166797 4.166797 4.166797 0.000000 0.000000 0.000000 0.000000 0.000000 0.000000 4.166797 4.166797 4.166797 4.166797 4.166797 4.166797 4.166797 4.166797 4.166797 4.166797 0.000000 0.000000 0.000000 0.000000 0.000000 0.000000 6.177493 7.257120 16.406141 9.306023 4.166797 4.166797 4.166797 4.166797 4.166797 4.166797 0.000000 0.000000 0.000000 0.000000 0.000000 0.000000 7.629959 16.406141 22.966300 10.602843 9.551301 0.000000 0.000000 27.517329 4.166797 0.000000 0.000000 0.000000 0.000000 0.000000 0.000000 0.000000 10.141716 0.000000 8.792066 12.427702 0.000000 12.130034 14.297083 3.890050 11.005384 8.332136 16.712140 8.046227 0.000000 0.000000 0.000000 0.000000 7.629959 7.629959 0.000000 7.510820 13.499203 9.530157 6.009317 11.202609 19.445937 15.902642 9.740432 0.000000 12.875368 12.633940 13.656121 10.365976 7.629959 0.926170 7.629959 7.629959 7.629959 14.112284 15.831736 3.890050 12.753870 12.504423 9.239115 12.027960 1.570192 12.591658 11.504739 10.505112 7.980307 14.191260 12.221198 13.997691 0.926170 0.926170 0.926170 7.629959 7.925577 16.090741 11.962154 18.800599 7.708456 9.306023 10.099687 13.451534 13.893891 0.000000 14.983584 14.257601 9.359378 25.355150 19.302680 15.097532 1.160241 0.926170 7.629959 16.090741 16.596127 15.312071 7.925577 10.785091 14.212885 15.084641 15.745391 12.632050 13.893891 13.758536 0.000000 13.997691 13.065477 10.505112 12.110424 13.700206 1.160241 7.629959 7.629959 13.900744 15.565953 15.537833 14.693443 11.116375 19.445937 31.264364 11.840127 23.171699 9.608868 13.893891 15.902642 16.036358 16.780547 19.813567 14.818672 11.705262 7.629959 7.629959 7.629959 7.951320 14.058987 13.091000 7.843025 7.677810 13.689313 13.888127 3.202662 14.424564 12.969907 13.893891 14.671893 16.314409 12.570984 11.817482 18.366253 11.738896 7.629959 7.629959 13.081641 14.058987 13.091000 14.457082 12.461276 7.813264 6.731862 6.899716 9.604603 13.821221 10.690991 5.861588 15.813551 7.956640 15.849759 14.260114 14.337167 14.440371 7.629959 7.629959 13.091000 15.169503 13.091000 7.895330 13.091000 6.824676 7.685590 11.705262 12.864164 1.671247 15.084641 5.196812 9.751131 16.118038 22.346866 10.365976 12.110424 16.769380 7.629959 7.629959 7.870105 13.091000 13.091000 7.906214 12.855879 15.537833 7.383215 0.327157 12.775544 16.769380 19.250342 9.169669 9.306023 16.769380 0.327157 12.755776 9.446277 13.001523 7.629959 7.629959 7.629959 7.946059 14.334725 14.812439 13.091000 13.091000 13.646862 12.414738 12.613199 13.333558 15.149364 18.967774 10.365976 13.651602 14.263630 13.030370 18.366253 13.261849 7.629959 7.629959 11.142843 12.758798 13.011520 9.170237 13.091000 15.312071 13.081641 15.075731 15.948242 0.327157 13.700206 7.956640 22.346866 7.956640 13.700206 7.383215 12.110424 19.290037 7.629959 7.629959 10.989012 15.628231 9.875852 10.905242 12.758798 13.011520 12.754170 7.951320 7.802354 13.091000 9.604603 13.846804 15.720183 10.365976 11.470962 18.366253 14.772929 17.299669 6.254331 13.011520 7.629959 13.242864 19.517786 9.437754 11.484805 10.213099 13.011520 8.934856 14.784319 11.887892 4.742195 13.924856 4.742195 12.414738 22.346866 16.084577 12.927556 17.399725 