Releaseoutput64/ParameterPackage/11/TotalCarbon_10.asc
ncols  20
nrows  20
xllcorner  0
yllcorner  0
cellsize  30
NODATA_value  -9999
0.000000 0.000000 0.000000 0.000000 0.000000 0.000000 0.000000 0.000000 0.000000 0.000000 0.000000 0.000000 0.000000 0.000000 0.000000 0.000000 4.166797 4.166797 4.166797 0.000000 0.000000 0.000000 0.000000 0.000000 0.000000 0.000000 0.000000 0.000000 0.000000 0.000000 0.000000 0.000000 0.000000 0.000000 0.000000 0.000000 4.166797 4.166797 0.000000 0.000000 0.000000 0.000000 4.166797 4.166797 4.166797 0.000000 0.000000 0.000000 0.000000 0.000000 0.000000 0.000000 0.000000 4.166797 4.166797 4.166797 4.166797 4.166797 4.166797 4.166797 0.000000 4.166797 4.166797 4.166797 4.166797 4.166797 4.166797 4.166797 4.166797 4.166797 4.166797 4.166797 4.166797 4.166797 0.000000 0.000000 0.000000 0.000000 0.000000 0.000000 4.166797 4.166797 4.166797 4.166797 4.166797 4.166797 4.166797 4.166797 4.166797 4.166797 0.000000 0.000000 0.000000 0.000000 0.000000 0.000000 6.177493 7.257120 8.966549 4.250323 4.166797 4.166797 4.166797 4.166797 4.166797 4.166797 0.000000 0.000000 0.000000 0.000000 0.000000 0.000000 7.629959 9.461406 16.773833 6.669039 9.031602 0.000000 0.000000 24.287495 4.166797 0.000000 0.000000 0.000000 0.000000 0.000000 0.000000 0.000000 6.975303 0.000000 5.865164 8.816154 0.000000 8.284385 8.973852 1.694791 6.670919 6.704419 9.216391 7.398114 0.000000 0.000000 0.000000 0.000000 7.629959 7.629959 0.000000 8.973852 7.953548 7.030570 2.361894 5.865164 11.260095 10.905914 7.540161 0.000000 7.866202 7.864899 7.140910 5.017113 7.629959 7.629959 7.629959 7.629959 7.629959 8.846258 8.374309 1.694791 7.021288 8.214581 9.192294 7.327948 1.570192 7.818225 7.398114 4.528014 3.089064 13.204135 8.140428 6.502791 7.629959 7.629959 7.629959 7.629959 3.221934 9.590855 6.546731 9.441509 3.513262 4.250323 6.366992 7.777350 7.621995 0.000000 13.987220 8.700940 6.778797 20.392057 13.756980 10.937176 0.445213 7.629959 7.629959 9.706691 11.149641 9.301102 3.221934 6.033463 9.441509 8.429456 7.390516 7.440273 7.621995 10.735164 0.000000 6.502791 8.711175 4.528014 5.652776 6.502791 0.445213 7.629959 7.629959 9.420012 9.209332 9.706691 9.558242 7.440914 11.260095 20.778892 7.574094 18.513088 9.143106 7.621995 11.436309 10.570829 11.259232 11.727371 11.390319 13.099724 7.629959 7.629959 7.629959 3.221934 9.604905 14.796980 3.221934 3.221934 8.744028 7.335497 1.098437 10.329798 7.713497 7.621995 8.771277 10.059462 9.179245 7.955448 10.220294 6.502791 7.629959 7.629959 9.604905 9.604905 14.811030 9.055406 9.558242 3.221934 3.221934 3.168840 5.017113 8.885675 8.721586 4.013001 10.689160 3.368530 10.776344 8.875673 11.608038 10.327803 7.629959 7.629959 14.811030 9.661585 14.811030 3.221934 14.811030 3.221934 3.221934 13.567863 8.474097 0.775570 7.352824 2.410581 10.922295 10.060971 13.756980 5.017113 5.652776 10.416977 7.629959 7.629959 3.221934 14.811030 14.811030 3.221934 9.055406 9.590855 3.834907 0.140228 8.185071 10.416977 10.497568 8.552810 4.250323 11.259232 0.140228 8.386657 5.652776 7.713370 7.629959 7.629959 7.629959 3.221934 9.690521 9.032150 14.811030 14.811030 9.604905 4.129328 8.342297 9.138767 9.689156 10.570829 5.017113 8.902778 10.205294 8.185071 11.833720 8.434629 7.629959 7.629959 6.984099 6.984099 6.984099 6.984099 14.811030 9.544191 9.604905 9.604905 9.604905 0.140228 6.502791 3.368530 13.756980 3.368530 6.502791 3.834907 5.652776 11.454381 7.629959 7.629959 6.984099 9.866639 6.925980 7.326661 6.984099 6.984099 6.984099 3.221934 3.221934 14.796980 5.017113 6.502791 10.011386 5.017113 7.655707 11.133352 10.554021 11.098672 1.893075 6.984099 7.629959 10.883641 11.132709 7.270333 7.418680 6.758088 6.984099 6.984099 9.590855 14.465225 2.904322 7.736539 2.904322 4.129328 13.756980 10.200857 6.603156 10.974985 