Releaseoutput64/ParameterPackage/11/TotalCarbon_0.asc
ncols  20
nrows  20
xllcorner  0
yllcorner  0
cellsize  30
NODATA_value  -9999
0.000000 0.000000 0.000000 0.000000 0.000000 0.000000 0.000000 0.000000 0.000000 0.000000 0.000000 0.000000 0.000000 0.000000 0.000000 0.000000 4.166797 4.166797 4.166797 0.000000 0.000000 0.000000 0.000000 0.000000 0.000000 0.000000 0.000000 0.000000 0.000000 0.000000 0.000000 0.000000 0.000000 0.000000 0.000000 0.000000 4.166797 4.166797 0.000000 0.000000 0.000000 0.000000 4.166797 4.166797 4.166797 0.000000 0.000000 0.000000 0.000000 0.000000 0.000000 0.000000 0.000000 4.166797 4.166797 4.166797 4.166797 4.166797 4.166797 4.166797 0.000000 4.166797 4.166797 4.166797 4.166797 4.166797 4.166797 4.166797 4.166797 4.166797 4.166797 4.166797 4.166797 4.166797 0.000000 0.000000 0.000000 0.000000 0.000000 0.000000 4.166797 4.166797 4.166797 4.166797 4.166797 4.166797 4.166797 4.166797 4.166797 4.166797 0.000000 0.000000 0.000000 0.000000 0.000000 0.000000 6.177493 7.257120 11.778660 3.067850 4.166797 4.166797 4.166797 4.166797 4.166797 4.166797 0.000000 0.000000 0.000000 0.000000 0.000000 0.000000 7.629959 9.024851 18.830144 7.841559 6.910647 0.000000 0.000000 28.974996 4.166797 0.000000 0.000000 0.000000 0.000000 0.000000 0.000000 0.000000 5.152723 0.000000 4.530073 6.060634 0.000000 6.348025 8.941362 1.189199 5.415027 5.152723 6.991930 7.362588 0.000000 0.000000 0.000000 0.000000 7.629959 7.629959 0.000000 8.941362 10.758218 5.005447 1.569238 4.530073 10.971394 13.245653 5.415027 0.000000 8.692267 5.024635 8.541614 2.744768 7.629959 7.629959 7.629959 7.629959 7.629959 8.499826 12.468938 1.189199 10.758218 8.693117 8.693117 5.415027 1.570192 4.596812 7.362588 3.183603 2.039907 19.419825 5.761714 4.594614 7.629959 7.629959 7.629959 7.629959 1.905430 6.871278 4.341047 6.316137 2.527991 3.067850 4.327313 11.778660 6.031634 0.000000 15.847696 8.499826 4.485797 24.252603 14.123197 8.257793 0.290636 7.629959 7.629959 6.871278 12.062763 6.871278 1.905430 4.485797 6.316137 8.692267 11.778660 8.439831 6.031634 11.550762 0.000000 4.594614 6.348025 3.183603 3.728672 4.594614 0.290636 7.629959 7.629959 6.871278 6.871278 6.871278 6.871278 5.005447 10.971394 24.252603 10.069028 23.085898 7.970989 6.031634 13.245653 9.812557 12.080276 12.080276 8.655204 13.711520 7.629959 7.629959 7.629959 1.905430 6.871278 11.688846 1.905430 1.905430 7.909381 8.439831 0.704450 7.970989 12.794254 6.031634 6.595390 12.495389 6.511060 5.737139 12.495389 4.594614 7.629959 7.629959 6.871278 6.871278 11.688846 6.871278 6.871278 1.905430 1.905430 2.291926 2.744768 8.693117 6.348025 2.874356 12.585822 2.327543 8.257793 6.721669 8.992496 10.189988 7.629959 7.629959 11.688846 6.871278 11.688846 1.905430 11.688846 1.905430 1.905430 13.711520 6.721669 0.566276 8.415801 1.754684 16.260569 10.065165 14.123197 2.744768 3.728672 12.080276 7.629959 7.629959 1.905430 11.688846 11.688846 1.905430 6.871278 6.871278 2.948593 0.097543 5.737139 12.080276 7.546245 6.910647 3.067850 12.080276 0.097543 5.737139 3.728672 4.659665 7.629959 7.629959 7.629959 1.905430 6.871278 6.871278 11.688846 11.688846 6.871278 1.973096 6.721669 11.705641 9.812557 9.812557 2.744768 7.251700 8.655204 5.737139 8.992496 6.721669 7.629959 7.629959 4.479835 4.479835 4.479835 4.479835 11.688846 6.871278 6.871278 6.871278 6.871278 0.097543 4.594614 2.327543 14.123197 2.327543 4.594614 2.948593 3.728672 9.696779 7.629959 7.629959 4.479835 11.004370 4.788993 8.013924 4.479835 4.479835 4.479835 1.905430 1.905430 11.688846 2.744768 4.594614 10.189988 2.744768 4.659665 12.495389 7.514314 8.766645 1.093233 4.479835 7.629959 16.501939 9.729985 10.550477 5.854046 6.633411 4.479835 4.479835 6.871278 11.688846 2.406216 4.659665 2.406216 1.973096 14.123197 11.004370 5.020726 11.149784 