Releaseoutput64/ParameterPackage/11/TotalBio_50.asc
ncols  20
nrows  20
xllcorner  0
yllcorner  0
cellsize  30
NODATA_value  -9999
0.000000 0.000000 0.000000 0.000000 0.000000 0.000000 0.000000 0.000000 0.000000 0.000000 0.000000 0.000000 0.000000 0.000000 0.000000 0.000000 8.333594 8.333594 8.333594 0.000000 0.000000 0.000000 0.000000 0.000000 0.000000 0.000000 0.000000 0.000000 0.000000 0.000000 0.000000 0.000000 0.000000 0.000000 0.000000 0.000000 8.333594 8.333594 0.000000 0.000000 0.000000 0.000000 8.333594 8.333594 8.333594 0.000000 0.000000 0.000000 0.000000 0.000000 0.000000 0.000000 0.000000 8.333594 8.333594 8.333594 8.333594 8.333594 8.333594 8.333594 0.000000 8.333594 8.333594 8.333594 8.333594 8.333594 8.333594 8.333594 8.333594 8.333594 8.333594 8.333594 8.333594 8.333594 0.000000 0.000000 0.000000 0.000000 0.000000 0.000000 8.333594 8.333594 8.333594 8.333594 8.333594 8.333594 8.333594 8.333594 8.333594 8.333594 0.000000 0.000000 0.000000 0.000000 0.000000 0.000000 12.354985 14.514240 34.114173 23.072812 8.333594 8.333594 8.333594 8.333594 8.333594 8.333594 0.000000 0.000000 0.000000 0.000000 0.000000 0.000000 15.259919 41.546089 57.220299 18.858357 23.972687 0.000000 0.000000 67.275906 8.333594 0.000000 0.000000 0.000000 0.000000 0.000000 0.000000 0.000000 23.038857 0.000000 21.113254 30.124925 0.000000 23.636854 28.418040 9.734876 25.675118 20.389965 42.182875 20.993854 0.000000 0.000000 0.000000 0.000000 15.259919 15.259919 0.000000 18.490378 29.727662 21.209039 15.381183 22.325894 38.606743 33.157270 22.607495 0.000000 31.068769 32.812281 31.260709 23.938457 15.259919 1.852341 15.259919 15.259919 15.259919 28.204959 39.512266 9.734876 24.598707 25.312726 23.285600 27.643475 3.140383 28.579826 30.169282 26.416185 20.504456 33.409853 27.250998 28.251112 1.852341 1.852341 1.852341 15.259919 18.075363 37.984771 21.029191 40.232981 19.108239 23.072812 23.283816 26.682258 33.038851 0.000000 33.124184 35.636875 20.698932 53.470574 47.416591 38.491582 2.981335 1.852341 15.259919 37.984771 40.556637 34.450741 17.852647 24.208835 35.846470 38.500685 40.023387 29.212771 11.060255 32.006728 0.000000 28.251112 25.939814 26.416185 26.135718 29.375556 2.981335 15.259919 15.259919 35.531641 34.450741 36.687801 33.344925 26.520999 38.606743 59.170192 25.939814 57.647490 23.391268 33.038851 34.654353 38.711339 34.268713 41.702258 36.885554 26.493112 15.259919 15.259919 15.259919 18.088188 30.550872 24.233524 17.914593 17.431740 32.030623 29.212771 8.515292 29.442530 29.727662 20.936296 33.647578 33.367404 28.843321 23.649757 38.394734 28.072127 15.259919 15.259919 33.881290 30.550872 24.233524 32.384207 26.600659 17.872154 14.807234 17.081156 22.005095 32.096745 21.521269 15.173621 40.732767 20.036253 38.580074 29.689451 35.666148 31.048650 15.259919 15.259919 24.233524 33.344925 24.233524 17.947085 24.233524 15.218954 17.433067 26.493112 29.288944 4.133797 38.500685 12.842370 24.774512 33.837880 55.053412 23.938457 26.527287 41.702258 15.259919 15.259919 18.018020 24.233524 24.233524 17.792153 32.737588 36.687801 17.765998 0.821643 28.606307 41.702258 48.056086 22.848620 23.072812 41.702258 0.821643 29.052645 21.413823 29.395520 15.259919 15.259919 15.259919 18.068343 36.687801 32.201223 24.233524 24.233524 34.438283 29.675460 26.648992 33.326628 35.579774 44.975671 23.938457 31.632802 31.377428 30.293793 38.394734 33.147624 15.259919 15.259919 25.969661 29.054688 29.778776 20.296223 24.233524 33.357382 33.881290 35.581985 36.687801 0.821643 30.004369 20.036253 55.053412 20.036253 29.375556 17.765998 26.527287 41.175582 15.259919 15.259919 24.183695 37.857087 21.249681 23.001662 29.054688 22.446266 29.475080 17.479711 17.479711 24.233524 22.005095 30.946339 34.894634 20.658917 27.147617 38.394734 30.163104 37.857087 13.868739 30.082472 15.259919 32.440467 49.323495 20.097227 28.224567 22.101112 30.082472 19.992528 33.344925 24.233524 10.950081 30.489335 10.950081 29.675460 55.053412 37.857087 31.197722 43.798859 