Releaseoutput64/ParameterPackage/11/TotalBA_30.asc
ncols  20
nrows  20
xllcorner  0
yllcorner  0
cellsize  30
NODATA_value  -9999
0.000000 0.000000 0.000000 0.000000 0.000000 0.000000 0.000000 0.000000 0.000000 0.000000 0.000000 0.000000 0.000000 0.000000 0.000000 0.000000 1.142146 1.142146 1.142146 0.000000 0.000000 0.000000 0.000000 0.000000 0.000000 0.000000 0.000000 0.000000 0.000000 0.000000 0.000000 0.000000 0.000000 0.000000 0.000000 0.000000 1.142146 1.142146 0.000000 0.000000 0.000000 0.000000 1.142146 1.142146 1.142146 0.000000 0.000000 0.000000 0.000000 0.000000 0.000000 0.000000 0.000000 1.142146 1.142146 1.142146 1.142146 1.142146 1.142146 1.142146 0.000000 1.142146 1.142146 1.142146 1.142146 1.142146 1.142146 1.142146 1.142146 1.142146 1.142146 1.142146 1.142146 1.142146 0.000000 0.000000 0.000000 0.000000 0.000000 0.000000 1.142146 1.142146 1.142146 1.142146 1.142146 1.142146 1.142146 1.142146 1.142146 1.142146 0.000000 0.000000 0.000000 0.000000 0.000000 0.000000 1.726070 1.951204 2.337816 1.422945 1.142146 1.142146 1.142146 1.142146 1.142146 1.142146 0.000000 0.000000 0.000000 0.000000 0.000000 0.000000 2.447301 2.337816 3.220054 1.898877 1.833551 0.000000 0.000000 4.496169 1.142146 0.000000 0.000000 0.000000 0.000000 0.000000 0.000000 0.000000 1.943743 0.000000 1.918590 2.167404 0.000000 1.853383 2.173982 0.584729 2.269094 1.850810 2.367975 1.982993 0.000000 0.000000 0.000000 0.000000 2.447301 2.447301 0.000000 2.309247 1.975610 1.908380 0.916501 1.918590 2.683313 2.679150 2.269094 0.000000 2.212957 1.837675 2.471196 2.254407 2.447301 0.318204 2.447301 2.447301 2.447301 2.253170 2.474790 0.584729 2.170153 2.247495 2.133456 2.201550 0.502655 2.435637 2.081501 1.578218 1.328305 2.012995 2.428667 2.278970 0.318204 0.318204 0.318204 2.447301 2.777030 2.817400 2.090160 2.679700 1.232093 1.422945 2.033062 2.337816 2.112093 0.000000 2.737603 2.226918 1.916097 3.520390 3.090699 2.598490 0.215042 0.318204 2.447301 2.390143 2.274827 2.530690 2.808839 2.058548 2.347869 2.164400 2.251108 2.095442 2.112093 2.538407 0.000000 2.420833 2.243883 1.578218 2.385922 2.307421 0.215042 2.447301 2.447301 2.068798 2.427666 2.742002 2.789577 1.879890 2.683313 4.357467 2.080520 3.240160 1.503075 2.112093 2.679150 2.878327 2.907780 2.776540 2.847284 2.111641 2.447301 2.447301 2.447301 2.808839 2.123540 3.538690 2.793995 2.810076 2.006535 2.284016 0.991428 2.066029 2.071291 2.112093 2.430984 2.806581 2.472748 2.430415 2.732420 2.420833 2.447301 2.447301 2.314745 2.123540 3.664354 2.626195 2.596114 2.799650 2.600532 1.108334 2.153719 2.299646 1.601034 1.530486 2.410878 1.203583 2.862698 2.587573 2.864916 2.694996 2.447301 2.447301 3.664354 2.249753 3.664354 2.808839 3.538690 2.812903 2.812903 2.111641 2.488514 0.296449 2.207774 0.923452 1.455068 2.591186 3.090699 2.188355 2.385922 2.775793 2.447301 2.447301 2.789047 3.664354 3.538690 2.808839 2.123540 2.742002 1.268929 0.119145 2.511801 2.752526 2.704754 1.912876 1.422945 2.752526 0.119145 2.492500 1.810245 2.497173 2.447301 2.447301 2.447301 2.799650 2.561046 2.440252 3.664354 3.664354 2.206458 2.395150 2.530455 2.650562 2.729730 2.915712 2.222991 2.579719 2.588299 2.564227 2.864916 2.542216 2.447301 2.447301 2.407344 2.414766 2.407344 1.954817 3.538690 2.349735 2.314745 2.845026 2.314745 0.119145 2.420833 1.203583 3.090699 1.203583 2.420833 1.268929 2.385922 2.746694 2.447301 2.447301 2.243392 2.640194 1.973725 2.224994 2.407344 2.407344 2.435618 2.808839 2.808839 3.664354 2.188355 2.332691 2.699158 2.254407 2.556471 2.590557 2.684216 2.804441 1.401779 2.407344 2.447301 2.212290 2.774655 1.858075 2.160238 2.003570 2.458414 2.300254 2.206458 3.483398 0.758734 2.511154 0.758734 2.395150 3.090699 2.724487 2.501748 2.591834 