Releaseoutput64/ParameterPackage/11/TotalCarbon_20.asc
ncols  20
nrows  20
xllcorner  0
yllcorner  0
cellsize  30
NODATA_value  -9999
0.000000 0.000000 0.000000 0.000000 0.000000 0.000000 0.000000 0.000000 0.000000 0.000000 0.000000 0.000000 0.000000 0.000000 0.000000 0.000000 4.166797 4.166797 4.166797 0.000000 0.000000 0.000000 0.000000 0.000000 0.000000 0.000000 0.000000 0.000000 0.000000 0.000000 0.000000 0.000000 0.000000 0.000000 0.000000 0.000000 4.166797 4.166797 0.000000 0.000000 0.000000 0.000000 4.166797 4.166797 4.166797 0.000000 0.000000 0.000000 0.000000 0.000000 0.000000 0.000000 0.000000 4.166797 4.166797 4.166797 4.166797 4.166797 4.166797 4.166797 0.000000 4.166797 4.166797 4.166797 4.166797 4.166797 4.166797 4.166797 4.166797 4.166797 4.166797 4.166797 4.166797 4.166797 0.000000 0.000000 0.000000 0.000000 0.000000 0.000000 4.166797 4.166797 4.166797 4.166797 4.166797 4.166797 4.166797 4.166797 4.166797 4.166797 0.000000 0.000000 0.000000 0.000000 0.000000 0.000000 6.177493 7.257120 10.685255 5.675284 4.166797 4.166797 4.166797 4.166797 4.166797 4.166797 0.000000 0.000000 0.000000 0.000000 0.000000 0.000000 7.629959 11.158435 15.199991 6.899689 9.560810 0.000000 0.000000 24.088089 4.166797 0.000000 0.000000 0.000000 0.000000 0.000000 0.000000 0.000000 8.312947 0.000000 7.415831 9.458583 0.000000 9.810780 10.822260 2.309377 8.274036 7.402294 10.457230 9.543852 0.000000 0.000000 0.000000 0.000000 7.629959 7.629959 0.000000 10.822260 10.345355 7.832247 3.357170 7.415831 12.130034 13.188977 8.854156 0.000000 8.670961 9.130729 10.059819 7.470568 7.629959 0.926170 7.629959 7.629959 7.629959 10.579504 11.549291 2.309377 9.616600 9.947615 11.161860 9.849505 1.570192 9.413970 8.415762 6.183131 4.416069 10.799301 9.880822 8.821357 0.926170 0.926170 0.926170 7.629959 5.099551 12.120444 8.102049 12.032753 4.697940 5.675284 8.088296 10.685255 9.455270 0.000000 11.821316 10.401758 8.400146 17.283339 13.843663 12.196060 0.639914 0.926170 7.629959 12.316783 12.228528 11.705969 5.099551 7.752578 10.776676 10.229491 10.434682 9.658603 9.455270 9.282113 0.000000 8.821357 9.845837 6.183131 8.046571 8.821357 0.639914 7.629959 7.629959 11.784673 11.546352 12.129828 11.583067 9.442126 12.568749 21.779632 9.617823 19.253906 10.845172 9.455270 12.345779 12.393812 12.844923 13.592366 11.806840 11.459807 7.629959 7.629959 7.629959 5.099551 11.476551 16.249256 5.099551 5.099551 10.545464 9.468424 1.636024 9.712636 9.879732 9.455270 11.063436 11.343976 10.577880 10.042693 13.370621 8.821357 7.629959 7.629959 12.158142 11.476551 16.286954 11.438852 11.136160 5.099551 5.099551 4.222708 6.926886 10.806537 10.165794 5.417166 12.766524 4.644511 12.494381 10.722216 12.996513 12.388060 7.629959 7.629959 16.286954 11.962866 16.286954 5.099551 15.978847 5.099551 5.099551 12.074545 10.239413 1.027848 9.800744 3.198120 7.898597 13.078245 15.638394 7.415272 8.046571 13.122968 7.629959 7.629959 5.099551 16.286954 16.286954 5.099551 11.410899 12.120444 4.865166 0.192361 9.689447 12.832919 11.504739 9.584006 5.675284 12.953150 0.192361 10.010795 7.948434 8.832072 7.629959 7.629959 7.629959 5.099551 12.361889 11.453803 16.286954 16.286954 11.907575 7.368469 9.969412 9.618712 12.527672 12.393812 7.470568 10.846949 11.648678 10.272470 12.293052 9.986113 7.629959 7.629959 9.472922 9.155051 9.539691 9.539691 16.286954 11.977618 12.158142 12.158142 12.113036 0.192361 8.821357 4.644511 13.843663 4.644511 8.821357 4.865166 7.948434 12.510235 7.629959 7.629959 9.539691 13.034515 7.991512 8.498655 9.539691 9.539691 9.497403 5.099551 5.099551 16.249256 7.470568 8.821357 12.556622 7.470568 8.832072 13.598138 11.314649 11.876377 3.000069 9.539691 7.629959 10.551535 12.525975 6.994114 8.507894 7.675633 9.539691 8.120096 11.869876 16.173319 3.458513 9.530795 3.458513 7.368469 13.843663 13.075376 9.459207 12.085738 