Releaseoutput64/ParameterPackage/11/TotalBio_10.asc
ncols  20
nrows  20
xllcorner  0
yllcorner  0
cellsize  30
NODATA_value  -9999
0.000000 0.000000 0.000000 0.000000 0.000000 0.000000 0.000000 0.000000 0.000000 0.000000 0.000000 0.000000 0.000000 0.000000 0.000000 0.000000 8.333594 8.333594 8.333594 0.000000 0.000000 0.000000 0.000000 0.000000 0.000000 0.000000 0.000000 0.000000 0.000000 0.000000 0.000000 0.000000 0.000000 0.000000 0.000000 0.000000 8.333594 8.333594 0.000000 0.000000 0.000000 0.000000 8.333594 8.333594 8.333594 0.000000 0.000000 0.000000 0.000000 0.000000 0.000000 0.000000 0.000000 8.333594 8.333594 8.333594 8.333594 8.333594 8.333594 8.333594 0.000000 8.333594 8.333594 8.333594 8.333594 8.333594 8.333594 8.333594 8.333594 8.333594 8.333594 8.333594 8.333594 8.333594 0.000000 0.000000 0.000000 0.000000 0.000000 0.000000 8.333594 8.333594 8.333594 8.333594 8.333594 8.333594 8.333594 8.333594 8.333594 8.333594 0.000000 0.000000 0.000000 0.000000 0.000000 0.000000 12.354985 14.514240 17.933099 8.500647 8.333594 8.333594 8.333594 8.333594 8.333594 8.333594 0.000000 0.000000 0.000000 0.000000 0.000000 0.000000 15.259919 18.922813 33.547666 13.338077 18.063203 0.000000 0.000000 48.574990 8.333594 0.000000 0.000000 0.000000 0.000000 0.000000 0.000000 0.000000 13.950605 0.000000 11.730329 17.632307 0.000000 16.568770 17.947705 3.389583 13.341838 13.408838 18.432783 14.796229 0.000000 0.000000 0.000000 0.000000 15.259919 15.259919 0.000000 17.947705 15.907097 14.061140 4.723788 11.730329 22.520191 21.811827 15.080322 0.000000 15.732404 15.729797 14.281819 10.034227 15.259919 15.259919 15.259919 15.259919 15.259919 17.692515 16.748617 3.389583 14.042575 16.429163 18.384588 14.655897 3.140383 15.636450 14.796229 9.056027 6.178128 26.408269 16.280855 13.005582 15.259919 15.259919 15.259919 15.259919 6.443868 19.181709 13.093463 18.883018 7.026523 8.500647 12.733984 15.554700 15.243989 0.000000 27.974440 17.401880 13.557594 40.784114 27.513960 21.874352 0.890426 15.259919 15.259919 19.413382 22.299281 18.602204 6.443868 12.066927 18.883018 16.858911 14.781031 14.880546 15.243989 21.470328 0.000000 13.005582 17.422351 9.056027 11.305551 13.005582 0.890426 15.259919 15.259919 18.840024 18.418665 19.413382 19.116483 14.881829 22.520191 41.557783 15.148188 37.026177 18.286211 15.243989 22.872618 21.141658 22.518465 23.454743 22.780639 26.199448 15.259919 15.259919 15.259919 6.443868 19.209810 29.593960 6.443868 6.443868 17.488056 14.670994 2.196875 20.659597 15.426994 15.243989 17.542554 20.118923 18.358489 15.910896 20.440588 13.005582 15.259919 15.259919 19.209810 19.209810 29.622060 18.110813 19.116483 6.443868 6.443868 6.337681 10.034227 17.771350 17.443171 8.026002 21.378320 6.737059 21.552687 17.751347 23.216075 20.655607 15.259919 15.259919 29.622060 19.323169 29.622060 6.443868 29.622060 6.443868 6.443868 27.135726 16.948194 1.551140 14.705647 4.821163 21.844590 20.121942 27.513960 10.034227 11.305551 20.833955 15.259919 15.259919 6.443868 29.622060 29.622060 6.443868 18.110813 19.181709 7.669814 0.280456 16.370141 20.833955 20.995136 17.105620 8.500647 22.518465 0.280456 16.773315 11.305551 15.426741 15.259919 15.259919 15.259919 6.443868 19.381041 18.064300 29.622060 29.622060 19.209810 8.258655 16.684594 18.277533 19.378312 21.141658 10.034227 17.805557 20.410588 16.370141 23.667439 16.869258 15.259919 15.259919 13.968198 13.968198 13.968198 13.968198 29.622060 19.088383 19.209810 19.209810 19.209810 0.280456 13.005582 6.737059 27.513960 6.737059 13.005582 7.669814 11.305551 22.908761 15.259919 15.259919 13.968198 19.733278 13.851959 14.653321 13.968198 13.968198 13.968198 6.443868 6.443868 29.593960 10.034227 13.005582 20.022772 10.034227 15.311415 22.266704 21.108041 22.197343 3.786149 13.968198 15.259919 21.767282 22.265419 14.540667 14.837360 13.516176 13.968198 13.968198 19.181709 28.930450 5.808644 15.473077 5.808644 8.258655 27.513960 20.401713 13.206312 21.949970 