Releaseoutput64/ParameterPackage/11/TotalBio_20.asc
ncols  20
nrows  20
xllcorner  0
yllcorner  0
cellsize  30
NODATA_value  -9999
0.000000 0.000000 0.000000 0.000000 0.000000 0.000000 0.000000 0.000000 0.000000 0.000000 0.000000 0.000000 0.000000 0.000000 0.000000 0.000000 8.333594 8.333594 8.333594 0.000000 0.000000 0.000000 0.000000 0.000000 0.000000 0.000000 0.000000 0.000000 0.000000 0.000000 0.000000 0.000000 0.000000 0.000000 0.000000 0.000000 8.333594 8.333594 0.000000 0.000000 0.000000 0.000000 8.333594 8.333594 8.333594 0.000000 0.000000 0.000000 0.000000 0.000000 0.000000 0.000000 0.000000 8.333594 8.333594 8.333594 8.333594 8.333594 8.333594 8.333594 0.000000 8.333594 8.333594 8.333594 8.333594 8.333594 8.333594 8.333594 8.333594 8.333594 8.333594 8.333594 8.333594 8.333594 0.000000 0.000000 0.000000 0.000000 0.000000 0.000000 8.333594 8.333594 8.333594 8.333594 8.333594 8.333594 8.333594 8.333594 8.333594 8.333594 0.000000 0.000000 0.000000 0.000000 0.000000 0.000000 12.354985 14.514240 21.370511 11.350568 8.333594 8.333594 8.333594 8.333594 8.333594 8.333594 0.000000 0.000000 0.000000 0.000000 0.000000 0.000000 15.259919 22.316869 30.399981 13.799377 19.121619 0.000000 0.000000 48.176178 8.333594 0.000000 0.000000 0.000000 0.000000 0.000000 0.000000 0.000000 16.625893 0.000000 14.831662 18.917166 0.000000 19.621560 21.644520 4.618754 16.548071 14.804588 20.914459 19.087703 0.000000 0.000000 0.000000 0.000000 15.259919 15.259919 0.000000 21.644520 20.690710 15.664495 6.714340 14.831662 24.260069 26.377954 17.708313 0.000000 17.341922 18.261458 20.119638 14.941136 15.259919 1.852341 15.259919 15.259919 15.259919 21.159008 23.098583 4.618754 19.233199 19.895229 22.323720 19.699010 3.140383 18.827941 16.831524 12.366262 8.832138 21.598602 19.761644 17.642714 1.852341 1.852341 1.852341 15.259919 10.199102 24.240887 16.204098 24.065506 9.395880 11.350568 16.176591 21.370511 18.910541 0.000000 23.642632 20.803517 16.800293 34.566677 27.687327 24.392121 1.279829 1.852341 15.259919 24.633566 24.457057 23.411938 10.199102 15.505155 21.553353 20.458982 20.869364 19.317205 18.910541 18.564226 0.000000 17.642714 19.691674 12.366262 16.093142 17.642714 1.279829 15.259919 15.259919 23.569347 23.092703 24.259656 23.166134 18.884252 25.137498 43.559264 19.235646 38.507812 21.690344 18.910541 24.691557 24.787624 25.689845 27.184732 23.613680 22.919615 15.259919 15.259919 15.259919 10.199102 22.953101 32.498511 10.199102 10.199102 21.090929 18.936848 3.272048 19.425273 19.759463 18.910541 22.126872 22.687953 21.155759 20.085385 26.741242 17.642714 15.259919 15.259919 24.316284 22.953101 32.573908 22.877704 22.272320 10.199102 10.199102 8.445417 13.853772 21.613075 20.331588 10.834332 25.533049 9.289021 24.988761 21.444432 25.993026 24.776121 15.259919 15.259919 32.573908 23.925731 32.573908 10.199102 31.957694 10.199102 10.199102 24.149090 20.478826 2.055697 19.601488 6.396241 15.797194 26.156491 31.276789 14.830544 16.093142 26.245937 15.259919 15.259919 10.199102 32.573908 32.573908 10.199102 22.821798 24.240887 9.730332 0.384723 19.378895 25.665838 23.009479 19.168012 11.350568 25.906300 0.384723 20.021590 15.896868 17.664143 15.259919 15.259919 15.259919 10.199102 24.723778 22.907607 32.573908 32.573908 23.815150 14.736938 19.938824 19.237423 25.055343 24.787624 14.941136 21.693898 23.297356 20.544941 24.586104 19.972226 15.259919 15.259919 18.945844 18.310103 19.079383 19.079383 32.573908 23.955237 24.316284 24.316284 24.226072 0.384723 17.642714 9.289021 27.687327 9.289021 17.642714 9.730332 15.896868 25.020469 15.259919 15.259919 19.079383 26.069030 15.983023 16.997310 19.079383 19.079383 18.994805 10.199102 10.199102 32.498511 14.941136 17.642714 25.113244 14.941136 17.664143 27.196277 22.629298 23.752754 6.000139 19.079383 15.259919 21.103071 25.051950 13.988227 17.015788 15.351267 19.079383 16.240192 23.739753 32.346639 6.917025 19.061590 6.917025 14.736938 27.687327 26.150752 18.918414 24.171476 